sheep 0.946199893951416 54 184 270 314
sheep 0.0016678273677825928 129 189 270 311
boat 0.0027148425579071045 467 133 499 142
horse 0.00257071852684021 405 144 430 225
boat 0.006193429231643677 356 109 429 124
person 0.0018103718757629395 490 181 500 339
horse 0.002115577459335327 469 130 499 333
person 0.0396362841129303 481 111 499 333
person 0.0022170841693878174 455 95 499 335
bicycle 0.0011694133281707764 405 141 431 226
boat 0.01186823844909668 371 111 455 124
boat 0.00831615924835205 370 111 427 124
