sofa 0.01949256658554077 440 265 499 374
sofa 0.008000344038009644 230 265 499 373
sofa 0.06804093718528748 379 265 499 373
pottedplant 0.010735392570495605 314 152 378 243
person 0.001972287893295288 463 163 499 375
sofa 0.0012447535991668701 462 197 499 372
pottedplant 0.001674354076385498 315 150 373 315
person 0.0014438629150390625 459 47 500 373
bottle 0.0010902583599090576 255 89 271 145
chair 0.003824770450592041 459 266 499 373
bottle 0.004416227340698242 210 122 222 147
pottedplant 0.0028897523880004883 314 115 388 224
pottedplant 0.008711427450180054 314 120 382 201
pottedplant 0.501953125 314 151 381 197
tvmonitor 0.005119770765304565 274 156 303 207
pottedplant 0.38121965527534485 351 156 380 196
pottedplant 0.012335866689682007 325 158 366 197
pottedplant 0.020646393299102783 309 152 357 231
sofa 0.02112632989883423 461 265 499 374
