boat 0.015663117170333862 126 168 247 199
boat 0.004538297653198242 78 169 247 214
train 0.018474966287612915 98 168 247 211
train 0.0011292099952697754 156 172 246 195
train 0.0022519826889038086 76 200 246 223
train 0.006538987159729004 78 169 247 223
train 0.0060506463050842285 79 167 312 223
boat 0.010571062564849854 46 167 308 212
train 0.1179770827293396 87 168 316 206
boat 0.0029812753200531006 106 170 175 194
person 0.001489490270614624 239 183 248 200
train 0.00421491265296936 250 180 304 202
boat 0.047247886657714844 131 171 173 188
person 0.0016228556632995605 186 170 199 188
bird 0.0013250410556793213 171 21 198 45
bird 0.012053072452545166 72 39 94 68
sheep 0.1883234679698944 176 483 204 499
sheep 0.0030280649662017822 88 488 128 500
sheep 0.007431507110595703 151 485 203 500
sheep 0.0022519826889038086 93 488 117 499
sheep 0.0034027397632598877 64 487 132 499
