diningtable 0.0014382600784301758 0 12 161 268
diningtable 0.016153186559677124 0 118 89 267
diningtable 0.04336750507354736 0 41 328 269
diningtable 0.004118025302886963 0 124 187 269
cat 0.027956068515777588 343 31 359 247
person 0.012971192598342896 343 78 359 246
dog 0.0076958537101745605 344 124 359 255
cat 0.02546730637550354 344 109 359 246
diningtable 0.0021573007106781006 148 2 359 255
diningtable 0.0015791356563568115 307 3 359 254
chair 0.0026832520961761475 0 15 75 267
chair 0.0028339028358459473 0 9 189 267
cat 0.8727844953536987 65 69 342 161
cat 0.00394555926322937 66 68 166 148
cat 0.003635883331298828 64 68 200 153
chair 0.01659417152404785 273 0 359 93
chair 0.0026520490646362305 272 0 359 143
diningtable 0.0017963051795959473 220 0 359 251
dog 0.0011248290538787842 343 171 359 246
person 0.0013406574726104736 343 166 359 246
