bus 0.9418665170669556 22 59 470 285
person 0.004364967346191406 187 142 217 188
person 0.0026110410690307617 470 159 485 180
car 0.0023506581783294678 18 119 30 129
person 0.004573792219161987 170 134 197 190
person 0.0015853047370910645 206 118 222 143
bus 0.005685538053512573 27 58 270 284
pottedplant 0.005554467439651489 0 241 7 287
bus 0.002018868923187256 192 61 469 278
bus 0.00812530517578125 471 159 486 179
car 0.010449320077896118 471 159 485 180
pottedplant 0.006823897361755371 0 252 5 287
pottedplant 0.002003192901611328 0 248 11 286
