train 0.0011741816997528076 2 168 163 216
pottedplant 0.002003192901611328 204 240 227 296
train 0.0011160969734191895 114 145 208 298
pottedplant 0.0010567307472229004 304 260 334 325
person 0.030906885862350464 142 234 157 250
person 0.007816284894943237 142 233 161 252
person 0.07290294766426086 144 235 157 248
person 0.0011424720287322998 184 228 205 254
person 0.0020505785942077637 185 230 205 248
train 0.8140530586242676 139 199 207 298
pottedplant 0.0011971890926361084 274 164 333 319
pottedplant 0.017243891954421997 113 203 127 216
