bird 0.0016228556632995605 382 26 500 328
bird 0.002779155969619751 448 28 499 326
pottedplant 0.01901298761367798 0 50 41 318
bird 0.0035935938358306885 0 21 179 326
bird 0.5399537086486816 0 56 383 282
pottedplant 0.0015010833740234375 0 40 181 327
pottedplant 0.0020666420459747314 0 82 132 328
bird 0.005159556865692139 0 80 27 307
bird 0.007402688264846802 0 31 27 268
bird 0.003537982702255249 0 15 72 226
bottle 0.0021827220916748047 0 285 23 330
pottedplant 0.007316946983337402 0 0 24 226
pottedplant 0.0017007291316986084 0 0 95 193
bird 0.0025115013122558594 62 55 385 219
pottedplant 0.0013044774532318115 0 151 14 330
pottedplant 0.011776894330978394 0 285 15 330
bird 0.002560734748840332 0 69 37 276
bird 0.00135117769241333 0 51 48 241
chair 0.0021321773529052734 0 0 108 153
pottedplant 0.0010817945003509521 0 286 14 317
chair 0.003884732723236084 0 0 107 101
bird 0.0029928982257843018 0 80 28 188
pottedplant 0.004416227340698242 0 0 21 89
pottedplant 0.0027042627334594727 0 0 106 77
bird 0.0011558830738067627 224 90 380 242
