person 0.08479490876197815 65 131 175 330
person 0.9498586654663086 63 74 262 373
bicycle 0.0015010833740234375 466 218 499 372
person 0.7225266695022583 474 154 499 344
person 0.9494852423667908 253 77 447 373
person 0.002011030912399292 315 114 448 373
person 0.0022344589233398438 99 152 114 176
person 0.00593411922454834 103 151 120 178
person 0.009089648723602295 437 166 458 231
person 0.002725452184677124 110 152 125 179
person 0.732591450214386 438 167 458 215
person 0.0018969178199768066 112 151 128 179
bottle 0.009054571390151978 447 348 494 369
person 0.002415567636489868 490 157 499 309
bicycle 0.012528061866760254 0 210 23 283
person 0.012528061866760254 31 172 43 194
person 0.0014215409755706787 98 152 175 192
person 0.0030045807361602783 479 235 499 342
person 0.12210246920585632 116 132 176 181
person 0.8006922006607056 242 140 294 196
person 0.005021452903747559 364 127 443 220
person 0.0016613304615020752 0 157 25 236
person 0.061874181032180786 85 132 177 197
person 0.8783152103424072 0 156 26 283
bottle 0.0046637654304504395 394 292 412 358
person 0.10374632477760315 75 153 118 285
bottle 0.0029466450214385986 394 298 414 372
bottle 0.00208282470703125 394 303 422 373
person 0.0011380314826965332 0 190 23 284
person 0.011030197143554688 472 206 486 254
train 0.0026008784770965576 463 46 499 363
person 0.0020505785942077637 492 146 499 287
person 0.004416227340698242 474 165 485 230
person 0.0011741816997528076 20 74 422 374
person 0.008156836032867432 476 154 499 244
bird 0.007816284894943237 447 348 495 369
person 0.001111745834350586 107 154 119 180
person 0.0015977323055267334 233 149 253 184
person 0.001264333724975586 487 188 499 348
bottle 0.0011879205703735352 395 319 419 373
person 0.7634811401367188 453 208 477 256
person 0.001028209924697876 42 159 67 283
person 0.0021573007106781006 58 155 120 302
person 0.001388639211654663 102 149 115 178
person 0.014558762311935425 30 172 46 200
person 0.7025298476219177 78 155 118 241
person 0.0016102492809295654 48 218 63 263
bicycle 0.002867281436920166 447 348 498 370
person 0.6893061399459839 363 127 449 283
car 0.0022084414958953857 123 132 174 169
person 0.0010083019733428955 454 208 474 236
person 0.8606008291244507 41 159 83 285
person 0.0022607743740081787 473 191 484 253
person 0.051269859075546265 78 131 179 254
person 0.022202253341674805 102 132 175 223
person 0.004792630672454834 110 132 182 203
