car 0.0011513829231262207 206 124 277 215
boat 0.002018868923187256 298 29 499 320
boat 0.0012943148612976074 434 69 499 326
boat 0.0011603832244873047 453 96 499 331
chair 0.0010322332382202148 373 145 409 192
person 0.0894579291343689 6 172 20 213
chair 0.00106087327003479 373 162 407 192
person 0.004102110862731934 0 138 10 217
bicycle 0.0024724602699279785 241 162 273 221
person 0.3998115658760071 219 106 263 190
bicycle 0.003884732723236084 228 170 272 221
person 0.0018969178199768066 462 247 479 262
person 0.0031976401805877686 461 246 486 265
person 0.005301922559738159 462 245 499 273
bicycle 0.0010988116264343262 337 179 371 197
person 0.027903079986572266 393 275 410 302
person 0.005911082029342651 462 250 488 282
person 0.02546730637550354 471 260 487 281
person 0.012674123048782349 473 258 494 282
person 0.29583969712257385 417 265 439 322
person 0.06954386830329895 488 249 499 279
person 0.42059946060180664 460 269 483 324
boat 0.0035796165466308594 52 49 499 199
boat 0.0011031031608581543 179 46 499 201
person 0.0010322332382202148 384 274 412 307
motorbike 0.005040973424911499 7 248 121 326
person 0.012576550245285034 392 275 414 308
person 0.04921990633010864 398 266 426 315
person 0.00916031002998352 402 264 417 284
person 0.4282335042953491 433 276 454 327
person 0.006413578987121582 405 264 420 283
boat 0.004133999347686768 266 0 500 121
person 0.005576103925704956 415 265 433 284
person 0.006145477294921875 455 272 465 324
boat 0.0012943148612976074 284 32 500 125
person 0.0028784871101379395 457 262 485 293
person 0.010209739208221436 462 260 488 286
person 0.04569396376609802 474 261 488 283
boat 0.002323359251022339 290 47 500 141
person 0.02245756983757019 439 271 459 326
pottedplant 0.0010485053062438965 386 245 407 263
pottedplant 0.0010004639625549316 461 246 488 262
person 0.0023875534534454346 470 247 499 276
person 0.004503071308135986 457 269 474 322
person 0.003416001796722412 373 142 384 165
person 0.03296089172363281 382 144 396 167
person 0.146574467420578 402 265 438 318
person 0.3923368453979492 486 252 499 329
person 0.23092201352119446 269 313 295 332
person 0.001680910587310791 0 99 5 189
person 0.1835937798023224 381 271 398 294
person 0.001964658498764038 0 139 11 283
bicycle 0.009054571390151978 230 142 273 215
person 0.001714080572128296 0 114 7 223
pottedplant 0.014282047748565674 280 -1 305 13
person 0.0024344027042388916 0 156 10 254
person 0.003765672445297241 490 281 499 332
person 0.0028118789196014404 397 153 415 177
bottle 0.00438198447227478 13 308 55 332
train 0.0015791356563568115 299 142 416 196
person 0.009054571390151978 399 265 415 298
person 0.00790780782699585 401 264 417 292
person 0.004297584295272827 405 264 423 296
person 0.006438493728637695 414 265 438 304
person 0.0030398666858673096 429 266 439 302
person 0.005729943513870239 0 89 9 252
person 0.0342307984828949 474 261 489 290
person 0.8519556522369385 115 153 182 201
person 0.0583474338054657 382 272 406 298
person 0.08122438192367554 360 315 377 332
person 0.010735392570495605 398 265 420 307
person 0.00394555926322937 445 271 460 323
person 0.025662213563919067 473 260 490 324
motorbike 0.014841258525848389 206 134 273 219
bicycle 0.0673007071018219 208 139 273 220
bicycle 0.00406983494758606 243 175 272 221
