sofa 0.0646505355834961 -1 15 330 498
chair 0.002415567636489868 107 21 333 482
chair 0.052229225635528564 3 219 322 499
chair 0.024421334266662598 14 139 289 499
person 0.2743517756462097 159 229 325 499
person 0.8261497020721436 12 143 248 500
person 0.4513263702392578 8 205 325 500
person 0.002560734748840332 3 283 251 499
chair 0.001335442066192627 109 393 298 499
person 0.026155948638916016 221 114 290 165
sofa 0.03240436315536499 61 82 331 277
sofa 0.005159556865692139 185 83 331 276
person 0.16398006677627563 36 7 318 499
bottle 0.0015366971492767334 117 401 217 470
person 0.0025409162044525146 283 175 332 214
person 0.5794005393981934 94 3 305 243
sofa 0.0030398666858673096 208 85 331 225
person 0.025662213563919067 35 414 192 485
person 0.019642621278762817 172 229 322 395
person 0.0050605833530426025 215 232 327 394
person 0.002415567636489868 219 113 327 212
chair 0.004231303930282593 223 82 332 212
person 0.03137829899787903 176 230 322 312
bottle 0.006797581911087036 35 423 137 485
person 0.017177879810333252 219 114 293 202
person 0.0010004639625549316 216 82 332 215
person 0.001477956771850586 225 115 271 150
person 0.01094403862953186 217 230 325 313
