person 0.001289278268814087 481 84 499 192
dog 0.0018245279788970947 491 129 499 208
horse 0.5983123779296875 271 125 294 149
dog 0.009746164083480835 485 128 499 164
person 0.012146621942520142 488 124 499 164
person 0.007518589496612549 229 142 254 171
person 0.010776817798614502 485 72 499 175
person 0.00952214002609253 223 147 241 176
person 0.03462067246437073 225 145 251 175
horse 0.08093324303627014 220 143 278 183
person 0.03384503722190857 484 105 499 177
cow 0.001367121934890747 0 104 19 141
dog 0.012971192598342896 223 144 248 180
person 0.010368883609771729 490 97 499 175
bird 0.0030045807361602783 0 271 18 326
person 0.004792630672454834 493 81 500 163
horse 0.026658833026885986 223 151 245 181
horse 0.045186132192611694 223 145 257 182
horse 0.13296425342559814 225 142 268 180
dog 0.18242335319519043 226 142 255 175
dog 0.8643088936805725 310 141 351 171
dog 0.5602525472640991 484 136 499 170
dog 0.17781168222427368 223 142 272 181
dog 0.002115577459335327 310 141 370 172
dog 0.0011603832244873047 471 133 499 171
dog 0.015906304121017456 484 130 499 185
dog 0.0030995309352874756 483 129 499 237
person 0.0011074244976043701 271 124 294 144
