bus 0.9145961999893188 87 86 498 204
car 0.8568100929260254 0 141 139 195
car 0.005261063575744629 0 133 13 155
car 0.0057077109813690186 0 132 9 187
car 0.0014837086200714111 0 136 17 163
bottle 0.026658833026885986 253 21 270 89
bottle 0.010860145092010498 267 23 281 92
car 0.02479657530784607 0 140 6 189
car 0.0014382600784301758 0 140 28 191
person 0.008950114250183105 0 152 5 191
person 0.0022873878479003906 0 129 6 153
person 0.004133999347686768 0 132 11 155
car 0.9213602542877197 399 148 499 212
car 0.016722261905670166 0 140 39 192
person 0.8947906494140625 28 109 68 213
car 0.10230165719985962 0 137 68 192
car 0.03760969638824463 0 151 5 191
car 0.0010988116264343262 0 139 16 193
