person 0.004364967346191406 98 197 370 373
person 0.8875916004180908 66 26 376 374
bird 0.5954927206039429 235 210 371 316
bird 0.01524651050567627 305 181 332 219
chair 0.02396056056022644 46 179 73 214
bird 0.0015010833740234375 338 157 418 189
chair 0.028870850801467896 44 180 75 224
bird 0.0018969178199768066 294 193 326 220
bird 0.006097882986068726 360 179 412 239
bird 0.04385673999786377 295 181 323 219
bird 0.012006610631942749 304 181 349 219
bird 0.740175724029541 174 226 230 373
bird 0.7534657716751099 232 206 334 316
bird 0.0024344027042388916 290 209 346 254
bird 0.003751039505004883 298 216 349 255
chair 0.002693742513656616 0 185 49 361
bird 0.004848897457122803 302 181 347 233
bird 0.001674354076385498 302 181 360 242
bird 0.0024628937244415283 168 225 207 263
bird 0.02779737114906311 317 227 349 256
bird 0.023598521947860718 166 226 305 375
bird 0.004538297653198242 232 222 296 363
bird 0.001964658498764038 245 192 335 279
bird 0.04501798748970032 315 227 353 277
bird 0.0013147294521331787 332 162 362 187
bird 0.0018103718757629395 351 159 424 278
chair 0.0064885616302490234 61 180 78 206
bird 0.01196029782295227 304 180 324 207
bird 0.015013545751571655 167 225 206 307
bird 0.9407899379730225 303 183 407 283
boat 0.0028897523880004883 316 249 362 276
bird 0.0015366971492767334 329 160 424 227
bird 0.04689863324165344 350 154 424 200
bird 0.001495271921157837 176 229 227 312
bird 0.006771385669708252 315 243 360 277
bird 0.010249316692352295 292 187 345 247
person 0.0032476186752319336 332 170 351 188
pottedplant 0.0010567307472229004 0 150 41 198
bird 0.0011648833751678467 302 181 375 229
bird 0.057074129581451416 302 181 391 249
bird 0.24871692061424255 350 155 423 238
