pottedplant 0.005426615476608276 107 39 463 366
diningtable 0.13161826133728027 93 112 498 373
pottedplant 0.9053233861923218 113 2 351 360
pottedplant 0.0014722347259521484 118 -70 320 -14
pottedplant 0.0017963051795959473 8 -114 462 22
pottedplant 0.0022696256637573242 4 -139 494 185
pottedplant 0.003537982702255249 0 3 173 321
pottedplant 0.01894029974937439 1 2 257 338
pottedplant 0.0026008784770965576 104 1 305 241
pottedplant 0.0017823278903961182 0 18 106 348
pottedplant 0.00106087327003479 0 1 151 202
