person 0.006097882986068726 0 68 78 340
diningtable 0.02112632989883423 47 110 487 371
chair 0.031616777181625366 166 84 499 373
tvmonitor 0.8714772462844849 3 131 139 259
person 0.8929362297058105 97 18 486 373
chair 0.005597800016403198 69 148 487 374
chair 0.029369741678237915 404 120 499 373
chair 0.02021569013595581 446 115 499 374
chair 0.003899872303009033 333 65 499 373
person 0.0022785067558288574 0 15 21 194
bottle 0.6076631546020508 173 80 192 148
person 0.010652929544448853 0 -14 22 263
person 0.0029928982257843018 0 -11 58 256
bottle 0.0012742578983306885 58 116 71 139
person 0.0022519826889038086 0 63 60 237
chair 0.008846968412399292 0 111 63 234
tvmonitor 0.01048976182937622 193 89 329 200
chair 0.022372186183929443 466 159 499 377
tvmonitor 0.001489490270614624 253 79 311 159
diningtable 0.0010444223880767822 0 246 130 372
person 0.0012943148612976074 464 155 499 373
bottle 0.007755845785140991 159 77 183 131
bottle 0.005729943513870239 92 322 110 352
person 0.003298431634902954 0 113 64 247
person 0.0012350976467132568 270 182 358 237
bottle 0.004022836685180664 56 116 73 146
tvmonitor 0.0012207329273223877 0 210 41 304
person 0.12808570265769958 0 7 100 246
diningtable 0.0015307366847991943 2 91 397 301
diningtable 0.0013096034526824951 97 88 347 321
pottedplant 0.8519556522369385 67 0 227 157
person 0.8852325081825256 0 6 102 139
pottedplant 0.011244326829910278 200 40 228 81
chair 0.0020346641540527344 0 277 12 373
chair 0.002140522003173828 0 277 21 373
chair 0.0011248290538787842 0 294 30 373
person 0.85584956407547 230 24 319 133
pottedplant 0.010571062564849854 80 0 170 157
chair 0.0018459856510162354 0 260 15 373
tvmonitor 0.0011603832244873047 0 120 12 241
tvmonitor 0.0023690462112426758 0 126 25 240
pottedplant 0.0018245279788970947 178 29 229 81
pottedplant 0.0030995309352874756 163 0 229 82
tvmonitor 0.0022785067558288574 470 153 499 294
diningtable 0.0010945498943328857 122 171 307 264
person 0.012821823358535767 467 65 499 324
