pottedplant 0.003389507532119751 225 193 243 213
bus 0.0010567307472229004 433 151 461 250
car 0.012971192598342896 199 211 211 224
car 0.0607527494430542 0 227 22 249
car 0.08787891268730164 0 228 26 253
car 0.00803142786026001 0 227 53 242
car 0.0025310516357421875 26 227 58 244
car 0.0011971890926361084 0 240 19 275
pottedplant 0.003751039505004883 226 191 248 215
person 0.007547855377197266 494 213 500 265
car 0.005021452903747559 0 233 21 270
car 0.005532950162887573 18 235 47 262
car 0.0463789701461792 30 233 64 258
car 0.6654106378555298 31 232 80 265
pottedplant 0.003063589334487915 266 231 297 251
bus 0.0013995170593261719 0 197 20 244
car 0.002641737461090088 169 214 184 228
car 0.0024824440479278564 188 219 213 237
car 0.004573792219161987 191 222 231 243
car 0.0026008784770965576 211 223 243 238
pottedplant 0.0012447535991668701 296 220 326 234
car 0.8311417698860168 99 221 141 250
person 0.008576959371566772 491 217 499 258
car 0.8816165924072266 0 240 45 277
person 0.0019494593143463135 488 220 499 246
person 0.05203595757484436 494 220 499 246
car 0.09876999258995056 0 228 31 241
car 0.006771385669708252 32 228 72 245
car 0.14608708024024963 63 224 92 238
car 0.0015791356563568115 191 223 217 243
bicycle 0.004485577344894409 190 221 246 242
bus 0.3849121034145355 421 137 464 257
car 0.0015729963779449463 149 215 177 226
car 0.03817746043205261 177 216 193 228
car 0.37754106521606445 159 217 178 228
car 0.5583268404006958 181 215 202 229
car 0.013585120439529419 193 214 209 227
person 0.0011336207389831543 492 203 500 245
bus 0.001455157995223999 0 216 23 244
car 0.21866926550865173 24 224 56 238
car 0.00834837555885315 50 223 68 237
car 0.0010902583599090576 121 221 142 238
