pottedplant 0.0013459324836730957 -157 2 -2 496
horse 0.7185944318771362 1 4 357 499
train 0.0011031031608581543 226 0 358 73
bicycle 0.006903529167175293 116 136 167 208
motorbike 0.0025310516357421875 114 117 165 200
bicycle 0.0013302266597747803 254 326 295 358
person 0.018056362867355347 90 9 133 87
bottle 0.0015729963779449463 115 121 156 159
train 0.0015010833740234375 200 0 355 21
car 0.10781356692314148 114 117 165 197
train 0.0014837086200714111 37 0 357 22
train 0.0022519826889038086 29 0 358 108
bicycle 0.5078119039535522 224 313 300 413
motorbike 0.003621727228164673 115 118 153 159
person 0.6876306533813477 220 250 294 356
person 0.007547855377197266 115 128 159 161
bicycle 0.001040339469909668 225 327 294 360
bicycle 0.0025409162044525146 240 326 294 374
bicycle 0.0024824440479278564 254 325 296 385
person 0.2043420374393463 114 117 165 200
bicycle 0.06681138277053833 126 181 167 207
bicycle 0.031616777181625366 120 148 162 205
person 0.00443345308303833 114 117 155 159
person 0.00916031002998352 115 142 160 191
person 0.004905790090560913 91 25 130 77
motorbike 0.0116862952709198 117 148 161 198
person 0.004450768232345581 95 39 129 80
bicycle 0.0024438798427581787 223 282 248 350
bicycle 0.029536426067352295 125 182 169 223
