boat 0.935112714767456 21 0 324 308
boat 0.0010485053062438965 33 65 313 264
boat 0.001178741455078125 -13 322 141 426
boat 0.004830062389373779 3 326 199 430
boat 0.0022519826889038086 17 325 333 430
person 0.0017073750495910645 188 93 230 180
person 0.0021742284297943115 113 116 139 155
boat 0.0020585954189300537 -25 -154 139 -1
boat 0.0016419589519500732 -7 -156 218 0
boat 0.011072665452957153 15 -166 469 0
person 0.2821960747241974 176 69 296 229
person 0.001455157995223999 477 192 499 324
boat 0.08479490876197815 34 0 475 267
boat 0.002935171127319336 41 0 300 232
person 0.10520932078361511 209 70 297 178
boat 0.002314329147338867 479 131 499 283
person 0.00874510407447815 478 125 499 286
bird 0.0177803635597229 478 206 499 276
person 0.009485304355621338 112 44 239 214
person 0.10856792330741882 159 74 238 216
