sofa 0.003063589334487915 30 185 395 264
sofa 0.07396480441093445 29 75 395 265
pottedplant 0.008413106203079224 31 19 69 213
chair 0.03021344542503357 36 90 399 264
cat 0.6697443127632141 132 155 373 220
cat 0.03296089172363281 30 17 69 184
cat 0.0010567307472229004 231 153 374 220
cat 0.00369301438331604 8 19 68 215
pottedplant 0.0011971890926361084 8 18 67 225
chair 0.05051475763320923 40 14 393 212
sofa 0.2011846899986267 24 36 398 230
chair 0.003222525119781494 51 113 86 208
tvmonitor 0.0013564825057983398 0 17 13 123
