car 0.9681429862976074 200 77 437 258
car 0.0010162293910980225 200 159 398 259
car 0.0025212466716766357 280 68 497 117
car 0.06210097670555115 444 66 499 104
car 0.457136869430542 467 63 499 101
car 0.0013778507709503174 470 76 494 109
car 0.023419708013534546 480 76 499 100
car 0.0027148425579071045 344 69 496 120
car 0.5851011872291565 416 68 494 119
car 0.0016548335552215576 475 74 497 116
car 0.003824770450592041 488 73 499 116
car 0.0019419193267822266 449 77 495 109
car 0.0023052990436553955 423 63 503 91
car 0.1347770094871521 447 63 500 94
car 0.03197786211967468 430 62 500 102
