car 0.001335442066192627 155 92 292 153
person 0.2005576193332672 439 45 499 184
person 0.00394555926322937 459 50 499 198
person 0.005468875169754028 409 62 500 164
person 0.0012065470218658447 439 65 483 163
person 0.00118333101272583 445 63 493 163
motorbike 0.0011694133281707764 408 60 499 124
bus 0.0016102492809295654 2 11 76 104
bus 0.001489490270614624 4 11 108 99
car 0.007011294364929199 0 31 66 248
person 0.004944056272506714 492 44 499 80
car 0.9348751306533813 -2 4 454 310
person 0.005426615476608276 298 45 314 60
car 0.04146131873130798 109 22 245 101
car 0.0015307366847991943 107 20 379 108
car 0.001432657241821289 383 112 426 157
car 0.00536385178565979 0 65 14 97
person 0.847464919090271 11 17 67 188
car 0.0012399256229400635 436 54 499 187
person 0.43590131402015686 446 45 499 114
car 0.001388639211654663 0 61 14 114
person 0.006193429231643677 484 49 500 115
car 0.0014215409755706787 55 61 88 89
car 0.0034696757793426514 108 58 154 102
person 0.8278263807296753 140 35 174 132
person 0.6706076860427856 170 40 202 117
person 0.07585501670837402 462 45 499 89
car 0.001964658498764038 112 58 169 105
person 0.0032476186752319336 275 43 317 95
car 0.7592233419418335 67 59 122 99
car 0.0028897523880004883 109 48 165 102
bicycle 0.0010485053062438965 160 101 183 128
motorbike 0.014282047748565674 406 64 459 118
bicycle 0.0013147294521331787 408 75 470 121
bicycle 0.0013406574726104736 430 76 469 123
person 0.0028118789196014404 489 61 499 115
car 0.002341538667678833 405 71 467 120
person 0.002958148717880249 446 68 499 133
person 0.005447685718536377 291 46 315 66
motorbike 0.0014438629150390625 446 72 499 121
person 0.0011879205703735352 474 74 499 115
person 0.00284498929977417 492 75 499 115
person 0.009936809539794922 475 45 499 79
person 0.009054571390151978 486 45 499 81
car 0.0010860264301300049 143 25 241 109
person 0.00386965274810791 288 45 322 100
