train 0.18184199929237366 466 48 499 301
person 0.0010650157928466797 126 132 151 162
pottedplant 0.002790004014968872 338 179 356 191
train 0.004556000232696533 57 126 104 191
person 0.0028561055660247803 493 137 499 204
train 0.00118333101272583 341 164 353 190
person 0.002935171127319336 397 150 412 193
person 0.0027148425579071045 156 135 178 161
boat 0.0017684698104858398 266 247 317 271
person 0.0021742284297943115 399 154 417 195
person 0.0019266009330749512 406 154 422 196
train 0.9319590330123901 104 53 348 236
person 0.001680910587310791 58 143 70 190
person 0.004609555006027222 411 189 435 220
person 0.0010567307472229004 468 154 500 280
person 0.0020666420459747314 484 177 499 295
person 0.0012350976467132568 416 157 429 184
chair 0.0010162293910980225 474 205 499 300
train 0.001674354076385498 343 164 352 184
person 0.05686435103416443 410 158 440 220
person 0.006589770317077637 470 194 499 297
pottedplant 0.0017007291316986084 397 151 411 189
