train 0.0021912753582000732 0 96 97 276
pottedplant 0.0013724565505981445 210 188 237 204
car 0.0030995309352874756 306 155 328 165
train 0.0018245279788970947 1 139 78 202
train 0.030442774295806885 0 116 95 202
bus 0.001554727554321289 271 164 286 192
train 0.004556000232696533 0 55 95 208
bus 0.0010322332382202148 203 118 273 198
person 0.8198937177658081 335 121 365 226
train 0.0026008784770965576 0 113 181 206
train 0.0014215409755706787 0 119 44 202
train 0.001111745834350586 0 111 280 208
bus 0.8836368322372437 89 108 272 207
train 0.00135117769241333 0 143 42 201
car 0.001674354076385498 377 163 424 191
bus 0.01342916488647461 286 160 340 193
bus 0.0021073520183563232 286 171 335 193
bus 0.0011160969734191895 182 126 269 158
bus 0.0012065470218658447 205 125 267 178
