sofa 0.791820764541626 15 98 472 285
person 0.004331141710281372 275 106 471 319
chair 0.01764485239982605 246 97 475 320
sofa 0.001225501298904419 0 287 263 373
chair 0.0010902583599090576 326 295 499 374
chair 0.006388753652572632 328 223 499 373
person 0.05070251226425171 281 111 471 210
tvmonitor 0.011374980211257935 0 100 16 158
tvmonitor 0.00517958402633667 0 100 40 158
person 0.0015791356563568115 0 177 11 308
chair 0.11961567401885986 469 152 499 356
chair 0.0022431910037994385 478 250 500 362
chair 0.0016419589519500732 85 286 181 361
chair 0.0075772106647491455 0 157 13 304
chair 0.03919273614883423 277 108 469 224
chair 0.0012994110584259033 0 211 12 304
chair 0.0025310516357421875 0 218 22 302
cat 0.01507142186164856 245 176 275 209
chair 0.002003192901611328 0 312 59 373
chair 0.0015791356563568115 0 347 59 373
chair 0.0010241866111755371 0 99 15 158
person 0.0025508105754852295 277 142 467 246
person 0.001560807228088379 478 69 499 350
person 0.04707297682762146 294 142 470 208
