person 0.0028897523880004883 457 169 466 192
person 0.005774706602096558 459 164 467 193
person 0.009898394346237183 34 166 84 205
person 0.018194735050201416 49 167 89 206
person 0.001489490270614624 459 169 468 195
person 0.004982620477676392 0 146 18 233
person 0.003222525119781494 25 162 52 218
person 0.007547855377197266 30 164 56 222
person 0.005468875169754028 63 167 87 207
bus 0.001264333724975586 0 98 66 183
person 0.6601731777191162 30 164 85 234
person 0.003324180841445923 38 148 53 170
person 0.02931046485900879 41 148 51 170
person 0.00321003794670105 45 147 59 169
bus 0.9383517503738403 58 21 472 218
person 0.0015426874160766602 0 135 8 193
dog 0.02748247981071472 51 206 89 238
person 0.0028118789196014404 0 148 23 246
chair 0.0016874969005584717 0 159 27 241
person 0.0033632218837738037 63 174 82 209
person 0.005490154027938843 0 157 6 185
person 0.0012159943580627441 30 164 47 185
person 0.0010241866111755371 37 155 52 186
chair 0.3575683832168579 0 187 23 283
person 0.06560257077217102 54 189 95 238
dog 0.03919273614883423 54 195 96 238
person 0.0012018680572509766 30 164 48 212
person 0.015364378690719604 62 166 93 200
person 0.791820764541626 0 136 32 214
person 0.006719321012496948 0 143 6 191
person 0.002406179904937744 35 148 51 173
diningtable 0.004700213670730591 0 176 24 247
person 0.0011879205703735352 62 178 94 227
person 0.00517958402633667 46 171 83 239
