chair 0.0012065470218658447 0 205 292 499
chair 0.0011603832244873047 -1 292 287 500
chair 0.0010902583599090576 20 354 314 499
person 0.909582793712616 28 62 308 500
chair 0.0010817945003509521 -1 376 272 499
car 0.0035935938358306885 38 150 112 194
chair 0.003063589334487915 0 464 199 499
car 0.0026110410690307617 15 153 117 217
chair 0.0013564825057983398 261 448 332 499
chair 0.0021321773529052734 291 366 332 468
bottle 0.0010162293910980225 282 304 324 398
bottle 0.05300912261009216 274 302 301 390
chair 0.0015729963779449463 230 328 331 469
chair 0.0027148425579071045 283 334 331 483
bottle 0.06142312288284302 250 306 307 415
chair 0.006388753652572632 0 386 55 499
chair 0.021370261907577515 220 362 306 494
chair 0.23864129185676575 268 366 332 499
chair 0.001477956771850586 0 388 41 437
bottle 0.07107675075531006 274 304 301 348
car 0.0015366971492767334 38 186 109 216
bottle 0.004811316728591919 231 290 264 380
bottle 0.0027360916137695312 240 226 304 421
chair 0.0022170841693878174 0 463 65 499
bottle 0.001388639211654663 224 348 308 491
bottle 0.004247784614562988 239 291 264 372
