cat 0.023066431283950806 134 70 312 364
sofa 0.0015668869018554688 3 423 298 500
sofa 0.00391504168510437 2 54 358 496
person 0.003678649663925171 30 56 359 493
person 0.0016874969005584717 125 59 364 487
sofa 0.0011336207389831543 5 379 284 499
bottle 0.0010988116264343262 4 224 16 240
cat 0.0022963285446166992 198 417 240 456
tvmonitor 0.07779598236083984 21 50 255 117
tvmonitor 0.00517958402633667 94 0 374 234
chair 0.001225501298904419 193 427 335 500
tvmonitor 0.0017823278903961182 -167 2 0 497
tvmonitor 0.017848461866378784 0 123 204 497
cat 0.029704153537750244 83 65 314 476
tvmonitor 0.010530352592468262 212 0 375 231
cat 0.7683833837509155 93 71 314 267
tvmonitor 0.0012692809104919434 217 0 361 8
