bicycle 0.9049888253211975 159 179 395 356
person 0.9355853796005249 246 68 354 355
car 0.1980639398097992 42 88 82 101
pottedplant 0.006097882986068726 180 31 199 75
pottedplant 0.008950114250183105 183 28 203 75
pottedplant 0.01069408655166626 185 29 211 75
pottedplant 0.0016355812549591064 200 44 218 75
car 0.012099772691726685 42 91 58 101
car 0.031259775161743164 42 89 71 101
chair 0.00257071852684021 147 23 189 82
pottedplant 0.006438493728637695 183 54 198 76
pottedplant 0.003930270671844482 197 51 211 75
