person 0.9133665561676025 91 352 182 499
person 0.0011603832244873047 258 375 271 400
car 0.0020991265773773193 88 382 118 399
bicycle 0.005159556865692139 89 476 188 500
bicycle 0.002901047468185425 90 467 197 499
bicycle 0.0010860264301300049 46 464 220 499
car 0.0010162293910980225 52 380 82 396
person 0.061874181032180786 253 376 264 396
motorbike 0.012528061866760254 187 385 207 405
car 0.0021827220916748047 222 380 230 404
person 0.3522022068500519 299 377 314 409
motorbike 0.0022963285446166992 168 383 205 406
boat 0.001289278268814087 264 0 373 431
motorbike 0.006692379713058472 187 382 216 406
person 0.08540382981300354 253 376 264 411
car 0.0010241866111755371 274 382 286 396
person 0.08064311742782593 264 374 272 395
car 0.004102110862731934 173 367 197 384
bus 0.004556000232696533 173 367 197 384
bicycle 0.037750810384750366 295 390 313 410
person 0.0022873878479003906 335 0 359 10
tvmonitor 0.0011971890926361084 336 0 374 10
tvmonitor 0.0014104843139648438 353 101 374 142
bicycle 0.0014837086200714111 75 481 207 500
person 0.0017963051795959473 335 0 371 10
pottedplant 0.0396362841129303 0 385 30 406
bicycle 0.020176976919174194 165 385 203 407
bicycle 0.015906304121017456 186 389 206 406
car 0.045864373445510864 202 381 228 405
car 0.004331141710281372 212 382 229 405
bicycle 0.0028228759765625 68 486 220 499
