diningtable 0.7704628705978394 130 181 396 331
chair 0.8428651094436646 270 223 381 331
chair 0.004022836685180664 248 177 407 321
bottle 0.0012112557888031006 367 119 389 162
bottle 0.0012544989585876465 466 0 499 125
cat 0.0020666420459747314 367 120 390 162
chair 0.003607630729675293 251 161 294 204
tvmonitor 0.0033763349056243896 0 68 24 163
tvmonitor 0.011731505393981934 0 72 16 163
chair 0.0012065470218658447 153 178 192 197
tvmonitor 0.004133999347686768 118 42 154 89
bottle 0.11676490306854248 137 137 158 176
tvmonitor 0.004182338714599609 0 94 14 165
chair 0.006640911102294922 283 171 398 331
chair 0.11919951438903809 116 207 150 329
chair 0.85584956407547 135 212 238 332
tvmonitor 0.007518589496612549 0 149 24 181
tvmonitor 0.004982620477676392 0 152 26 194
chair 0.0067453086376190186 360 241 408 330
bottle 0.0020666420459747314 367 85 378 131
tvmonitor 0.003160238265991211 0 137 15 165
chair 0.00208282470703125 355 215 408 328
chair 0.012576550245285034 285 168 342 219
chair 0.009267330169677734 141 94 295 320
chair 0.00443345308303833 186 93 293 271
bottle 0.0099753737449646 481 87 497 117
bottle 0.029089927673339844 494 86 500 118
bottle 0.0013778507709503174 416 143 435 160
bottle 0.0021238625049591064 396 122 413 160
tvmonitor 0.014336913824081421 478 115 499 156
tvmonitor 0.0046637654304504395 0 150 26 214
chair 0.0042809247970581055 113 151 148 311
chair 0.00257071852684021 285 171 393 240
tvmonitor 0.0035796165466308594 0 152 27 239
chair 0.001178741455078125 295 299 369 331
tvmonitor 0.005619615316390991 0 148 18 172
chair 0.0050605833530426025 189 85 296 204
bottle 0.003222525119781494 367 87 379 145
