chair 0.0012112557888031006 362 213 499 375
pottedplant 0.13386806845664978 0 88 21 269
pottedplant 0.009633511304855347 188 91 277 317
pottedplant 0.006850332021713257 2 98 79 279
pottedplant 0.0012842416763305664 7 98 161 287
chair 0.0022084414958953857 224 251 392 374
chair 0.004830062389373779 226 255 497 374
chair 0.005554467439651489 363 293 499 375
chair 0.002003192901611328 196 105 283 357
pottedplant 0.007065832614898682 0 104 24 344
chair 0.8991247415542603 306 99 469 326
chair 0.0017547309398651123 361 104 499 374
pottedplant 0.004556000232696533 138 34 193 64
pottedplant 0.004886746406555176 119 188 155 244
pottedplant 0.0019419193267822266 120 156 168 254
chair 0.003235042095184326 488 76 500 236
chair 0.009089648723602295 401 92 466 197
pottedplant 0.05770769715309143 63 72 118 220
pottedplant 0.0013044774532318115 38 75 103 167
chair 0.013021320104598999 400 92 468 284
pottedplant 0.023688465356826782 0 129 23 210
pottedplant 0.012193650007247925 63 128 94 197
pottedplant 0.006538987159729004 61 129 117 199
pottedplant 0.013689994812011719 86 121 124 195
pottedplant 0.029760271310806274 92 74 174 263
pottedplant 0.30239152908325195 105 67 159 161
pottedplant 0.0018033087253570557 134 82 165 161
pottedplant 0.0013044774532318115 61 230 104 286
pottedplant 0.03832080960273743 139 44 194 66
pottedplant 0.001120448112487793 95 188 126 237
pottedplant 0.005240768194198608 8 223 56 280
pottedplant 0.05070251226425171 105 187 153 239
pottedplant 0.007755845785140991 45 224 76 286
chair 0.004348009824752808 304 323 366 374
pottedplant 0.0018969178199768066 0 170 14 340
pottedplant 0.0022785067558288574 157 114 198 245
pottedplant 0.8198937177658081 63 231 134 314
pottedplant 0.035949915647506714 77 64 157 261
pottedplant 0.26284074783325195 131 60 248 260
pottedplant 0.003621727228164673 27 211 78 286
pottedplant 0.025370389223098755 68 69 125 163
pottedplant 0.07316717505455017 170 78 252 256
pottedplant 0.0017275214195251465 0 186 17 362
pottedplant 0.08540382981300354 113 61 200 160
pottedplant 0.0019266009330749512 0 204 37 359
pottedplant 0.0015130341053009033 0 128 12 209
pottedplant 0.001367121934890747 43 120 91 202
pottedplant 0.0011513829231262207 161 66 233 184
pottedplant 0.6531269550323486 1 83 84 205
pottedplant 0.0022431910037994385 5 101 51 182
pottedplant 0.0014215409755706787 122 188 141 213
pottedplant 0.0663253664970398 111 60 203 275
pottedplant 0.0051396191120147705 86 101 124 183
pottedplant 0.00369301438331604 144 150 189 250
chair 0.027378231287002563 106 167 185 281
pottedplant 0.005119770765304565 70 23 135 157
pottedplant 0.0015366971492767334 2 86 52 200
pottedplant 0.0011513829231262207 148 95 186 215
pottedplant 0.029425203800201416 68 71 143 172
pottedplant 0.010289043188095093 72 38 145 178
pottedplant 0.0021238625049591064 42 90 99 189
pottedplant 0.012335866689682007 106 77 141 152
pottedplant 0.590779185295105 10 203 70 285
pottedplant 0.008644551038742065 108 106 158 161
chair 0.03718525171279907 285 276 370 375
pottedplant 0.0030516982078552246 0 97 41 216
sofa 0.005911082029342651 361 294 499 375
pottedplant 0.039487868547439575 98 67 163 239
pottedplant 0.0012447535991668701 109 202 147 240
pottedplant 0.006692379713058472 191 90 254 227
pottedplant 0.00812530517578125 417 39 440 93
chair 0.005532950162887573 484 69 499 260
pottedplant 0.10447552800178528 13 151 73 206
pottedplant 0.12591978907585144 69 125 124 235
chair 0.0013147294521331787 117 199 174 256
pottedplant 0.018125414848327637 100 125 188 276
pottedplant 0.001524806022644043 19 203 62 241
pottedplant 0.025370389223098755 103 182 184 276
pottedplant 0.004450768232345581 84 149 137 231
pottedplant 0.0011336207389831543 99 161 146 229
pottedplant 0.003063589334487915 129 60 169 149
pottedplant 0.11596250534057617 129 60 204 144
pottedplant 0.03296089172363281 102 26 139 161
pottedplant 0.04958641529083252 107 37 150 161
pottedplant 0.0011160969734191895 187 66 237 164
pottedplant 0.011331260204315186 67 47 97 84
pottedplant 0.002757549285888672 67 44 125 85
pottedplant 0.010986179113388062 109 26 133 148
pottedplant 0.0020267367362976074 122 58 163 143
pottedplant 0.02096518874168396 110 27 132 84
pottedplant 0.05644682049751282 122 0 195 65
