chair 0.12002691626548767 0 160 152 332
person 0.0010043680667877197 301 202 499 332
person 0.9181903600692749 0 80 199 331
person 0.0031724870204925537 298 100 405 200
person 0.3065270483493805 434 33 499 321
person 0.040386855602264404 0 83 113 326
person 0.18126201629638672 84 110 205 305
person 0.003285646438598633 243 90 339 238
person 0.0010004639625549316 217 113 441 317
person 0.8305927515029907 345 115 456 223
chair 0.12002691626548767 1 214 176 332
chair 0.15253505110740662 3 245 191 331
person 0.5679367780685425 414 197 499 331
diningtable 0.0017410516738891602 101 149 255 325
diningtable 0.1250624656677246 112 180 492 330
person 0.5496408343315125 415 119 499 331
chair 0.048675328493118286 0 125 32 331
car 0.0011694133281707764 -9 70 159 152
car 0.003510504961013794 47 79 142 155
person 0.001069188117980957 83 141 146 212
person 0.0015729963779449463 486 17 500 144
person 0.0012842416763305664 489 87 499 192
person 0.7634811401367188 0 107 29 157
person 0.014558762311935425 100 91 147 179
person 0.020885050296783447 0 111 20 175
person 0.8187379837036133 243 99 287 169
person 0.001225501298904419 82 158 124 211
bird 0.0012943148612976074 136 177 159 209
person 0.017443329095840454 335 64 386 173
dog 0.0013147294521331787 137 177 160 207
person 0.00406983494758606 348 67 390 162
person 0.0019876956939697266 90 83 135 137
person 0.004774004220962524 0 183 21 339
person 0.008812874555587769 3 145 25 165
person 0.004007279872894287 12 148 26 161
person 0.12002691626548767 179 101 188 128
person 0.20307472348213196 186 98 197 128
person 0.009267330169677734 293 57 362 136
person 0.0010733604431152344 477 239 499 301
person 0.0017275214195251465 434 111 469 158
person 0.09807735681533813 0 135 13 179
person 0.002090960741043091 1 131 28 163
diningtable 0.0021827220916748047 448 166 499 264
person 0.0022170841693878174 247 134 288 168
chair 0.0025409162044525146 141 140 208 203
chair 0.0011741816997528076 375 190 447 227
person 0.0024438798427581787 470 255 497 295
person 0.028761863708496094 467 251 499 330
person 0.5640987157821655 250 94 339 194
person 0.004681944847106934 470 244 499 307
person 0.00629037618637085 487 233 500 328
car 0.013377547264099121 0 73 148 242
person 0.10594767332077026 0 107 16 163
person 0.0011971890926361084 0 196 13 344
person 0.16237932443618774 29 114 59 146
person 0.002641737461090088 324 69 433 212
chair 0.04177337884902954 0 224 106 332
person 0.525368869304657 434 42 499 191
person 0.0020505785942077637 0 77 71 255
person 0.10374632477760315 0 81 133 241
person 0.010449320077896118 101 83 145 155
person 0.001432657241821289 314 92 363 148
person 0.004963308572769165 315 95 395 147
chair 0.03359013795852661 0 264 105 331
person 0.0011248290538787842 282 89 356 152
person 0.37570610642433167 319 57 374 133
person 0.14854195713996887 444 121 499 320
person 0.19497978687286377 466 120 499 324
person 0.001111745834350586 348 68 405 139
person 0.12168478965759277 0 109 31 327
person 0.0034293532371520996 317 85 369 171
person 0.00257071852684021 319 99 387 167
person 0.0010444223880767822 324 117 391 148
diningtable 0.005040973424911499 449 168 500 313
diningtable 0.0015426874160766602 483 163 499 316
person 0.5525398850440979 349 66 385 113
sheep 0.001367121934890747 171 106 190 129
horse 0.01764485239982605 182 98 197 128
person 0.02479657530784607 342 115 412 217
person 0.12591978907585144 318 65 383 208
person 0.00284498929977417 136 176 203 208
chair 0.00118333101272583 467 206 499 331
chair 0.008188486099243164 342 127 457 226
person 0.0028339028358459473 13 112 27 135
person 0.0018969178199768066 398 130 498 233
car 0.006771385669708252 104 89 143 149
horse 0.0027360916137695312 174 102 189 128
person 0.006339401006698608 0 165 23 310
chair 0.005343139171600342 -4 133 147 267
person 0.0011074244976043701 0 114 60 174
dog 0.0010043680667877197 315 95 388 145
person 0.09704703092575073 29 79 146 219
person 0.07133513689041138 0 134 12 206
person 0.0032476186752319336 0 138 22 178
chair 0.0024824440479278564 98 131 175 299
chair 0.0013250410556793213 111 169 184 292
chair 0.0035935938358306885 112 167 210 284
person 0.005159556865692139 322 118 358 206
person 0.003780364990234375 481 126 499 203
person 0.5794005393981934 140 138 208 201
person 0.06779336929321289 277 100 372 203
person 0.006850332021713257 0 141 20 171
person 0.0018245279788970947 8 147 26 167
person 0.005447685718536377 425 113 465 200
chair 0.0014104843139648438 442 121 500 205
person 0.01155179738998413 433 110 474 199
pottedplant 0.0019191503524780273 135 176 159 208
pottedplant 0.0010902583599090576 135 176 177 207
person 0.013901978731155396 0 135 33 250
person 0.24871692061424255 82 111 146 252
person 0.010014057159423828 481 117 499 229
person 0.019122570753097534 0 134 16 281
person 0.1005215048789978 32 110 146 255
person 0.48242902755737305 244 136 303 192
person 0.24220746755599976 319 114 369 208
person 0.12210246920585632 318 115 397 210
person 0.23231258988380432 469 121 499 231
chair 0.0011292099952697754 0 103 84 285
chair 0.004182338714599609 0 107 111 239
person 0.047247886657714844 111 135 210 278
