person 0.0015130341053009033 0 166 58 372
person 0.010735392570495605 455 17 499 368
tvmonitor 0.8289371728897095 0 152 180 321
person 0.0014438629150390625 471 13 499 365
person 0.01422739028930664 409 30 499 371
tvmonitor 0.9278846979141235 174 156 334 316
chair 0.0524231493473053 400 66 499 373
bottle 0.006564319133758545 170 20 228 74
person 0.12721547484397888 263 103 345 133
tvmonitor 0.0017410516738891602 484 73 499 265
bottle 0.010735392570495605 167 23 229 91
person 0.035546332597732544 263 104 308 133
bottle 0.0011558830738067627 167 -1 235 45
tvmonitor 0.005261063575744629 0 1 125 96
bottle 0.0076660215854644775 40 112 63 154
tvmonitor 0.0046637654304504395 482 80 499 188
tvmonitor 0.0018969178199768066 249 0 375 94
tvmonitor 0.013480961322784424 479 164 500 321
tvmonitor 0.005384683609008789 488 164 500 321
tvmonitor 0.011418908834457397 472 0 499 317
tvmonitor 0.0097084641456604 0 0 63 96
pottedplant 0.0012544989585876465 167 0 240 43
tvmonitor 0.001146942377090454 480 89 499 230
tvmonitor 0.0018604099750518799 0 157 16 320
bottle 0.0012447535991668701 0 347 51 373
person 0.007260352373123169 284 102 329 126
person 0.0035796165466308594 292 102 336 124
person 0.011287689208984375 29 10 160 76
pottedplant 0.0012842416763305664 168 0 256 92
chair 0.0012447535991668701 250 0 372 92
chair 0.051269859075546265 397 305 499 374
tvmonitor 0.04535484313964844 0 0 42 95
bottle 0.0050605833530426025 365 9 388 93
