car 0.948919951915741 190 165 297 240
person 0.008644551038742065 236 110 269 144
person 0.07892298698425293 191 92 220 141
person 0.0016613304615020752 0 39 25 288
person 0.0030280649662017822 230 109 279 157
bus 0.0010988116264343262 144 54 197 221
bus 0.003510504961013794 145 62 161 139
bus 0.003063589334487915 146 107 162 224
person 0.0869433581829071 191 92 214 119
bus 0.9427154064178467 145 53 284 221
person 0.0018459856510162354 222 87 266 133
person 0.0723770260810852 191 92 216 133
person 0.0320991575717926 192 91 231 144
person 0.001388639211654663 227 104 264 133
person 0.6636692881584167 238 109 265 133
