person 0.7225266695022583 136 77 499 374
bottle 0.9319590330123901 123 106 226 339
chair 0.0014382600784301758 0 119 24 364
diningtable 0.01956745982170105 0 221 253 373
person 0.0033632218837738037 75 201 106 239
person 0.006564319133758545 86 199 108 242
bottle 0.006903529167175293 45 241 124 343
bottle 0.003809899091720581 58 191 127 302
bottle 0.002074718475341797 0 291 61 373
person 0.004573792219161987 72 207 93 239
person 0.00941208004951477 84 199 111 253
bottle 0.0012842416763305664 195 115 216 177
person 0.001524806022644043 86 198 124 269
chair 0.00517958402633667 0 130 24 262
bottle 0.0012994110584259033 171 109 230 320
person 0.004468142986297607 69 206 107 254
person 0.015542924404144287 69 199 113 280
person 0.007460415363311768 81 199 115 282
