pottedplant 0.20561525225639343 36 263 192 426
pottedplant 0.0022963285446166992 86 182 104 211
tvmonitor 0.004264324903488159 271 115 323 248
pottedplant 0.0023782849311828613 6 274 53 329
bicycle 0.0011248290538787842 120 234 161 294
pottedplant 0.002314329147338867 30 240 122 360
pottedplant 0.0010650157928466797 6 274 59 372
pottedplant 0.002693742513656616 81 183 112 248
pottedplant 0.008062601089477539 11 239 119 397
pottedplant 0.027067720890045166 6 237 94 327
pottedplant 0.0038546323776245117 31 237 118 321
chair 0.0010083019733428955 5 308 33 372
chair 0.0010083019733428955 5 303 53 373
chair 0.006850332021713257 6 276 47 334
chair 0.0018245279788970947 27 313 135 426
pottedplant 0.004198610782623291 38 236 104 284
chair 0.0012159943580627441 32 238 115 317
pottedplant 0.151027113199234 33 237 92 306
chair 0.0012159943580627441 50 238 112 275
chair 0.007260352373123169 69 237 111 273
chair 0.004264324903488159 82 234 111 273
bicycle 0.0011074244976043701 120 242 152 271
bicycle 0.001120448112487793 120 223 157 276
pottedplant 0.5851011872291565 73 183 121 257
pottedplant 0.004086285829544067 87 182 105 200
chair 0.006589770317077637 5 308 64 425
chair 0.001335442066192627 140 218 179 267
pottedplant 0.00284498929977417 4 326 52 426
