horse 0.920792818069458 79 51 388 334
horse 0.0023506581783294678 460 98 479 327
person 0.019418001174926758 0 57 15 210
horse 0.015723586082458496 0 58 93 168
person 0.0025508105754852295 0 66 31 138
person 0.004556000232696533 0 67 42 175
horse 0.010860145092010498 0 61 93 131
person 0.0019117295742034912 0 31 12 126
horse 0.0026832520961761475 0 73 17 231
horse 0.0030398666858673096 0 58 30 209
person 0.0017007291316986084 0 77 16 145
horse 0.0010485053062438965 -2 155 139 252
person 0.0013778507709503174 0 73 19 171
person 0.9414379596710205 189 43 305 209
horse 0.002018868923187256 0 54 17 278
horse 0.003976315259933472 0 68 112 266
person 0.008188486099243164 0 63 14 133
person 0.01182246208190918 0 78 15 121
