motorbike 0.8933094143867493 66 78 433 353
motorbike 0.005261063575744629 10 165 449 499
person 0.0010567307472229004 25 32 36 43
person 0.006564319133758545 29 33 42 50
person 0.01791679859161377 32 34 44 56
person 0.002453356981277466 29 25 61 62
person 0.002424955368041992 84 33 96 55
person 0.001477956771850586 87 36 104 55
car 0.001335442066192627 90 35 112 56
person 0.0012018680572509766 116 36 134 56
person 0.05770769715309143 130 37 147 56
person 0.006145477294921875 145 36 161 56
person 0.0024628937244415283 142 36 179 61
person 0.002018868923187256 138 35 195 65
person 0.01292121410369873 32 34 46 65
person 0.014841258525848389 32 36 57 66
person 0.008188486099243164 33 38 63 65
person 0.020410388708114624 54 40 64 55
person 0.014841258525848389 57 41 69 54
person 0.002323359251022339 87 38 100 55
person 0.0011424720287322998 105 36 132 69
person 0.002011030912399292 117 36 143 57
person 0.003389507532119751 149 37 173 59
person 0.005685538053512573 158 38 175 62
motorbike 0.007176309823989868 188 31 246 109
motorbike 0.006903529167175293 167 52 205 94
motorbike 0.003272920846939087 183 50 207 96
motorbike 0.464901328086853 117 23 245 87
motorbike 0.017577439546585083 24 35 53 65
motorbike 0.09842309355735779 32 38 61 66
motorbike 0.1175718605518341 39 41 71 73
chair 0.0019954144954681396 354 116 424 196
motorbike 0.004150032997131348 28 29 66 67
motorbike 0.0024628937244415283 28 29 82 69
motorbike 0.00517958402633667 38 32 113 75
motorbike 0.005384683609008789 84 37 109 70
motorbike 0.002115577459335327 55 28 113 61
motorbike 0.002631455659866333 83 30 135 58
bicycle 0.004007279872894287 22 33 51 65
person 0.012821823358535767 45 40 69 64
person 0.011374980211257935 53 42 72 61
motorbike 0.005159556865692139 83 38 99 61
motorbike 0.00421491265296936 17 35 57 70
motorbike 0.007093280553817749 87 38 100 56
motorbike 0.007431507110595703 89 37 111 56
motorbike 0.04418569803237915 40 43 62 74
motorbike 0.007518589496612549 101 36 112 58
motorbike 0.15304052829742432 41 50 77 76
person 0.0023968517780303955 105 36 150 79
motorbike 0.525368869304657 43 48 98 76
person 0.045864373445510864 127 36 149 65
motorbike 0.027067720890045166 69 42 98 74
person 0.0075772106647491455 126 36 164 67
motorbike 0.006903529167175293 74 38 108 72
person 0.0042809247970581055 147 37 178 66
motorbike 0.0019494593143463135 94 41 119 72
motorbike 0.006413578987121582 103 49 122 78
motorbike 0.0011424720287322998 149 31 219 74
motorbike 0.031736671924591064 145 42 190 82
motorbike 0.10016891360282898 155 49 194 83
bicycle 0.0014104843139648438 275 47 321 119
motorbike 0.004792630672454834 38 38 80 74
motorbike 0.0029928982257843018 31 43 58 76
motorbike 0.029425203800201416 41 54 61 76
motorbike 0.0011879205703735352 96 44 127 77
motorbike 0.006615281105041504 103 51 130 80
motorbike 0.00438198447227478 105 53 147 82
motorbike 0.0019266009330749512 164 46 214 88
motorbike 0.0017275214195251465 185 43 223 95
motorbike 0.00941208004951477 187 38 233 96
motorbike 0.3056974411010742 109 39 156 83
motorbike 0.09041720628738403 125 35 192 84
bicycle 0.0019954144954681396 188 28 249 112
bottle 0.001069188117980957 305 144 335 170
bicycle 0.002140522003173828 21 31 65 68
motorbike 0.0037074387073516846 92 35 113 69
motorbike 0.00874510407447815 103 44 119 73
motorbike 0.024235934019088745 103 37 132 77
person 0.013955414295196533 119 36 152 84
motorbike 0.007877200841903687 149 38 182 70
motorbike 0.012723177671432495 155 39 184 75
motorbike 0.0033763349056243896 154 32 216 85
