person 0.9193568825721741 19 178 360 500
person 0.29259514808654785 79 104 373 501
person 0.3115309774875641 169 102 374 498
person 0.1276499330997467 0 130 114 373
person 0.8860234618186951 0 128 113 500
person 0.6242939233779907 284 116 374 500
person 0.0016874969005584717 2 137 186 500
person 0.03789246082305908 169 160 287 226
person 0.001560807228088379 162 160 287 303
person 0.014841258525848389 182 102 373 230
person 0.27982860803604126 164 102 374 383
person 0.03296089172363281 274 103 374 379
person 0.0021238625049591064 72 155 296 470
person 0.0010322332382202148 288 308 374 499
