person 0.9199342131614685 165 102 283 373
person 0.9383517503738403 260 122 348 374
tvmonitor 0.0010362863540649414 188 101 262 178
person 0.001560807228088379 57 161 88 183
person 0.5039061903953552 116 144 141 191
bottle 0.01444736123085022 332 258 381 316
bottle 0.01904943585395813 165 275 182 309
pottedplant 0.01048976182937622 13 167 33 183
pottedplant 0.0018388032913208008 16 156 58 189
person 0.002501755952835083 0 156 4 195
pottedplant 0.04385673999786377 13 168 34 189
pottedplant 0.005040973424911499 15 161 39 189
chair 0.001972287893295288 30 156 58 188
chair 0.0028009116649627686 38 157 59 188
boat 0.0067453086376190186 332 255 382 315
pottedplant 0.001335442066192627 277 197 375 348
car 0.004231303930282593 13 156 58 187
pottedplant 0.004102110862731934 329 266 377 374
pottedplant 0.06754660606384277 334 209 383 315
person 0.02405199408531189 173 102 348 380
pottedplant 0.004774004220962524 332 257 382 315
person 0.0034561753273010254 494 115 500 208
person 0.003222525119781494 0 170 13 320
person 0.0019419193267822266 0 144 5 240
car 0.0017684698104858398 28 156 57 172
person 0.008000344038009644 422 111 465 161
person 0.0019419193267822266 116 144 137 166
person 0.003537982702255249 0 154 4 211
pottedplant 0.012772411108016968 335 176 351 197
pottedplant 0.00955912470817566 331 327 372 374
bottle 0.0016548335552215576 494 142 500 209
pottedplant 0.003736436367034912 325 314 373 374
person 0.7676874399185181 86 143 127 222
person 0.05644682049751282 113 143 142 217
person 0.0012943148612976074 491 81 499 266
person 0.8670357465744019 53 161 90 239
