motorbike 0.003185272216796875 0 94 41 401
person 0.0021488964557647705 0 49 42 400
motorbike 0.001120448112487793 0 246 39 404
car 0.9111766219139099 0 55 499 384
person 0.0015130341053009033 451 124 472 146
car 0.006589770317077637 402 127 445 160
car 0.0011336207389831543 400 123 500 277
bicycle 0.004198610782623291 87 82 121 154
chair 0.0016419589519500732 90 82 121 153
pottedplant 0.008413106203079224 0 186 39 401
pottedplant 0.0370461642742157 0 317 35 398
person 0.0013302266597747803 0 304 40 406
