car 0.0011513829231262207 487 106 499 125
car 0.002501755952835083 491 106 499 120
pottedplant 0.0019419193267822266 16 239 55 247
pottedplant 0.0031976401805877686 81 237 108 246
car 0.001455157995223999 343 99 389 114
car 0.8824281692504883 466 118 499 144
person 0.0011336207389831543 475 104 482 115
bus 0.0010241866111755371 488 103 499 116
bus 0.0010567307472229004 491 102 499 117
chair 0.001477956771850586 53 98 83 119
car 0.9142902493476868 218 187 282 230
pottedplant 0.003795117139816284 141 88 157 117
chair 0.01048976182937622 77 94 111 121
