motorbike 0.8723500967025757 54 15 485 316
person 0.0014438629150390625 0 102 11 211
motorbike 0.003416001796722412 0 111 22 211
car 0.025370389223098755 339 0 369 19
car 0.006771385669708252 338 0 394 26
person 0.005119770765304565 358 0 391 33
motorbike 0.9086146354675293 311 43 487 161
car 0.001111745834350586 0 69 63 213
car 0.0018245279788970947 0 7 172 213
pottedplant 0.11838340759277344 302 2 331 23
car 0.011776894330978394 338 0 389 19
person 0.007725805044174194 369 0 389 31
chair 0.006615281105041504 367 0 409 31
boat 0.012006610631942749 0 1 390 160
boat 0.07585501670837402 0 5 172 156
boat 0.01090201735496521 0 8 278 169
pottedplant 0.0783575177192688 135 0 170 23
motorbike 0.003607630729675293 0 128 96 212
motorbike 0.002453356981277466 0 127 137 212
boat 0.0015729963779449463 217 1 241 41
pottedplant 0.0012594163417816162 277 18 341 38
pottedplant 0.002641737461090088 294 16 340 36
bicycle 0.026862531900405884 359 0 397 37
motorbike 0.0013096034526824951 363 4 407 36
person 0.0015853047370910645 135 0 166 24
motorbike 0.0018245279788970947 338 0 370 21
motorbike 0.021452128887176514 339 0 409 22
car 0.004007279872894287 338 0 410 35
car 0.06142312288284302 401 0 458 23
person 0.8714772462844849 354 0 456 122
person 0.0014104843139648438 488 7 499 123
motorbike 0.0013778507709503174 0 104 12 214
motorbike 0.0010083019733428955 11 134 63 169
boat 0.005911082029342651 97 18 163 38
boat 0.0024921000003814697 94 16 163 49
person 0.0018103718757629395 493 22 500 123
car 0.0011558830738067627 338 0 369 30
bicycle 0.004556000232696533 367 0 393 34
car 0.007038503885269165 435 1 458 24
bicycle 0.009898394346237183 337 0 409 34
car 0.009019583463668823 394 0 457 32
bicycle 0.0017684698104858398 135 0 169 25
boat 0.008188486099243164 69 8 167 64
