car 0.01771247386932373 0 197 25 209
car 0.001289278268814087 70 195 84 218
car 0.004792630672454834 133 198 149 213
car 0.001040339469909668 135 197 153 217
car 0.0011248290538787842 280 197 310 224
car 0.0010162293910980225 492 194 499 219
car 0.016916126012802124 0 197 25 231
car 0.011914163827896118 0 197 25 219
car 0.0014215409755706787 279 199 298 235
car 0.0022607743740081787 357 202 375 236
car 0.004591643810272217 476 201 499 218
car 0.0013564825057983398 118 194 137 227
car 0.003537982702255249 134 199 149 220
car 0.034360289573669434 188 200 217 233
car 0.0027042627334594727 207 199 225 232
car 0.001069188117980957 279 198 296 229
car 0.005911082029342651 279 197 315 236
car 0.00106087327003479 135 199 150 229
car 0.8962537050247192 422 203 492 243
car 0.0011694133281707764 487 205 499 246
car 0.8519556522369385 136 195 196 234
car 0.8705992698669434 207 197 258 236
car 0.0013250410556793213 0 193 44 209
car 0.002115577459335327 422 205 440 237
car 0.005405604839324951 472 205 499 225
car 0.8955245018005371 279 197 331 240
car 0.8791466951370239 357 201 417 243
car 0.004364967346191406 185 201 203 233
car 0.0013147294521331787 280 210 305 238
car 0.0018245279788970947 472 206 495 245
car 0.9155080318450928 7 193 82 231
car 0.0017410516738891602 471 202 499 249
car 0.9149011373519897 72 193 136 232
