person 0.007011294364929199 85 212 324 373
cow 0.00438198447227478 179 168 478 373
person 0.009124904870986938 184 168 469 373
person 0.0250818133354187 0 133 77 373
person 0.03155699372291565 18 240 325 373
person 0.0022170841693878174 393 167 499 373
person 0.24006345868110657 0 46 37 373
person 0.003123670816421509 149 146 344 372
horse 0.0014722347259521484 180 99 475 373
dog 0.019085973501205444 176 118 470 373
person 0.0013459324836730957 0 150 193 373
chair 0.0011971890926361084 40 250 325 373
bicycle 0.003222525119781494 427 220 499 373
pottedplant 0.0015791356563568115 6 263 322 523
person 0.8381514549255371 136 151 235 343
person 0.5640987157821655 226 7 471 375
person 0.10447552800178528 339 4 499 374
person 0.013122200965881348 0 25 161 373
bottle 0.001225501298904419 146 18 166 79
cat 0.0022873878479003906 246 11 315 81
person 0.0014215409755706787 0 45 18 324
bottle 0.003298431634902954 440 239 477 305
bottle 0.0026623904705047607 12 61 38 118
person 0.0011971890926361084 163 229 272 371
person 0.001146942377090454 408 231 499 374
person 0.004247784614562988 231 2 349 213
person 0.003285646438598633 87 293 132 356
person 0.0010162293910980225 93 308 141 355
bottle 0.007345408201217651 69 89 91 155
person 0.003123670816421509 138 301 193 349
person 0.0017547309398651123 463 71 499 345
person 0.001714080572128296 459 229 499 313
bottle 0.001477956771850586 170 13 188 74
bottle 0.002969682216644287 70 109 89 155
person 0.0019343793392181396 24 286 117 369
person 0.01764485239982605 450 174 499 373
person 0.8152326345443726 61 285 129 373
person 0.010014057159423828 123 304 170 355
person 0.0017963051795959473 127 299 200 366
person 0.004054129123687744 0 201 30 300
person 0.00834837555885315 136 302 172 351
chair 0.0020666420459747314 139 220 243 343
person 0.005729943513870239 477 247 499 373
person 0.1097080409526825 123 308 205 374
person 0.005301922559738159 240 264 403 374
person 0.0023052990436553955 290 290 407 373
person 0.030558109283447266 26 292 55 334
person 0.0052814483642578125 64 284 117 356
person 0.005240768194198608 142 302 171 341
person 0.0010733604431152344 0 150 39 270
bottle 0.0025807321071624756 158 98 181 152
bottle 0.016530483961105347 64 2 87 55
bottle 0.0012350976467132568 77 2 93 56
bottle 0.01444736123085022 183 35 205 103
person 0.005099952220916748 143 302 171 329
diningtable 0.0016940832138061523 -1 181 151 271
person 0.016091108322143555 0 129 32 320
person 0.002590775489807129 0 136 46 302
bottle 0.0014438629150390625 71 2 92 55
person 0.014118820428848267 25 316 124 373
person 0.003565669059753418 0 291 71 374
person 0.00208282470703125 71 300 180 374
person 0.0013250410556793213 143 296 272 374
person 0.03067392110824585 184 265 323 374
person 0.0031976401805877686 217 265 366 373
person 0.004198610782623291 474 281 499 373
person 0.2538601756095886 28 319 70 374
person 0.001524806022644043 475 44 499 339
bottle 0.0014837086200714111 61 69 79 130
bottle 0.0012792348861694336 74 73 92 127
person 0.025273829698562622 119 314 170 373
bottle 0.0010241866111755371 48 188 74 232
person 0.0015366971492767334 31 295 58 319
person 0.002693742513656616 143 298 171 322
person 0.001178741455078125 143 275 175 332
