pottedplant 0.01467105746269226 312 79 500 302
bird 0.008062601089477539 305 191 345 235
bird 0.0019799768924713135 15 -85 462 -1
bird 0.0010444223880767822 27 -48 363 -1
bird 0.0013564825057983398 396 190 499 295
bird 0.0016874969005584717 424 145 499 333
bird 0.0027042627334594727 386 207 499 337
bird 0.8991247415542603 36 117 350 253
bird 0.0011971890926361084 452 176 499 260
bird 0.0013406574726104736 477 162 499 265
bird 0.0012159943580627441 484 159 499 261
pottedplant 0.0018388032913208008 0 0 136 86
pottedplant 0.004681944847106934 363 124 499 298
boat 0.0015130341053009033 369 163 499 294
bird 0.0020267367362976074 432 133 499 294
pottedplant 0.0018459856510162354 418 115 499 308
pottedplant 0.0011558830738067627 297 133 464 268
