chair 0.007065832614898682 323 128 466 276
chair 0.022414833307266235 333 120 480 312
person 0.9346367120742798 48 80 120 264
chair 0.019831836223602295 294 127 420 325
person 0.8844369649887085 364 92 482 315
person 0.023778796195983887 283 121 414 324
person 0.007120847702026367 282 120 479 325
chair 0.0028784871101379395 362 110 496 317
chair 0.0025508105754852295 446 132 499 361
car 0.0025212466716766357 339 24 358 43
person 0.013795614242553711 439 87 478 170
person 0.017243891954421997 450 84 479 171
person 0.010409027338027954 472 45 499 226
chair 0.08035394549369812 487 85 499 234
person 0.03079017996788025 487 130 500 233
chair 0.010014057159423828 445 89 498 199
bottle 0.0010004639625549316 438 75 446 94
chair 0.008511096239089966 447 63 499 223
person 0.01764485239982605 456 46 500 227
tvmonitor 0.007938534021377563 0 108 11 141
chair 0.004830062389373779 337 128 431 238
person 0.0010241866111755371 0 107 10 254
bottle 0.00394555926322937 101 107 119 138
bottle 0.004485577344894409 105 107 127 137
person 0.0012447535991668701 487 166 499 307
person 0.48828333616256714 483 46 499 214
person 0.0010526180267333984 438 83 461 162
pottedplant 0.0014382600784301758 0 100 11 147
person 0.0013995170593261719 439 84 469 163
tvmonitor 0.002314329147338867 130 87 175 133
bottle 0.010014057159423828 52 113 72 139
pottedplant 0.011463016271591187 336 0 375 42
bottle 0.008445650339126587 104 113 121 142
bottle 0.011914163827896118 108 119 128 139
bottle 0.002003192901611328 107 116 135 138
pottedplant 0.028761863708496094 361 17 372 40
person 0.0010485053062438965 476 133 499 326
person 0.003160238265991211 485 45 499 85
chair 0.014392048120498657 331 118 476 246
bottle 0.0019117295742034912 367 122 380 144
chair 0.03649437427520752 486 50 500 209
person 0.004538297653198242 344 91 462 237
tvmonitor 0.0014438629150390625 0 108 11 157
chair 0.0010733604431152344 0 109 12 147
chair 0.0011741816997528076 0 108 10 231
chair 0.005490154027938843 465 114 499 217
chair 0.02931046485900879 479 105 499 227
bottle 0.0011694133281707764 438 82 446 110
chair 0.002631455659866333 449 133 498 196
chair 0.006666600704193115 461 123 499 201
chair 0.002779155969619751 432 130 499 302
person 0.005021452903747559 448 47 498 174
bottle 0.007547855377197266 105 117 124 149
bottle 0.0057077109813690186 108 119 126 147
chair 0.026356011629104614 243 168 283 220
chair 0.0018676519393920898 458 94 495 174
chair 0.005842477083206177 469 74 499 196
bottle 0.0023052990436553955 312 100 325 126
bottle 0.0020666420459747314 440 86 452 129
person 0.005099952220916748 0 97 9 226
chair 0.0020346641540527344 317 155 343 228
chair 0.0014159977436065674 0 106 11 198
chair 0.025564581155776978 333 129 376 236
chair 0.0017615854740142822 436 116 494 217
cat 0.00593411922454834 0 108 12 141
chair 0.0010945498943328857 318 143 351 238
chair 0.0011925697326660156 473 146 498 196
bottle 0.001432657241821289 365 119 381 153
person 0.004830062389373779 447 89 499 300
person 0.005021452903747559 456 100 499 234
person 0.047423362731933594 487 72 499 232
person 0.002746790647506714 484 11 499 117
person 0.0011292099952697754 468 44 499 127
person 0.040386855602264404 483 45 499 139
bottle 0.0052814483642578125 440 86 451 117
