chair 0.0022170841693878174 96 169 190 256
chair 0.9219237565994263 340 248 486 375
chair 0.9473822116851807 25 251 184 375
pottedplant 0.5467380285263062 159 182 192 220
pottedplant 0.0014215409755706787 221 110 237 165
chair 0.07585501670837402 180 167 253 340
chair 0.0011424720287322998 71 193 176 282
chair 0.00593411922454834 105 164 194 240
chair 0.15610283613204956 253 150 299 229
tvmonitor 0.0028897523880004883 374 173 404 222
pottedplant 0.005426615476608276 388 173 402 218
tvmonitor 0.0019191503524780273 484 131 499 228
tvmonitor 0.0026110410690307617 357 174 407 237
chair 0.18713223934173584 101 178 174 288
