diningtable 0.005819797515869141 398 214 499 374
diningtable 0.013742715120315552 459 188 499 374
diningtable 0.07807624340057373 0 270 136 373
diningtable 0.005021452903747559 446 206 499 373
sofa 0.0031976401805877686 0 249 135 370
person 0.005957245826721191 0 202 57 369
person 0.0021488964557647705 0 200 81 370
chair 0.07668477296829224 0 271 104 373
sofa 0.0022785067558288574 200 190 338 263
person 0.001335442066192627 0 133 64 365
chair 0.0023052990436553955 473 202 499 372
chair 0.009231507778167725 0 266 33 371
person 0.06417948007583618 0 270 89 372
chair 0.0017823278903961182 29 246 137 341
chair 0.001289278268814087 66 248 137 338
chair 0.0011336207389831543 398 211 500 371
chair 0.0022696256637573242 461 197 499 371
person 0.10932686924934387 0 250 51 361
chair 0.010170340538024902 0 260 6 370
chair 0.009089648723602295 0 264 21 368
chair 0.0015130341053009033 468 10 499 291
pottedplant 0.054199665784835815 462 198 499 373
chair 0.10520932078361511 0 249 32 286
person 0.0920356810092926 0 249 31 285
pottedplant 0.0060742199420928955 40 273 65 297
sofa 0.0016355812549591064 199 187 337 305
tvmonitor 0.004150032997131348 468 22 499 106
pottedplant 0.525368869304657 462 204 499 258
pottedplant 0.6774741411209106 29 251 88 297
chair 0.0030995309352874756 458 273 499 373
person 0.00629037618637085 462 106 499 269
sofa 0.007518589496612549 202 190 337 240
chair 0.04501798748970032 0 273 63 374
pottedplant 0.003635883331298828 477 180 499 261
pottedplant 0.06441459059715271 462 168 499 261
