person 0.00135117769241333 282 169 408 413
person 0.8899096250534058 168 167 299 458
motorbike 0.9161110520362854 2 201 417 470
motorbike 0.003147989511489868 73 221 119 298
pottedplant 0.0010902583599090576 266 0 316 43
person 0.0010083019733428955 298 238 361 295
motorbike 0.002341538667678833 296 237 372 295
motorbike 0.002003192901611328 77 159 189 260
car 0.0024724602699279785 78 159 194 260
person 0.0015366971492767334 174 168 292 271
train 0.002115577459335327 0 140 47 221
pottedplant 0.004573792219161987 212 0 320 74
bicycle 0.010818421840667725 73 158 199 261
bird 0.002199828624725342 161 0 241 12
pottedplant 0.0063148438930511475 246 0 387 18
pottedplant 0.04885616898536682 311 0 379 16
pottedplant 0.14033910632133484 209 0 315 107
motorbike 0.0033371448516845703 168 215 209 257
person 0.7520120739936829 399 236 424 307
motorbike 0.002631455659866333 172 216 209 248
motorbike 0.0012544989585876465 184 216 210 241
motorbike 0.0017963051795959473 300 235 368 320
pottedplant 0.020332276821136475 226 36 295 108
person 0.059427469968795776 359 231 402 331
chair 0.003185272216796875 0 284 9 354
train 0.016467034816741943 0 141 39 187
person 0.06324738264083862 437 215 466 255
person 0.7041603326797485 336 177 388 247
pottedplant 0.0017615854740142822 103 201 163 302
train 0.0016355812549591064 0 94 45 187
pottedplant 0.004700213670730591 298 0 370 17
person 0.0019876956939697266 315 203 374 286
person 0.0031976401805877686 342 203 383 287
person 0.004681944847106934 360 221 396 285
motorbike 0.001714080572128296 290 233 395 346
bird 0.0010162293910980225 14 0 46 5
motorbike 0.0024344027042388916 72 227 109 304
person 0.0013459324836730957 335 196 371 280
motorbike 0.0032476186752319336 73 193 137 299
motorbike 0.0020991265773773193 74 196 170 308
pottedplant 0.011731505393981934 226 57 295 108
motorbike 0.0033371448516845703 169 211 215 307
person 0.0012447535991668701 173 195 243 307
person 0.009195834398269653 306 176 396 293
person 0.1393992006778717 336 175 398 330
person 0.644224226474762 436 215 467 300
chair 0.002018868923187256 0 282 9 383
motorbike 0.0023690462112426758 301 215 370 296
bird 0.005554467439651489 176 0 234 11
pottedplant 0.026760488748550415 321 0 362 15
motorbike 0.0025212466716766357 70 226 114 325
pottedplant 0.003635883331298828 340 0 380 14
motorbike 0.0023782849311828613 72 217 127 340
motorbike 0.005911082029342651 74 200 167 391
pottedplant 0.0017207860946655273 343 0 397 12
bird 0.0019117295742034912 169 0 234 15
