chair 0.05051475763320923 20 250 316 499
chair 0.0010241866111755371 15 281 217 484
chair 0.15203100442886353 33 345 318 499
chair 0.0360853374004364 8 42 343 498
person 0.9401357173919678 15 30 308 498
boat 0.0016039609909057617 6 146 337 495
bottle 0.006850332021713257 139 350 160 367
bottle 0.0030995309352874756 129 350 176 367
chair 0.00257071852684021 286 134 337 261
chair 0.005865275859832764 41 354 170 499
person 0.0030045807361602783 0 -1 52 187
chair 0.0021488964557647705 175 350 319 500
bottle 0.00118333101272583 179 354 323 499
