aeroplane 0.007373988628387451 478 143 499 369
chair 0.0022431910037994385 476 174 499 371
aeroplane 0.8906731605529785 0 36 498 371
car 0.0019343793392181396 428 184 487 210
aeroplane 0.0018822550773620605 409 145 499 200
aeroplane 0.0014382600784301758 432 110 499 202
person 0.05749580264091492 42 242 54 274
person 0.01659417152404785 46 242 55 269
person 0.0116862952709198 35 242 52 276
person 0.02717086672782898 55 242 66 263
person 0.006193429231643677 105 311 122 346
chair 0.004297584295272827 477 228 500 371
bicycle 0.0013044774532318115 477 290 499 340
bicycle 0.0021742284297943115 481 284 499 344
bicycle 0.004314333200454712 477 287 499 377
bicycle 0.00564149022102356 482 276 499 381
tvmonitor 0.00831615924835205 477 228 499 339
person 0.2407766878604889 33 242 43 276
bicycle 0.010818421840667725 477 226 499 372
aeroplane 0.005597800016403198 437 182 475 196
aeroplane 0.0075772106647491455 431 176 499 198
aeroplane 0.0021573007106781006 470 163 499 200
car 0.00629037618637085 436 182 475 196
person 0.008380681276321411 433 175 442 193
person 0.004348009824752808 48 242 70 277
person 0.0015487074851989746 45 243 81 279
tvmonitor 0.001028209924697876 459 191 500 269
aeroplane 0.0013044774532318115 435 134 499 206
tvmonitor 0.0035935938358306885 486 191 500 271
