cat 0.10266110301017761 0 211 338 499
sheep 0.0037074387073516846 8 342 331 499
person 0.5399537086486816 0 13 335 497
person 0.21076658368110657 67 80 331 381
person 0.010652929544448853 31 203 330 378
cat 0.06053093075752258 6 339 331 499
cat 0.03384503722190857 9 0 329 222
person 0.2173374891281128 54 51 332 302
bird 0.0016102492809295654 49 250 298 370
dog 0.00321003794670105 56 270 334 369
dog 0.027692049741744995 6 0 330 232
cat 0.0017963051795959473 2 0 270 106
cat 0.0020991265773773193 88 413 285 499
