chair 0.19436731934547424 410 54 499 371
chair 0.0010945498943328857 327 76 457 363
pottedplant 0.006364047527313232 337 62 372 129
bottle 0.004038453102111816 244 105 264 156
pottedplant 0.0016292035579681396 315 141 343 197
pottedplant 0.012240886688232422 307 58 352 124
bottle 0.20882385969161987 277 104 297 156
cat 0.001012265682220459 473 68 499 185
chair 0.006640911102294922 375 62 462 281
pottedplant 0.011418908834457397 413 58 500 309
pottedplant 0.0029812753200531006 0 96 12 276
chair 0.01422739028930664 338 42 466 288
pottedplant 0.005040973424911499 0 105 46 275
pottedplant 0.0010241866111755371 0 57 33 358
cat 0.0011074244976043701 434 90 500 176
tvmonitor 0.9437609314918518 54 55 246 243
cat 0.001178741455078125 452 81 499 177
person 0.7295198440551758 129 92 208 186
chair 0.0018459856510162354 419 5 499 188
pottedplant 0.0016483962535858154 276 15 371 253
pottedplant 0.040843963623046875 411 82 499 178
chair 0.009448617696762085 296 6 493 315
bottle 0.003160238265991211 242 103 265 213
bottle 0.003795117139816284 262 154 292 215
bottle 0.002140522003173828 286 149 313 220
bottle 0.016467034816741943 0 168 8 245
bottle 0.0011971890926361084 248 104 264 148
bottle 0.005865275859832764 257 104 269 144
pottedplant 0.0019343793392181396 0 103 85 264
pottedplant 0.003795117139816284 328 33 372 129
bottle 0.0017684698104858398 268 100 281 136
pottedplant 0.05108004808425903 277 20 370 126
pottedplant 0.0016613304615020752 349 -1 456 184
pottedplant 0.0035518109798431396 358 2 500 171
pottedplant 0.005343139171600342 430 53 499 109
pottedplant 0.009898394346237183 -1 118 54 167
pottedplant 0.0011248290538787842 435 106 500 178
pottedplant 0.0018245279788970947 302 23 360 97
pottedplant 0.0012302696704864502 307 51 358 101
chair 0.0069571733474731445 359 96 457 281
bottle 0.008062601089477539 259 101 278 158
chair 0.0022696256637573242 447 43 500 352
chair 0.0010945498943328857 468 35 499 351
bottle 0.0019343793392181396 0 116 9 285
pottedplant 0.002912372350692749 335 74 359 124
pottedplant 0.04256337881088257 345 72 371 129
bottle 0.003075540065765381 249 104 266 207
bottle 0.004573792219161987 256 104 273 166
