sofa 0.001289278268814087 1 106 492 380
sheep 0.422504723072052 126 126 348 334
person 0.146574467420578 0 23 30 353
boat 0.0011971890926361084 38 -71 437 0
person 0.0013147294521331787 133 -63 298 -32
person 0.0014438629150390625 163 -63 335 -33
dog 0.0022431910037994385 0 150 6 252
dog 0.0012159943580627441 0 158 16 250
person 0.0011971890926361084 474 49 499 345
person 0.004905790090560913 0 -1 47 356
person 0.02211776375770569 0 56 43 268
person 0.017177879810333252 3 65 60 236
dog 0.003063589334487915 209 124 320 221
person 0.007489442825317383 0 0 104 214
horse 0.0033763349056243896 0 38 19 251
person 0.002323359251022339 148 0 187 34
person 0.8283824920654297 199 38 393 338
dog 0.0016548335552215576 0 161 26 297
cat 0.007402688264846802 0 204 31 356
person 0.6370307803153992 0 0 76 286
person 0.8238945007324219 35 0 122 230
person 0.003930270671844482 116 0 187 34
person 0.0017823278903961182 0 59 17 204
cat 0.004609555006027222 309 141 383 302
cat 0.007011294364929199 331 161 383 273
sheep 0.00421491265296936 110 169 196 207
dog 0.012576550245285034 0 258 30 354
person 0.027067720890045166 0 57 26 262
sheep 0.0030874907970428467 101 163 262 251
person 0.0017615854740142822 0 40 23 189
dog 0.0022344589233398438 0 234 30 372
sheep 0.0018245279788970947 213 122 397 296
sheep 0.005099952220916748 102 162 203 250
sheep 0.04603534936904907 212 125 321 238
dog 0.001560807228088379 0 153 13 267
dog 0.006513714790344238 0 162 28 261
person 0.001674354076385498 0 39 34 180
person 0.004609555006027222 0 0 76 123
