person 0.8534255027770996 38 112 463 332
person 0.001225501298904419 182 120 475 332
motorbike 0.0016355812549591064 152 88 440 270
motorbike 0.002590775489807129 36 90 445 324
motorbike 0.09602698683738708 239 90 438 253
motorbike 0.003930270671844482 187 96 457 307
bottle 0.0026520490646362305 279 152 319 212
person 0.001466512680053711 97 149 143 222
person 0.004503071308135986 101 155 183 214
person 0.002140522003173828 271 89 432 179
boat 0.002074718475341797 9 50 468 325
motorbike 0.0023324191570281982 116 196 143 243
motorbike 0.0025115013122558594 115 191 163 243
motorbike 0.00391504168510437 93 162 144 227
motorbike 0.001335442066192627 116 207 139 243
motorbike 0.017848461866378784 309 153 438 255
motorbike 0.0011879205703735352 274 131 317 211
motorbike 0.005619615316390991 112 176 174 241
person 0.0010567307472229004 268 89 441 232
motorbike 0.00438198447227478 305 94 438 255
motorbike 0.7233090996742249 93 152 183 242
