cat 0.9043107628822327 198 157 482 374
cat 0.003621727228164673 25 65 495 374
cat 0.0018822550773620605 0 102 204 362
cat 0.0010485053062438965 0 74 78 365
diningtable 0.00369301438331604 0 56 492 374
diningtable 0.002115577459335327 0 179 491 374
cat 0.002115577459335327 220 154 483 306
cat 0.0019117295742034912 158 255 470 374
sofa 0.007636308670043945 -1 9 499 374
cat 0.9427154064178467 0 113 201 257
person 0.030385255813598633 0 9 499 374
car 0.002631455659866333 84 0 296 81
chair 0.003123670816421509 89 0 295 78
pottedplant 0.003147989511489868 382 0 499 107
chair 0.0015366971492767334 0 5 234 369
chair 0.0010945498943328857 0 1 416 363
pottedplant 0.004573792219161987 447 0 496 21
pottedplant 0.003678649663925171 189 0 301 76
pottedplant 0.0011603832244873047 453 0 472 21
bottle 0.006771385669708252 340 0 381 34
bottle 0.029760271310806274 380 0 503 104
