bird 0.8749375343322754 41 39 424 332
bird 0.0029812753200531006 437 49 500 330
bird 0.06030997633934021 479 112 499 324
bird 0.0033632218837738037 466 138 499 264
bird 0.012625247240066528 489 129 499 268
bird 0.0018174350261688232 462 56 499 278
bird 0.0013044774532318115 484 99 500 204
bird 0.011115282773971558 463 149 499 311
bird 0.0023690462112426758 489 114 499 194
bird 0.0010567307472229004 481 206 499 313
bird 0.005532950162887573 490 146 499 251
bird 0.0034696757793426514 491 157 499 193
bird 0.0011513829231262207 447 115 499 277
