diningtable 0.015542924404144287 218 138 499 299
diningtable 0.0860166847705841 335 139 499 274
diningtable 0.0538000762462616 336 137 500 347
diningtable 0.01048976182937622 418 135 499 352
diningtable 0.001680910587310791 464 132 499 361
chair 0.003635883331298828 481 132 499 268
chair 0.0015010833740234375 466 140 499 241
person 0.0010526180267333984 235 14 369 168
person 0.0021488964557647705 313 17 380 149
diningtable 0.001020193099975586 344 137 504 206
person 0.0011879205703735352 486 112 499 139
pottedplant 0.009267330169677734 416 92 493 143
person 0.002693742513656616 484 86 499 261
person 0.0020346641540527344 450 56 499 241
person 0.0022873878479003906 312 27 430 164
person 0.0010162293910980225 0 21 81 366
diningtable 0.0064885616302490234 409 130 499 241
person 0.003123670816421509 485 85 499 144
person 0.0010567307472229004 0 1 14 231
person 0.9076376557350159 0 1 495 357
pottedplant 0.0020666420459747314 397 91 497 194
pottedplant 0.001264333724975586 410 89 499 223
person 0.00438198447227478 479 34 499 256
person 0.001069188117980957 473 110 499 370
chair 0.0029928982257843018 456 115 499 362
chair 0.003147989511489868 363 196 498 347
person 0.0010444223880767822 0 62 17 223
cat 0.0023324191570281982 0 106 13 230
cat 0.0025508105754852295 0 120 20 227
pottedplant 0.0038546323776245117 326 12 365 117
pottedplant 0.007877200841903687 294 3 365 149
chair 0.003736436367034912 469 127 499 369
pottedplant 0.023688465356826782 313 12 366 149
chair 0.0016228556632995605 440 139 499 239
chair 0.0031115710735321045 471 138 499 276
person 0.0025212466716766357 0 97 20 374
person 0.001264333724975586 0 88 32 371
