bus 0.9418665170669556 2 85 487 326
bus 0.0013778507709503174 351 86 483 323
bus 0.0010988116264343262 0 154 70 264
bus 0.0020505785942077637 2 236 491 539
person 0.007345408201217651 0 183 8 232
car 0.0018103718757629395 0 182 10 227
person 0.047247886657714844 492 201 499 250
person 0.01467105746269226 493 196 500 244
person 0.008644551038742065 0 183 9 253
car 0.0018969178199768066 0 182 10 254
person 0.0011603832244873047 484 204 499 314
bus 0.0012447535991668701 0 90 11 245
car 0.0010733604431152344 0 218 12 266
bus 0.00822022557258606 0 122 12 239
pottedplant 0.0012742578983306885 306 82 338 96
person 0.01155179738998413 462 206 497 301
person 0.4054486155509949 478 207 499 373
pottedplant 0.021207362413406372 346 7 420 109
person 0.5214712023735046 475 208 497 286
bus 0.05051475763320923 0 161 13 222
bus 0.0011971890926361084 0 143 48 266
pottedplant 0.0050605833530426025 384 0 459 109
pottedplant 0.022715508937835693 388 54 418 108
person 0.007846683263778687 0 162 10 223
car 0.0029237568378448486 0 161 11 223
person 0.0024344027042388916 488 203 499 304
pottedplant 0.004905790090560913 366 7 416 111
pottedplant 0.03197786211967468 384 6 418 109
pottedplant 0.0022170841693878174 308 130 335 173
pottedplant 0.0017410516738891602 316 130 335 172
pottedplant 0.0037219226360321045 345 9 393 108
pottedplant 0.001904308795928955 369 1 430 112
person 0.00369301438331604 492 227 499 276
pottedplant 0.0016874969005584717 330 15 343 28
pottedplant 0.0013044774532318115 313 50 332 85
person 0.013223767280578613 487 203 499 258
person 0.06142312288284302 491 201 499 267
pottedplant 0.002757549285888672 263 128 295 167
bus 0.11716783046722412 0 161 11 263
bus 0.004924893379211426 0 160 27 268
