cow 0.8745095133781433 339 102 499 407
bicycle 0.0023968517780303955 26 303 493 460
person 0.006903529167175293 0 41 23 90
bird 0.0028118789196014404 70 193 101 230
bottle 0.001524806022644043 344 162 393 196
cow 0.011158108711242676 339 101 411 195
person 0.0018459856510162354 0 99 15 166
bottle 0.22541701793670654 356 378 384 401
person 0.0016355812549591064 0 105 10 166
person 0.004503071308135986 0 119 31 166
cow 0.0018676519393920898 339 101 499 213
boat 0.040843963623046875 0 109 84 211
dog 0.03271239995956421 182 1 274 108
person 0.37937840819358826 21 39 46 119
person 0.0015010833740234375 0 108 7 177
person 0.004264324903488159 34 35 74 125
person 0.542863130569458 0 39 36 165
person 0.8469594717025757 30 34 78 171
bottle 0.003809899091720581 388 264 404 278
bottle 0.13386806845664978 277 317 311 336
person 0.1347770094871521 0 51 9 122
bottle 0.0024438798427581787 107 285 145 312
bottle 0.007431507110595703 382 308 424 331
bird 0.0011292099952697754 107 287 145 311
person 0.008576959371566772 0 40 9 151
person 0.004007279872894287 0 37 7 93
person 0.0013459324836730957 27 40 45 62
person 0.03296089172363281 0 47 13 121
bottle 0.00142708420753479 0 203 23 217
person 0.0015791356563568115 0 23 8 78
sheep 0.001020193099975586 340 154 396 195
person 0.0020666420459747314 0 21 30 63
person 0.0028118789196014404 0 38 25 73
bottle 0.004830062389373779 316 348 330 368
dog 0.001972287893295288 464 201 499 408
person 0.32939231395721436 0 40 32 120
dog 0.009784013032913208 381 307 423 331
person 0.007316946983337402 0 42 14 174
person 0.011463016271591187 0 51 22 173
person 0.001560807228088379 0 100 6 194
person 0.0012159943580627441 0 114 15 178
