bicycle 0.9439679384231567 139 208 258 297
bicycle 0.0019266009330749512 356 146 427 212
car 0.0010945498943328857 454 121 499 189
train 0.001335442066192627 0 72 34 335
bicycle 0.0035935938358306885 353 161 434 223
person 0.007636308670043945 104 127 146 185
person 0.001120448112487793 105 140 147 162
person 0.008380681276321411 253 150 281 169
person 0.0060506463050842285 54 84 101 150
person 0.0033112764358520508 224 149 284 198
bicycle 0.0014608204364776611 40 110 122 176
person 0.007725805044174194 219 149 283 177
person 0.007489442825317383 252 150 288 180
bicycle 0.0024724602699279785 251 150 295 186
person 0.3398268222808838 328 149 347 186
person 0.457136869430542 341 135 356 184
person 0.001367121934890747 379 147 419 197
person 0.368404746055603 208 141 231 188
person 0.002901047468185425 210 143 245 189
person 0.008812874555587769 377 138 405 182
person 0.018616825342178345 384 138 418 184
bicycle 0.005405604839324951 373 148 420 176
person 0.4960938096046448 359 136 422 238
person 0.005554467439651489 451 145 465 174
person 0.004556000232696533 464 149 477 178
person 0.003123670816421509 473 149 487 182
car 0.0017478764057159424 0 136 29 191
person 0.0026520490646362305 476 147 489 182
bicycle 0.022202253341674805 88 109 145 160
person 0.00803142786026001 488 144 499 167
person 0.0013302266597747803 91 115 134 153
person 0.0022431910037994385 105 122 140 153
person 0.014062851667404175 111 119 147 153
train 0.02428215742111206 0 72 30 191
bicycle 0.8670357465744019 368 192 444 260
person 0.0012350976467132568 362 123 403 156
person 0.002901047468185425 382 131 402 156
person 0.002199828624725342 492 130 499 159
bicycle 0.0024921000003814697 104 146 128 187
bicycle 0.0035935938358306885 106 144 146 188
boat 0.022976040840148926 0 94 29 190
bicycle 0.004468142986297607 40 110 113 159
bicycle 0.00135117769241333 120 157 153 190
boat 0.001904308795928955 460 9 499 191
boat 0.0011031031608581543 0 86 112 181
person 0.004905790090560913 92 127 143 161
boat 0.003272920846939087 22 93 386 196
person 0.007176309823989868 209 144 280 198
car 0.009124904870986938 225 150 293 186
person 0.0016228556632995605 0 109 8 168
bicycle 0.7690780162811279 351 173 410 222
person 0.001225501298904419 57 83 78 114
chair 0.03234308958053589 121 162 152 189
person 0.34158164262771606 336 136 355 185
car 0.0019419193267822266 441 136 499 183
car 0.0012112557888031006 482 130 499 181
person 0.003736436367034912 0 136 29 191
person 0.0011031031608581543 75 109 108 189
bicycle 0.001455157995223999 183 198 288 272
bicycle 0.001367121934890747 376 148 423 187
person 0.007606714963912964 443 144 466 178
person 0.0023506581783294678 457 147 475 179
bicycle 0.004231303930282593 87 109 112 157
person 0.0022519826889038086 88 109 128 158
person 0.0028339028358459473 468 150 486 182
person 0.004331141710281372 484 144 499 182
person 0.00831615924835205 487 140 499 182
chair 0.0021742284297943115 70 140 104 190
bicycle 0.0021657347679138184 139 210 207 296
bicycle 0.9178962707519531 212 197 319 265
bicycle 0.0024921000003814697 255 159 295 186
person 0.019195973873138428 385 138 417 170
bicycle 0.004416227340698242 380 146 419 166
bicycle 0.0013459324836730957 386 148 419 164
person 0.18126201629638672 443 143 458 176
person 0.004905790090560913 456 145 467 173
person 0.004198610782623291 458 147 468 172
person 0.0018749535083770752 478 146 488 176
person 0.0016613304615020752 80 123 106 190
bicycle 0.019418001174926758 259 198 319 260
person 0.004450768232345581 489 132 499 163
boat 0.002560734748840332 0 137 6 161
boat 0.002746790647506714 0 130 20 162
boat 0.0019799768924713135 0 126 21 171
person 0.0042809247970581055 360 136 376 177
person 0.0034832358360290527 373 136 403 163
bicycle 0.0010083019733428955 442 159 465 183
person 0.7549138069152832 56 83 80 148
bicycle 0.0014159977436065674 441 156 474 183
person 0.0016355812549591064 447 143 465 171
motorbike 0.0013147294521331787 442 161 477 184
motorbike 0.0014215409755706787 444 158 485 184
motorbike 0.0013044774532318115 447 152 489 184
motorbike 0.0010444223880767822 468 153 488 183
boat 0.0018174350261688232 0 136 20 180
motorbike 0.0018033087253570557 475 156 497 183
motorbike 0.005002021789550781 480 155 499 183
bicycle 0.0011648833751678467 90 126 133 185
motorbike 0.0018969178199768066 490 154 499 184
bicycle 0.0011160969734191895 278 163 294 185
person 0.003285646438598633 119 133 146 159
bicycle 0.02056744694709778 351 153 421 236
person 0.7969253063201904 383 147 425 239
person 0.001040339469909668 361 154 391 212
person 0.0028339028358459473 209 141 253 181
person 0.001146942377090454 234 149 280 169
bicycle 0.25683075189590454 325 156 351 188
car 0.004102110862731934 255 149 281 168
car 0.00208282470703125 443 157 498 184
person 0.0030874907970428467 0 131 7 164
person 0.85584956407547 224 151 289 250
bicycle 0.0012792348861694336 0 123 20 163
bicycle 0.0016483962535858154 31 130 92 151
bicycle 0.0022257566452026367 48 129 80 148
person 0.0023875534534454346 93 123 128 158
person 0.23793238401412964 106 128 130 159
person 0.9079643487930298 153 161 219 272
person 0.22815802693367004 125 121 146 151
person 0.0015977323055267334 365 132 403 157
person 0.19436731934547424 387 136 401 155
person 0.24220746755599976 106 128 143 159
person 0.07185441255569458 209 141 229 162
