car 0.9353494644165039 168 339 295 439
car 0.7606483697891235 163 338 205 392
car 0.005663484334945679 164 339 231 392
person 0.010249316692352295 103 330 128 382
person 0.8824281692504883 101 329 140 450
person 0.0013044774532318115 103 340 121 381
person 0.0013724565505981445 116 333 140 442
car 0.001957029104232788 149 365 163 381
person 0.026964962482452393 102 334 128 446
bird 0.0021657347679138184 154 80 181 93
bird 0.006169408559799194 70 318 93 335
person 0.001020193099975586 119 335 140 410
person 0.053999513387680054 247 357 262 372
