person 0.0010043680667877197 0 206 41 372
car 0.9445849657058716 0 184 500 374
car 0.002199828624725342 1 206 498 539
person 0.0018388032913208008 7 178 462 318
car 0.0583474338054657 268 149 500 369
person 0.26894259452819824 283 194 456 306
person 0.004609555006027222 214 107 471 318
person 0.0016483962535858154 27 118 466 312
person 0.016403794288635254 155 145 463 306
car 0.02903503179550171 380 149 499 332
car 0.19620904326438904 124 148 500 372
pottedplant 0.005426615476608276 422 54 499 185
person 0.8300422430038452 71 104 122 199
person 0.8840374946594238 297 92 344 220
person 0.14903616905212402 0 141 21 190
person 0.022287070751190186 0 168 8 232
car 0.003765672445297241 24 157 77 190
person 0.0018388032913208008 48 158 79 182
person 0.01444736123085022 0 172 19 225
car 0.027274370193481445 46 156 123 205
person 0.003235042095184326 0 171 30 228
car 0.017310142517089844 48 159 85 180
person 0.001264333724975586 0 207 12 351
person 0.00517958402633667 482 192 499 240
person 0.058993369340896606 386 184 415 220
person 0.0014215409755706787 481 204 499 266
pottedplant 0.0012350976467132568 336 2 499 264
pottedplant 0.004297584295272827 404 6 500 312
person 0.01659417152404785 0 171 13 237
pottedplant 0.004538297653198242 445 12 499 305
person 0.01771247386932373 0 175 23 236
pottedplant 0.0017207860946655273 423 21 499 343
person 0.006640911102294922 456 154 499 362
person 0.7759448885917664 7 129 45 198
person 0.020022839307785034 475 157 499 372
person 0.0014608204364776611 6 135 78 198
person 0.0010650157928466797 47 101 123 204
person 0.8891415596008301 187 51 286 225
person 0.002501755952835083 0 212 9 364
person 0.7041603326797485 286 196 390 282
pottedplant 0.0018103718757629395 460 6 499 209
person 0.5389832854270935 262 157 306 213
person 0.18242335319519043 0 204 20 360
car 0.004736989736557007 47 158 123 224
person 0.009124904870986938 335 196 390 277
person 0.012146621942520142 0 182 16 250
person 0.012576550245285034 0 188 22 242
person 0.009448617696762085 467 182 499 285
person 0.022033512592315674 475 188 499 305
person 0.21076658368110657 1 142 20 175
person 0.013122200965881348 174 151 303 227
person 0.09138533473014832 209 157 318 227
person 0.0028897523880004883 275 191 363 256
person 0.10669058561325073 382 184 456 274
person 0.23440924286842346 382 150 499 277
person 0.6388348937034607 0 208 20 288
person 0.014727562665939331 84 153 165 253
person 0.0011380314826965332 73 107 95 189
person 0.0020346641540527344 165 157 329 260
pottedplant 0.0012842416763305664 429 166 501 217
person 0.013326108455657959 0 164 7 214
person 0.005447685718536377 0 161 19 212
person 0.0011380314826965332 0 160 33 215
chair 0.00386965274810791 340 134 380 172
person 0.0014215409755706787 439 162 499 257
person 0.005888134241104126 473 161 499 256
person 0.85584956407547 18 170 73 275
person 0.03321123123168945 0 142 6 209
person 0.9079643487930298 59 159 121 260
person 0.0016613304615020752 0 123 11 178
pottedplant 0.0015010833740234375 457 0 499 151
pottedplant 0.001972287893295288 480 1 499 152
person 0.7905300855636597 161 168 195 215
person 0.036769360303878784 383 182 426 245
person 0.087566077709198 474 195 499 240
pottedplant 0.0010988116264343262 479 59 499 155
pottedplant 0.0017007291316986084 490 57 499 155
person 0.01444736123085022 1 132 43 245
person 0.8652229905128479 117 154 163 224
person 0.004538297653198242 160 163 246 213
person 0.0017684698104858398 155 139 286 223
person 0.030558109283447266 382 159 455 258
pottedplant 0.001674354076385498 380 151 500 276
person 0.0010162293910980225 461 131 499 264
person 0.014841258525848389 0 168 19 269
