boat 0.0015487074851989746 158 272 263 495
boat 0.0011558830738067627 292 228 374 497
boat 0.01542365550994873 164 297 302 490
boat 0.006145477294921875 162 297 373 498
diningtable 0.01196029782295227 330 177 375 450
person 0.0038396716117858887 2 347 69 494
boat 0.008062601089477539 164 358 304 485
chair 0.0037074387073516846 1 351 69 498
boat 0.004468142986297607 320 209 374 492
boat 0.0033501386642456055 248 196 377 495
diningtable 0.005597800016403198 164 361 294 487
diningtable 0.1841798722743988 179 254 263 361
pottedplant 0.0015977323055267334 202 89 242 130
chair 0.0012159943580627441 201 88 252 130
chair 0.0032602250576019287 258 77 290 118
chair 0.0034293532371520996 264 78 308 120
pottedplant 0.0014104843139648438 269 78 319 122
chair 0.0014215409755706787 279 79 319 113
chair 0.0015853047370910645 225 254 259 267
person 0.06878867745399475 256 231 291 280
diningtable 0.01791679859161377 110 87 155 132
chair 0.0028897523880004883 293 220 310 277
chair 0.003524214029312134 297 221 322 278
chair 0.15817251801490784 303 227 343 286
diningtable 0.0028339028358459473 336 220 374 293
person 0.042883336544036865 264 51 282 84
person 0.0019419193267822266 268 51 302 83
person 0.004364967346191406 311 47 323 85
pottedplant 0.6020615696907043 269 90 321 204
person 0.0010817945003509521 233 0 271 37
person 0.0479588508605957 7 171 68 236
person 0.001495271921157837 249 0 271 37
diningtable 0.005511492490768433 327 174 374 193
chair 0.00135117769241333 109 86 125 120
person 0.0063148438930511475 258 0 276 63
chair 0.016215503215789795 161 250 203 277
pottedplant 0.006388753652572632 1 0 53 50
chair 0.002958148717880249 59 191 82 234
person 0.00959622859954834 0 182 8 209
chair 0.0023052990436553955 183 258 203 278
person 0.00803142786026001 4 175 22 207
diningtable 0.0011424720287322998 194 254 255 277
chair 0.0010733604431152344 83 197 113 239
person 0.12940073013305664 255 232 292 299
chair 0.0011380314826965332 136 87 162 140
person 0.01542365550994873 127 55 147 90
pottedplant 0.004774004220962524 149 65 206 139
person 0.003621727228164673 130 55 163 90
chair 0.0011160969734191895 91 214 121 239
pottedplant 0.008252084255218506 102 13 117 56
person 0.005752265453338623 141 46 174 89
person 0.00135117769241333 35 171 54 200
person 0.002935171127319336 145 45 188 85
person 0.0033371448516845703 119 8 135 41
chair 0.002725452184677124 137 113 208 169
person 0.001554727554321289 199 95 213 127
chair 0.0018245279788970947 186 117 211 151
chair 0.0012496113777160645 202 88 238 133
person 0.01164129376411438 121 10 138 34
pottedplant 0.0021827220916748047 51 2 108 56
chair 0.0010444223880767822 203 116 217 152
pottedplant 0.0012792348861694336 127 0 182 14
person 0.010818421840667725 50 170 72 199
person 0.2407766878604889 23 359 61 415
pottedplant 0.0026623904705047607 135 0 223 13
person 0.054400503635406494 60 0 87 52
pottedplant 0.00462755560874939 172 0 225 12
person 0.0020346641540527344 86 155 101 210
pottedplant 0.0010650157928466797 223 0 265 36
chair 0.003780364990234375 213 45 238 89
pottedplant 0.16885823011398315 81 5 105 45
person 0.0035796165466308594 140 156 177 222
chair 0.0018969178199768066 242 81 271 118
chair 0.0019419193267822266 191 404 316 499
pottedplant 0.0010004639625549316 102 9 117 34
person 0.021949589252471924 0 182 28 237
chair 0.0015010833740234375 255 75 277 116
person 0.003976315259933472 119 8 132 34
chair 0.010091900825500488 105 220 121 242
chair 0.0038396716117858887 260 75 295 108
chair 0.002501755952835083 230 34 265 93
chair 0.01467105746269226 298 204 320 251
diningtable 0.0011292099952697754 180 394 274 438
boat 0.0018749535083770752 114 45 255 138
chair 0.02432847023010254 300 200 334 248
chair 0.005080223083496094 284 166 318 203
chair 0.0016613304615020752 263 385 307 449
chair 0.007402688264846802 303 176 331 202
chair 0.001225501298904419 0 394 13 431
chair 0.00257071852684021 323 174 342 194
chair 0.005322486162185669 268 77 318 108
boat 0.004944056272506714 112 83 256 141
chair 0.0012792348861694336 346 354 374 419
chair 0.003147989511489868 219 8 237 37
chair 0.001477956771850586 311 197 367 240
diningtable 0.007518589496612549 186 288 237 365
chair 0.0011336207389831543 68 140 93 168
chair 0.002779155969619751 287 79 317 102
person 0.010530352592468262 303 47 322 87
diningtable 0.0013617873191833496 360 176 374 197
chair 0.003765672445297241 214 123 238 150
chair 0.07863974571228027 203 441 274 499
chair 0.0013617873191833496 217 123 243 150
pottedplant 0.031141668558120728 44 133 71 172
person 0.0013044774532318115 26 316 50 370
person 0.013532936573028564 0 182 8 219
person 0.004718571901321411 2 180 18 215
chair 0.011507302522659302 69 152 90 173
sofa 0.002560734748840332 122 2 206 35
chair 0.0019494593143463135 254 82 274 119
person 0.31236934661865234 26 313 69 370
sofa 0.003607630729675293 120 1 236 39
chair 0.0018895864486694336 115 152 146 173
person 0.0012692809104919434 0 400 21 479
chair 0.0042809247970581055 0 376 17 408
chair 0.010409027338027954 158 249 173 300
boat 0.0019954144954681396 120 0 237 62
person 0.0016165375709533691 34 176 54 209
chair 0.0907389223575592 159 249 186 302
chair 0.0013564825057983398 0 370 29 410
chair 0.0029812753200531006 311 321 370 409
sofa 0.005468875169754028 153 27 236 62
person 0.002406179904937744 42 172 70 206
pottedplant 0.0010567307472229004 44 120 85 166
chair 0.10016891360282898 66 312 88 364
pottedplant 0.00391504168510437 280 148 293 169
chair 0.001146942377090454 256 384 308 437
boat 0.02186596393585205 1 0 75 170
chair 0.0024724602699279785 16 292 49 330
chair 0.001432657241821289 0 380 12 416
chair 0.003324180841445923 77 315 92 365
person 0.0034293532371520996 22 353 70 416
chair 0.007402688264846802 279 172 308 204
diningtable 0.16026467084884644 176 255 265 302
chair 0.007489442825317383 36 353 72 420
person 0.07450070977210999 21 176 69 236
chair 0.007232218980789185 55 351 75 415
chair 0.008156836032867432 298 208 337 251
chair 0.0027042627334594727 303 178 320 206
chair 0.0017007291316986084 42 364 65 423
chair 0.0010902583599090576 259 362 307 430
chair 0.02432847023010254 308 183 336 214
person 0.0013459324836730957 239 235 290 310
person 0.005219787359237671 0 394 26 450
chair 0.001388639211654663 271 381 306 429
diningtable 0.002074718475341797 8 293 48 328
person 0.8128677606582642 87 155 117 240
person 0.01949256658554077 0 392 44 455
chair 0.004348009824752808 253 239 293 307
boat 0.0012065470218658447 111 82 268 168
person 0.2166738212108612 17 313 70 384
chair 0.007232218980789185 47 302 85 350
chair 0.013326108455657959 265 260 294 304
chair 0.01518791913986206 28 312 79 369
pottedplant 0.0023782849311828613 62 106 89 144
chair 0.005119770765304565 48 356 75 420
chair 0.0031358301639556885 54 303 85 335
chair 0.0037219226360321045 277 259 294 297
chair 0.05856207013130188 46 309 87 364
chair 0.0021073520183563232 64 357 85 419
pottedplant 0.0064885616302490234 56 109 85 145
chair 0.0015487074851989746 146 357 185 422
chair 0.0026832520961761475 354 307 374 394
chair 0.002140522003173828 290 236 317 296
pottedplant 0.0021742284297943115 59 124 84 144
chair 0.0030162930488586426 157 363 190 421
pottedplant 0.0011694133281707764 54 0 90 60
diningtable 0.0076958537101745605 140 151 248 241
pottedplant 0.07369807362556458 81 7 112 56
chair 0.0011336207389831543 311 257 345 296
chair 0.003751039505004883 257 282 287 346
chair 0.2720247507095337 139 112 166 144
diningtable 0.005842477083206177 0 377 17 407
boat 0.003976315259933472 85 83 319 273
chair 0.34158164262771606 164 301 216 372
diningtable 0.0018388032913208008 0 372 27 409
chair 0.002415567636489868 289 269 325 333
person 0.0010043680667877197 120 10 145 52
chair 0.1187908947467804 308 182 338 228
chair 0.0030874907970428467 305 274 327 331
chair 0.004468142986297607 298 174 317 204
chair 0.02396056056022644 308 179 333 207
diningtable 0.3575683832168579 326 174 373 210
chair 0.005865275859832764 161 272 196 334
sofa 0.0013250410556793213 151 32 237 88
chair 0.0028228759765625 198 107 217 147
boat 0.011374980211257935 93 126 319 314
chair 0.0020505785942077637 155 36 237 89
chair 0.004830062389373779 308 176 342 208
chair 0.0030045807361602783 202 108 227 150
chair 0.006513714790344238 326 174 352 205
chair 0.13206565380096436 159 250 186 280
chair 0.004538297653198242 212 119 235 149
chair 0.0800657868385315 326 174 372 205
chair 0.003185272216796875 161 362 194 415
chair 0.0023968517780303955 163 274 207 319
chair 0.0024921000003814697 220 114 243 150
chair 0.0011925697326660156 109 90 129 127
sofa 0.0062660276889801025 126 7 236 61
chair 0.0019117295742034912 69 339 91 365
chair 0.002912372350692749 222 111 261 148
car 0.002935171127319336 6 178 75 234
diningtable 0.003298431634902954 354 177 374 208
chair 0.03649437427520752 110 92 140 139
chair 0.0017684698104858398 361 175 374 217
boat 0.08299189805984497 113 142 254 239
pottedplant 0.010170340538024902 56 106 93 131
person 0.00790780782699585 0 182 18 225
pottedplant 0.040386855602264404 70 106 93 125
diningtable 0.00142708420753479 0 361 33 407
boat 0.006538987159729004 94 121 299 377
diningtable 0.0030280649662017822 307 191 360 265
chair 0.004182338714599609 107 68 128 98
diningtable 0.016530483961105347 330 180 374 265
boat 0.0011558830738067627 69 83 330 444
person 0.5660187602043152 8 313 70 409
person 0.46684539318084717 77 44 99 108
chair 0.0011694133281707764 -4 417 64 470
person 0.0016228556632995605 77 45 111 103
chair 0.003976315259933472 256 263 291 335
boat 0.003736436367034912 26 124 290 489
person 0.003075540065765381 118 55 144 90
chair 0.002912372350692749 94 219 122 241
chair 0.0016483962535858154 255 261 294 320
person 0.004331141710281372 48 179 74 230
boat 0.0012594163417816162 109 141 264 468
pottedplant 0.005261063575744629 145 45 204 130
chair 0.0031724870204925537 62 341 85 409
chair 0.0010322332382202148 75 323 93 365
chair 0.05070251226425171 52 186 80 226
chair 0.006097882986068726 59 185 84 223
chair 0.038034677505493164 311 322 359 374
chair 0.005774706602096558 303 265 325 327
chair 0.0017753839492797852 65 159 92 218
person 0.22541701793670654 8 172 40 236
chair 0.003565669059753418 194 99 215 139
chair 0.003751039505004883 120 92 151 138
chair 0.011418908834457397 158 302 217 410
person 0.028653234243392944 151 155 180 234
boat 0.004399091005325317 118 141 261 321
chair 0.002641737461090088 304 272 333 328
chair 0.0021321773529052734 237 216 265 260
person 0.05728462338447571 33 181 70 237
chair 0.007148534059524536 200 103 229 138
bottle 0.0013564825057983398 3 332 30 365
chair 0.00185316801071167 267 198 313 276
chair 0.023598521947860718 36 184 79 231
person 0.0015366971492767334 12 340 72 415
chair 0.0022963285446166992 312 268 356 328
chair 0.003780364990234375 295 201 316 267
chair 0.0010322332382202148 208 109 238 135
chair 0.0020505785942077637 331 305 374 382
diningtable 0.0012994110584259033 128 161 180 237
chair 0.007489442825317383 279 164 311 203
chair 0.014614790678024292 56 342 75 398
person 0.18952050805091858 71 44 85 97
chair 0.474631130695343 229 296 285 398
chair 0.0015307366847991943 139 103 189 141
chair 0.002693742513656616 362 305 375 387
chair 0.001367121934890747 335 218 374 261
chair 0.0022873878479003906 285 166 318 191
chair 0.0016102492809295654 0 328 12 360
chair 0.0016483962535858154 233 304 309 400
chair 0.0027360916137695312 300 168 319 188
chair 0.0021742284297943115 67 341 87 391
chair 0.0015668869018554688 306 173 340 193
chair 0.00517958402633667 183 109 212 139
chair 0.0013995170593261719 161 347 215 414
chair 0.004538297653198242 325 174 341 189
chair 0.004416227340698242 199 102 217 139
chair 0.003324180841445923 200 94 227 136
diningtable 0.0015010833740234375 0 330 34 367
chair 0.0017823278903961182 293 232 312 279
chair 0.003075540065765381 204 91 231 134
chair 0.001111745834350586 95 54 117 88
chair 0.0024344027042388916 215 489 275 499
chair 0.004556000232696533 207 109 233 148
person 0.001972287893295288 29 315 51 361
chair 0.0012994110584259033 309 240 343 293
chair 0.0019117295742034912 226 93 265 134
chair 0.0022431910037994385 104 54 128 92
chair 0.0015366971492767334 231 87 268 131
chair 0.002424955368041992 326 187 367 228
person 0.0015977323055267334 43 159 73 189
chair 0.24220746755599976 308 186 340 243
chair 0.00257071852684021 225 111 261 135
chair 0.0028118789196014404 338 202 371 224
chair 0.0051396191120147705 332 235 373 299
chair 0.0010650157928466797 243 76 272 105
person 0.005980461835861206 114 54 138 90
chair 0.004468142986297607 165 299 217 352
chair 0.0018969178199768066 255 62 277 99
chair 0.0067453086376190186 261 64 293 100
chair 0.012288272380828857 0 190 33 240
chair 0.005040973424911499 265 77 297 100
chair 0.0034561753273010254 227 294 281 343
chair 0.0011513829231262207 113 150 147 182
person 0.6825742125511169 141 157 180 243
person 0.7943847179412842 198 216 237 262
person 0.0052814483642578125 82 16 110 57
pottedplant 0.0015729963779449463 280 148 311 199
chair 0.0014215409755706787 345 176 374 220
pottedplant 0.0023324191570281982 279 156 317 203
chair 0.0010004639625549316 282 212 321 277
chair 0.0031724870204925537 94 71 114 108
person 0.007345408201217651 98 24 115 57
chair 0.022543251514434814 99 71 123 109
chair 0.020099759101867676 105 70 127 114
chair 0.0014215409755706787 257 398 304 493
chair 0.11716783046722412 307 210 342 266
chair 0.007232218980789185 108 71 139 117
person 0.006413578987121582 100 27 117 57
chair 0.00208282470703125 306 207 360 265
chair 0.0022519826889038086 255 293 285 351
diningtable 0.026356011629104614 335 218 374 264
chair 0.017443329095840454 195 52 238 90
person 0.0017615854740142822 106 34 122 56
diningtable 0.0012742578983306885 165 302 215 373
person 0.03501462936401367 10 172 34 199
diningtable 0.40733349323272705 183 255 262 324
chair 0.002115577459335327 198 486 274 499
person 0.004166156053543091 24 171 41 194
chair 0.014336913824081421 99 70 126 100
