person 0.020885050296783447 0 6 423 374
dog 0.003664344549179077 164 92 499 337
dog 0.03397315740585327 0 145 324 376
dog 0.06097537279129028 1 156 457 377
bird 0.012971192598342896 0 157 321 376
person 0.002115577459335327 477 138 499 264
person 0.004944056272506714 477 83 499 311
person 0.0051396191120147705 476 36 499 266
cat 0.004118025302886963 74 10 293 210
dog 0.004645615816116333 74 11 293 216
dog 0.005911082029342651 73 9 490 222
person 0.002359837293624878 74 11 294 227
person 0.0013302266597747803 463 43 499 345
dog 0.7233090996742249 70 9 499 316
person 0.0021321773529052734 459 136 499 325
person 0.005490154027938843 473 127 499 331
person 0.001495271921157837 491 132 499 257
horse 0.019122570753097534 476 126 499 338
horse 0.003537982702255249 476 137 499 247
horse 0.0017342865467071533 485 130 499 249
person 0.0021488964557647705 493 134 500 291
