person 0.3165799379348755 51 196 375 499
person 0.0018459856510162354 0 206 304 492
sofa 0.027067720890045166 0 378 369 500
chair 0.0682893693447113 0 378 331 499
chair 0.0022696256637573242 0 457 330 499
chair 0.004538297653198242 0 435 350 499
person 0.2901751399040222 52 57 376 496
person 0.8158200979232788 0 0 287 497
sofa 0.011418908834457397 0 253 360 499
chair 0.010735392570495605 1 238 363 499
person 0.0012496113777160645 90 69 203 315
person 0.0017823278903961182 0 463 204 499
chair 0.0010444223880767822 305 0 375 164
chair 0.007636308670043945 0 467 263 500
chair 0.001388639211654663 209 0 374 163
chair 0.003185272216796875 264 0 375 162
cat 0.001040339469909668 354 405 374 455
person 0.6104536652565002 102 0 278 367
person 0.02104562520980835 339 238 374 433
bottle 0.08663347363471985 265 244 284 276
tvmonitor 0.0869433581829071 223 79 307 167
tvmonitor 0.05728462338447571 137 79 307 167
dog 0.0026212334632873535 178 411 366 495
dog 0.0013459324836730957 145 364 389 496
