motorbike 0.7431692481040955 195 132 425 327
motorbike 0.031259775161743164 290 150 425 294
person 0.001560807228088379 264 55 379 141
person 0.014955878257751465 263 54 380 196
person 0.0016228556632995605 190 185 309 318
person 0.0010650157928466797 289 175 357 297
boat 0.005261063575744629 205 47 499 228
boat 0.0016548335552215576 459 22 499 217
boat 0.001680910587310791 260 6 500 171
boat 0.011596441268920898 0 48 460 204
person 0.7453993558883667 262 54 394 293
person 0.8294904232025146 186 92 353 320
person 0.01444736123085022 264 54 317 111
person 0.002323359251022339 185 91 307 253
person 0.0028228759765625 310 96 396 278
person 0.0011336207389831543 308 122 412 271
