sheep 0.087566077709198 300 194 311 202
sheep 0.022372186183929443 387 194 396 201
sheep 0.03449025750160217 405 194 416 201
sheep 0.01627802848815918 489 190 499 199
sheep 0.003765672445297241 32 196 48 211
sheep 0.001714080572128296 160 200 174 209
sheep 0.004086285829544067 169 200 177 209
sheep 0.002790004014968872 212 199 220 206
sheep 0.005729943513870239 225 199 235 207
sheep 0.008812874555587769 276 201 288 207
sheep 0.00874510407447815 295 194 306 207
sheep 0.0023324191570281982 320 198 330 206
sheep 0.00933942198753357 338 198 348 207
sheep 0.0033632218837738037 355 199 365 209
sheep 0.002424955368041992 404 269 431 283
sheep 0.0017963051795959473 429 274 448 283
sheep 0.007636308670043945 32 198 45 212
sheep 0.0685386061668396 441 276 451 284
sheep 0.005343139171600342 35 207 51 216
sheep 0.006169408559799194 441 276 455 284
sheep 0.007176309823989868 457 275 472 284
sheep 0.08180961012840271 459 275 476 284
sheep 0.0035518109798431396 66 241 80 248
sheep 0.0010650157928466797 69 240 90 248
sheep 0.0051396191120147705 213 212 222 222
sheep 0.0012544989585876465 160 199 176 213
sheep 0.002359837293624878 168 200 177 212
sheep 0.005980461835861206 441 276 458 285
sheep 0.004364967346191406 447 275 475 285
sheep 0.08787891268730164 460 275 486 285
sheep 0.001674354076385498 305 243 320 255
sheep 0.0018245279788970947 366 266 379 280
sheep 0.0013044774532318115 306 243 330 255
sheep 0.001120448112487793 316 244 341 255
sheep 0.001289278268814087 336 245 352 255
sheep 0.0019117295742034912 339 245 360 255
sheep 0.005219787359237671 344 245 366 255
sheep 0.057074129581451416 310 271 323 279
sheep 0.001432657241821289 310 271 341 279
sheep 0.06164824962615967 332 271 352 280
sheep 0.01524651050567627 440 273 450 285
sheep 0.012431591749191284 388 270 403 280
sheep 0.21076658368110657 394 270 403 280
sheep 0.0010650157928466797 71 237 84 245
sheep 0.002424955368041992 400 249 408 257
sheep 0.0013459324836730957 408 250 421 258
sheep 0.0035518109798431396 441 230 452 239
sheep 0.03222090005874634 44 209 52 217
sheep 0.014955878257751465 476 224 486 231
sheep 0.035814911127090454 251 194 260 203
sheep 0.00959622859954834 110 267 125 273
sheep 0.009821981191635132 295 194 311 205
sheep 0.0022785067558288574 175 267 202 276
sheep 0.0014382600784301758 228 172 253 193
sheep 0.0037219226360321045 231 171 258 192
sheep 0.0030162930488586426 234 171 265 192
sheep 0.004503071308135986 254 177 266 191
sheep 0.001489490270614624 18 154 34 160
sheep 0.0016874969005584717 6 183 23 191
sheep 0.025760233402252197 37 152 54 160
sheep 0.003272920846939087 11 184 26 191
sheep 0.002757549285888672 42 186 53 192
sheep 0.07668477296829224 50 187 60 193
sheep 0.003664344549179077 54 188 70 195
sheep 0.0016228556632995605 62 188 79 196
sheep 0.29910558462142944 367 269 382 279
sheep 0.0018822550773620605 67 186 87 195
sheep 0.003123670816421509 80 186 94 196
sheep 0.016091108322143555 85 186 95 196
sheep 0.023688465356826782 394 269 420 281
sheep 0.00106087327003479 142 180 172 195
sheep 0.6352227926254272 404 269 421 282
sheep 0.0016613304615020752 158 180 172 195
sheep 0.0011292099952697754 162 182 175 195
sheep 0.001178741455078125 236 177 258 193
sheep 0.0013250410556793213 246 180 264 194
sheep 0.0017478764057159424 253 179 265 192
sheep 0.0019876956939697266 55 141 76 151
sheep 0.0018245279788970947 73 142 95 149
sheep 0.005301922559738159 77 142 95 148
sheep 0.0024724602699279785 0 144 11 154
sheep 0.0017410516738891602 60 145 76 154
sheep 0.10158616304397583 32 194 43 205
sheep 0.004905790090560913 63 191 71 197
sheep 0.0037074387073516846 63 191 74 197
sheep 0.0028897523880004883 421 292 441 299
sheep 0.0013564825057983398 421 293 448 299
sheep 0.0024921000003814697 6 175 27 190
sheep 0.0010083019733428955 22 177 46 190
sheep 0.016530483961105347 123 141 138 148
bird 0.001111745834350586 489 187 499 200
sheep 0.016658097505569458 263 264 277 272
sheep 0.0025508105754852295 495 250 499 263
sheep 0.409220814704895 69 287 94 314
sheep 0.020488768815994263 170 260 178 267
sheep 0.4687906503677368 69 286 110 314
sheep 0.4016876220703125 85 286 110 313
sheep 0.7981867790222168 116 291 135 311
sheep 0.0177803635597229 70 300 86 314
sheep 0.10230165719985962 69 298 90 314
