diningtable 0.8723500967025757 109 265 324 372
chair 0.925230085849762 258 261 372 374
chair 0.6601731777191162 42 242 110 371
diningtable 0.0024921000003814697 236 262 363 372
person 0.002453356981277466 483 22 499 267
pottedplant 0.0010485053062438965 181 224 257 295
pottedplant 0.0012544989585876465 180 230 275 348
chair 0.02920001745223999 230 235 275 331
chair 0.6601731777191162 272 238 352 327
chair 0.18242335319519043 43 242 83 366
chair 0.0015426874160766602 54 243 144 332
chair 0.0015853047370910645 107 250 165 330
chair 0.03067392110824585 133 235 181 353
pottedplant 0.0013995170593261719 167 234 264 368
chair 0.33112019300460815 348 246 384 370
chair 0.018125414848327637 239 84 264 110
chair 0.2261001169681549 303 246 385 374
pottedplant 0.011072665452957153 181 226 238 270
chair 0.8925619125366211 52 247 159 373
chair 0.6001884341239929 234 235 274 269
chair 0.0033112764358520508 43 244 67 345
chair 0.00284498929977417 105 254 159 356
chair 0.0016355812549591064 109 267 187 368
chair 0.00321003794670105 126 237 188 370
chair 0.005261063575744629 126 250 229 372
diningtable 0.0014722347259521484 222 265 324 366
chair 0.004573792219161987 265 256 341 368
chair 0.009821981191635132 313 238 351 323
chair 0.003537982702255249 316 240 375 343
chair 0.005080223083496094 109 239 184 322
chair 0.03032785654067993 138 234 182 321
chair 0.12896111607551575 334 242 385 374
chair 0.0026110410690307617 43 242 80 319
chair 0.651354193687439 140 234 182 272
chair 0.06210097670555115 306 238 351 302
chair 0.07316717505455017 314 237 351 282
chair 0.002199828624725342 107 274 158 323
chair 0.920792818069458 154 268 247 374
pottedplant 0.0035796165466308594 482 99 499 256
