person 0.0026520490646362305 242 73 373 485
person 0.28696733713150024 1 102 299 499
person 0.016916126012802124 122 112 374 497
chair 0.11716783046722412 -23 3 374 500
person 0.12043944001197815 0 5 93 435
person 0.8037909269332886 49 -2 324 494
person 0.00394555926322937 286 5 374 498
dog 0.517570972442627 87 329 229 477
person 0.013689994812011719 3 240 375 500
dog 0.01048976182937622 1 90 243 486
dog 0.04320555925369263 77 188 232 478
person 0.03817746043205261 316 72 374 479
person 0.003496825695037842 154 0 374 87
sofa 0.1135827898979187 -5 25 373 461
person 0.003899872303009033 207 0 374 252
sofa 0.0012399256229400635 0 0 362 191
person 0.0022873878479003906 241 0 374 301
person 0.00831615924835205 258 0 374 85
chair 0.003565669059753418 0 19 94 497
person 0.007938534021377563 300 0 373 84
pottedplant 0.0017410516738891602 226 0 376 82
dog 0.0020991265773773193 0 315 91 405
diningtable 0.002631455659866333 0 413 70 499
person 0.001069188117980957 124 267 319 344
