person 0.9558143019676208 188 42 500 373
person 0.0012842416763305664 81 170 200 372
person 0.9463987350463867 0 57 198 375
person 0.0023052990436553955 0 63 34 371
chair 0.0013778507709503174 0 161 188 373
bottle 0.007120847702026367 0 26 26 190
bottle 0.006903529167175293 0 27 64 192
person 0.003537982702255249 0 133 24 373
bottle 0.02245756983757019 456 340 499 374
person 0.009267330169677734 456 151 499 374
person 0.0034293532371520996 0 25 18 259
diningtable 0.00406983494758606 0 51 64 238
diningtable 0.008062601089477539 0 90 65 196
tvmonitor 0.0013096034526824951 482 140 499 280
bottle 0.0023052990436553955 4 40 16 123
person 0.0012350976467132568 0 61 88 372
person 0.0012994110584259033 0 34 62 247
person 0.004718571901321411 0 23 13 292
diningtable 0.0062660276889801025 0 108 65 241
person 0.0010004639625549316 0 178 24 331
person 0.00208282470703125 0 111 8 229
bottle 0.018404453992843628 0 38 5 134
bottle 0.009784013032913208 2 55 17 134
bottle 0.003160238265991211 95 212 165 274
bottle 0.012006610631942749 94 212 165 319
bottle 0.004399091005325317 0 156 7 233
bottle 0.007547855377197266 93 210 192 332
bottle 0.0028561055660247803 0 147 7 257
bottle 0.007846683263778687 458 186 499 373
bottle 0.0021827220916748047 452 318 500 374
bottle 0.004150032997131348 449 281 499 374
bottle 0.019418001174926758 0 76 47 135
bottle 0.0024628937244415283 94 212 166 243
bottle 0.05728462338447571 0 53 26 136
person 0.006241738796234131 0 76 22 338
person 0.003780364990234375 0 62 15 346
tvmonitor 0.0010043680667877197 476 28 499 285
