car 0.9635056257247925 291 174 499 286
car 0.173289954662323 0 167 93 247
car 0.562176525592804 0 163 176 247
car 0.44649457931518555 164 176 281 240
person 0.04272308945655823 493 171 499 230
boat 0.0011074244976043701 0 67 24 232
person 0.016029298305511475 482 174 499 212
person 0.04069101810455322 493 165 500 251
car 0.21206903457641602 0 183 19 245
person 0.0411514937877655 491 163 500 271
person 0.0685386061668396 274 137 325 211
person 0.0020585954189300537 489 152 499 225
person 0.0034696757793426514 261 146 280 211
car 0.006217539310455322 0 137 26 245
person 0.009267330169677734 265 144 288 203
car 0.0010322332382202148 126 172 155 242
person 0.8407841920852661 318 136 365 190
car 0.0028228759765625 136 174 159 234
car 0.004886746406555176 0 191 8 248
car 0.0014438629150390625 134 165 168 186
bus 0.0022344589233398438 0 85 23 246
person 0.004924893379211426 100 156 174 242
bus 0.011418908834457397 0 72 30 252
bus 0.004718571901321411 0 78 64 251
car 0.020022839307785034 0 99 59 246
bus 0.009089648723602295 148 162 186 188
bottle 0.001069188117980957 58 12 113 111
person 0.009124904870986938 262 187 290 271
train 0.013532936573028564 0 60 24 255
train 0.002790004014968872 0 65 62 250
person 0.0017547309398651123 344 155 365 181
car 0.0021742284297943115 445 169 468 174
car 0.0029466450214385986 134 169 175 212
car 0.007232218980789185 138 167 185 208
car 0.024608224630355835 146 162 187 205
person 0.8895261287689209 218 152 265 279
car 0.001012265682220459 157 179 189 199
car 0.0012544989585876465 160 178 203 198
person 0.8933094143867493 102 156 145 294
car 0.22202426195144653 126 167 176 245
car 0.0010988116264343262 492 165 499 273
bus 0.005119770765304565 0 109 24 211
car 0.0013778507709503174 284 199 306 240
car 0.028115570545196533 147 163 186 239
person 0.692642092704773 258 144 288 269
car 0.003285646438598633 372 173 485 204
car 0.031497299671173096 368 173 498 221
person 0.02517762780189514 488 166 499 240
car 0.09981748461723328 9 170 70 248
car 0.10631856322288513 101 158 175 246
car 0.002912372350692749 484 164 499 276
car 0.003442734479904175 480 184 496 207
person 0.7563560009002686 268 137 326 249
car 0.00629037618637085 481 180 498 209
person 0.029425203800201416 494 170 499 220
car 0.0020425915718078613 449 173 499 257
car 0.00959622859954834 34 169 71 244
person 0.04903769493103027 487 167 499 256
car 0.19012126326560974 0 183 30 254
motorbike 0.0011694133281707764 283 198 309 238
person 0.00185316801071167 273 143 289 229
car 0.01627802848815918 372 173 407 182
car 0.03271239995956421 372 173 426 183
car 0.2620844841003418 0 180 44 262
person 0.8940523266792297 12 145 47 287
car 0.035146862268447876 370 173 445 185
person 0.9289232492446899 60 147 110 290
car 0.0012943148612976074 372 173 418 188
car 0.0063148438930511475 371 173 431 192
car 0.005511492490768433 370 173 452 197
car 0.0026832520961761475 485 170 499 213
