car 0.7534657716751099 395 41 499 293
car 0.00208282470703125 100 37 142 48
person 0.0014050006866455078 489 54 499 109
person 0.0022696256637573242 0 19 11 148
car 0.7416753768920898 0 28 78 293
person 0.004792630672454834 0 33 11 108
car 0.9481565952301025 56 36 440 364
car 0.003930270671844482 477 39 499 132
car 0.0010241866111755371 0 31 21 157
person 0.0010162293910980225 487 42 499 114
car 0.009303301572799683 31 36 83 50
car 0.8344064950942993 255 25 405 96
person 0.0010650157928466797 0 22 7 176
