car 0.8940523266792297 28 61 478 306
person 0.003298431634902954 242 33 292 137
person 0.0017963051795959473 88 26 116 109
person 0.029985934495925903 191 62 202 75
car 0.11919951438903809 195 43 226 61
person 0.048675328493118286 228 41 238 63
person 0.006463468074798584 252 36 266 72
person 0.002314329147338867 62 70 98 123
person 0.0018459856510162354 74 71 99 123
person 0.0010485053062438965 366 49 380 80
pottedplant 0.001040339469909668 246 30 259 39
car 0.011374980211257935 274 32 295 44
person 0.0010043680667877197 366 48 387 81
car 0.0069571733474731445 281 30 322 47
car 0.0029237568378448486 289 28 325 44
car 0.0022785067558288574 289 24 331 44
person 0.0020346641540527344 186 62 204 83
person 0.00564149022102356 190 62 203 82
person 0.0025310516357421875 192 62 222 92
person 0.0012447535991668701 234 42 295 92
motorbike 0.0010241866111755371 133 43 173 72
car 0.34864580631256104 9 36 24 54
car 0.062328606843948364 22 28 47 45
person 0.006388753652572632 252 36 280 78
car 0.040538668632507324 42 36 64 46
car 0.007402688264846802 312 32 487 117
car 0.0014382600784301758 18 39 37 65
person 0.007938534021377563 133 27 149 61
car 0.002867281436920166 272 19 354 58
car 0.003621727228164673 181 42 214 62
aeroplane 0.001466512680053711 287 22 353 50
car 0.9026106595993042 304 54 489 176
person 0.0021488964557647705 190 35 295 97
person 0.0018388032913208008 58 50 67 80
person 0.0015130341053009033 86 31 99 65
person 0.6654106378555298 153 18 177 73
car 0.014955878257751465 175 40 189 59
car 0.05500715970993042 185 41 210 57
car 0.040386855602264404 288 24 354 54
car 0.0032602250576019287 13 36 28 58
car 0.013742715120315552 1 36 17 55
person 0.002790004014968872 85 24 101 74
boat 0.002790004014968872 190 62 262 107
person 0.004022836685180664 87 28 111 63
car 0.7676874399185181 18 35 65 65
person 0.006438493728637695 253 62 292 91
bicycle 0.0024921000003814697 257 65 294 90
person 0.8333238959312439 60 13 97 113
person 0.0033763349056243896 129 19 168 68
car 0.0025115013122558594 154 22 186 65
car 0.0014104843139648438 360 42 387 58
car 0.002693742513656616 362 37 392 59
person 0.001554727554321289 237 38 291 71
person 0.2538601756095886 253 34 292 74
person 0.0067453086376190186 128 28 150 65
motorbike 0.005663484334945679 128 28 155 66
motorbike 0.003884732723236084 132 27 172 64
car 0.40733349323272705 365 33 489 87
car 0.007816284894943237 156 39 187 62
car 0.025760233402252197 173 42 187 61
person 0.005261063575744629 232 43 244 63
car 0.001040339469909668 257 33 292 76
person 0.8489729166030884 98 11 141 66
person 0.0017478764057159424 127 17 155 68
car 0.5794005393981934 252 33 330 72
car 0.396068274974823 280 33 331 71
car 0.0026008784770965576 307 45 331 69
motorbike 0.0020346641540527344 363 44 388 59
car 0.008284062147140503 368 44 389 59
car 0.004364967346191406 182 38 199 51
car 0.0011513829231262207 197 37 225 60
pottedplant 0.0024438798427581787 221 35 237 55
person 0.007038503885269165 251 35 262 64
car 0.002693742513656616 261 32 295 51
car 0.015723586082458496 267 32 301 48
car 0.006513714790344238 272 33 321 49
person 0.0015729963779449463 190 62 207 98
car 0.36296921968460083 185 41 221 60
car 0.001178741455078125 216 41 228 62
person 0.013172894716262817 243 38 259 69
person 0.010449320077896118 248 35 263 71
car 0.009375691413879395 260 33 308 71
car 0.00809389352798462 263 33 323 54
car 0.009860128164291382 299 39 332 66
car 0.0011074244976043701 311 42 333 63
person 0.01182246208190918 332 43 341 63
person 0.010409027338027954 333 42 345 63
person 0.0069841742515563965 341 40 351 63
motorbike 0.0013995170593261719 363 43 382 59
car 0.010735392570495605 281 33 323 52
car 0.0026520490646362305 287 30 335 57
car 0.0010322332382202148 389 33 493 53
