person 0.008711427450180054 33 2 476 373
person 0.015602916479110718 0 2 79 374
person 0.003123670816421509 0 9 190 374
diningtable 0.0018604099750518799 12 181 434 374
person 0.8736495971679688 52 0 326 374
bottle 0.00629037618637085 99 222 210 372
bottle 0.004848897457122803 153 226 209 358
bottle 0.004755467176437378 148 208 334 373
bottle 0.013122200965881348 154 226 208 308
bottle 0.005957245826721191 156 226 201 282
chair 0.0012018680572509766 14 2 489 374
person 0.0013564825057983398 -1 9 276 373
chair 0.001466512680053711 0 0 68 114
