car 0.002631455659866333 185 131 404 292
person 0.7364015579223633 151 59 293 281
car 0.9130566120147705 0 147 69 302
car 0.9465968012809753 234 147 449 302
person 0.001972287893295288 285 160 322 190
person 0.7008944153785706 73 69 95 117
car 0.0011160969734191895 327 125 418 154
person 0.8783152103424072 101 59 135 120
person 0.3522022068500519 238 99 256 124
boat 0.0021742284297943115 150 123 382 170
car 0.004182338714599609 209 129 440 175
car 0.005774706602096558 249 125 418 162
car 0.006640911102294922 303 125 419 161
person 0.003765672445297241 74 68 96 135
person 0.005957245826721191 150 57 174 180
boat 0.0012207329273223877 182 116 413 154
person 0.001040339469909668 365 171 392 194
bird 0.004700213670730591 0 11 6 42
bird 0.0028784871101379395 0 14 13 46
boat 0.007345408201217651 148 60 421 181
boat 0.003991752862930298 161 124 377 157
person 0.003123670816421509 149 57 205 279
person 0.01090201735496521 152 73 422 283
bird 0.0035518109798431396 0 23 14 45
train 0.007518589496612549 146 115 420 223
bird 0.0038396716117858887 0 29 14 45
car 0.041306138038635254 190 120 420 158
person 0.0016874969005584717 172 119 211 187
car 0.008950114250183105 146 112 424 285
boat 0.002453356981277466 209 121 420 158
bus 0.002314329147338867 235 124 419 161
car 0.002415567636489868 391 126 419 160
person 0.0012065470218658447 150 94 195 153
person 0.01186823844909668 149 60 267 225
person 0.029425203800201416 150 59 211 195
person 0.001225501298904419 0 139 17 249
