sofa 0.0016419589519500732 0 105 81 306
motorbike 0.012099772691726685 0 225 87 332
car 0.9178962707519531 52 50 499 316
person 0.22678464651107788 0 164 86 332
person 0.0014159977436065674 488 101 499 228
person 0.011596441268920898 0 143 5 242
person 0.001674354076385498 394 59 412 78
person 0.006339401006698608 0 126 6 254
person 0.00874510407447815 442 75 457 142
person 0.0021827220916748047 0 60 21 229
bottle 0.0011336207389831543 52 217 75 238
person 0.33807653188705444 450 79 466 143
person 0.0012447535991668701 41 57 66 135
person 0.0018245279788970947 92 79 146 133
person 0.8723500967025757 0 168 75 283
person 0.0033632218837738037 0 150 9 280
chair 0.0018174350261688232 0 223 81 332
person 0.16398006677627563 0 67 29 159
person 0.0783575177192688 478 60 500 211
car 0.001264333724975586 0 65 18 93
person 0.7994424104690552 384 65 421 133
person 0.0015729963779449463 309 66 361 113
person 0.0010241866111755371 16 60 32 84
person 0.651354193687439 427 74 454 144
person 0.7534657716751099 462 58 499 165
person 0.008188486099243164 347 74 369 114
person 0.005468875169754028 0 105 4 194
person 0.0027148425579071045 0 167 11 262
person 0.0018103718757629395 383 75 398 112
person 0.01530534029006958 363 73 394 113
bottle 0.013021320104598999 50 220 74 261
person 0.01904943585395813 461 76 481 143
person 0.05665522813796997 460 79 474 146
person 0.03308582305908203 464 58 499 248
person 0.0028009116649627686 0 54 71 174
person 0.0030045807361602783 0 83 5 180
person 0.07450070977210999 483 78 499 205
person 0.7033457159996033 0 55 76 253
person 0.0012065470218658447 0 55 49 176
person 0.0014382600784301758 400 62 414 83
person 0.019122570753097534 486 71 500 167
person 0.011030197143554688 6 67 28 89
person 0.0013044774532318115 111 90 159 133
person 0.3140498101711273 336 74 360 109
person 0.0018822550773620605 355 62 385 113
person 0.031141668558120728 338 73 371 114
person 0.010611921548843384 363 60 408 114
person 0.1801062822341919 383 60 407 121
person 0.2005576193332672 361 83 388 113
person 0.011731505393981934 383 66 401 111
person 0.022202253341674805 473 87 499 164
person 0.012431591749191284 354 75 375 114
person 0.01949256658554077 358 77 378 113
person 0.02717086672782898 486 87 499 187
person 0.0028118789196014404 376 62 397 110
person 0.22541701793670654 384 59 406 106
person 0.766291081905365 315 64 341 98
person 0.008445650339126587 0 150 4 221
person 0.0017275214195251465 0 146 13 217
person 0.003160238265991211 398 66 421 125
person 0.018688201904296875 462 79 474 109
person 0.0022344589233398438 0 118 14 302
person 0.0028897523880004883 0 146 19 277
person 0.005099952220916748 0 58 8 180
person 0.0016165375709533691 0 83 12 292
person 0.02432847023010254 0 67 17 146
person 0.0018388032913208008 402 66 421 101
person 0.0016483962535858154 439 75 456 109
person 0.00391504168510437 455 79 466 127
person 0.009746164083480835 462 79 474 96
person 0.013585120439529419 462 78 474 91
person 0.12678229808807373 0 66 29 106
person 0.021207362413406372 339 73 356 100
person 0.001714080572128296 351 73 367 110
person 0.0014050006866455078 378 60 404 94
person 0.1422344446182251 387 60 406 91
person 0.001489490270614624 402 65 421 90
person 0.02405199408531189 0 69 13 113
