diningtable 0.003899872303009033 0 211 47 373
sofa 0.1889212727546692 224 245 498 373
diningtable 0.17217358946800232 0 209 62 335
cat 0.0011513829231262207 474 285 499 335
chair 0.03234308958053589 0 225 20 325
chair 0.3702242970466614 0 225 64 335
person 0.0014608204364776611 16 168 50 198
pottedplant 0.027587056159973145 187 159 204 184
chair 0.0021573007106781006 0 206 43 307
dog 0.007547855377197266 473 304 499 334
chair 0.015845149755477905 27 215 61 302
chair 0.024891287088394165 0 219 26 315
cat 0.001178741455078125 428 303 499 335
cat 0.003524214029312134 472 304 499 335
chair 0.001367121934890747 0 220 42 374
chair 0.031497299671173096 0 216 10 321
chair 0.008188486099243164 0 232 47 314
cat 0.06878867745399475 397 301 492 341
pottedplant 0.002867281436920166 208 162 227 184
chair 0.006640911102294922 0 181 15 302
chair 0.005729943513870239 0 203 36 292
sofa 0.002631455659866333 0 177 51 285
person 0.0012065470218658447 1 179 37 201
person 0.0030280649662017822 13 177 50 199
diningtable 0.002359837293624878 0 295 43 373
pottedplant 0.050141364336013794 187 158 217 183
chair 0.002140522003173828 29 232 63 328
pottedplant 0.009124904870986938 345 91 363 118
sofa 0.016215503215789795 0 177 60 314
sofa 0.06512489914894104 0 177 58 218
