chair 0.006876885890960693 241 161 477 374
person 0.9139833450317383 144 49 245 352
person 0.0017007291316986084 143 131 323 329
person 0.5224458575248718 257 162 390 306
chair 0.5631378889083862 327 185 459 374
diningtable 0.7446573972702026 411 151 499 373
pottedplant 0.018194735050201416 0 20 36 53
pottedplant 0.2173374891281128 423 30 447 63
pottedplant 0.0023324191570281982 0 6 12 53
car 0.0011292099952697754 98 41 126 57
chair 0.4111109673976898 447 148 499 217
diningtable 0.0024824440479278564 464 167 499 382
pottedplant 0.03321123123168945 0 69 24 110
cat 0.0013724565505981445 20 174 86 211
chair 0.00257071852684021 364 144 462 345
chair 0.001449495553970337 401 178 472 333
bottle 0.023778796195983887 115 143 135 193
tvmonitor 0.0015071630477905273 236 183 274 249
pottedplant 0.002018868923187256 99 46 126 58
tvmonitor 0.0048677921295166016 0 237 64 339
chair 0.0015071630477905273 440 225 499 373
chair 0.0060742199420928955 465 199 499 374
chair 0.007518589496612549 0 234 73 373
chair 0.003736436367034912 453 264 500 373
chair 0.007489442825317383 466 252 499 377
tvmonitor 0.001367121934890747 0 135 53 336
tvmonitor 0.005119770765304565 0 168 65 334
person 0.6370307803153992 257 160 336 307
bottle 0.0013459324836730957 3 0 66 54
pottedplant 0.010571062564849854 0 67 25 128
pottedplant 0.004054129123687744 99 48 131 98
bottle 0.0019799768924713135 87 149 96 181
bottle 0.00834837555885315 90 149 103 182
bottle 0.0463789701461792 27 175 88 209
pottedplant 0.012871414422988892 0 2 36 53
pottedplant 0.005511492490768433 0 33 24 125
chair 0.0069841742515563965 98 50 131 98
chair 0.09946715831756592 417 144 499 356
chair 0.007176309823989868 461 141 500 382
bottle 0.05300912261009216 74 144 87 183
pottedplant 0.005911082029342651 0 0 21 53
person 0.0017753839492797852 0 0 19 54
chair 0.005447685718536377 474 269 499 373
pottedplant 0.0012943148612976074 0 170 9 230
pottedplant 0.0012112557888031006 99 48 130 73
pottedplant 0.003389507532119751 99 47 129 66
tvmonitor 0.0037219226360321045 0 301 30 373
pottedplant 0.004198610782623291 0 -4 30 132
pottedplant 0.0010733604431152344 0 -2 70 144
tvmonitor 0.003123670816421509 0 155 85 230
tvmonitor 0.0011248290538787842 0 140 14 239
tvmonitor 0.0021657347679138184 0 144 54 237
tvmonitor 0.018688201904296875 231 141 287 257
