chair 0.0010083019733428955 428 2 500 242
chair 0.007636308670043945 463 2 499 243
chair 0.004982620477676392 6 98 412 244
sofa 0.22747060656547546 54 80 470 244
sofa 0.0010860264301300049 57 19 285 111
chair 0.0010567307472229004 225 5 435 188
chair 0.09946715831756592 50 1 477 247
person 0.0020505785942077637 0 14 46 221
person 0.8204694986343384 29 73 428 193
chair 0.0013995170593261719 -1 10 396 236
sofa 0.2934045195579529 2 1 481 228
dog 0.003389507532119751 0 74 20 234
pottedplant 0.0010988116264343262 465 56 498 134
person 0.0010043680667877197 56 131 288 194
chair 0.001524806022644043 0 82 49 229
person 0.0016874969005584717 1 84 270 152
dog 0.0020991265773773193 0 29 24 214
dog 0.004538297653198242 0 49 35 215
dog 0.007120847702026367 0 73 53 210
dog 0.004944056272506714 0 64 28 225
dog 0.0016419589519500732 0 88 178 204
