bicycle 0.003809899091720581 0 177 188 330
horse 0.008644551038742065 0 141 204 331
train 0.0020666420459747314 288 168 500 212
horse 0.9632306098937988 6 112 305 315
person 0.7033457159996033 30 149 97 331
person 0.9227616190910339 292 172 378 323
person 0.004348009824752808 493 71 500 203
person 0.0010362863540649414 210 118 244 203
person 0.0010241866111755371 215 118 261 202
person 0.018759876489639282 494 101 500 209
person 0.005819797515869141 478 48 499 245
person 0.012625247240066528 174 113 252 202
bus 0.001466512680053711 243 60 499 213
person 0.003565669059753418 465 74 499 232
person 0.026658833026885986 484 64 499 243
bicycle 0.15610283613204956 0 184 52 309
bicycle 0.10338345170021057 0 186 101 309
train 0.001028209924697876 333 58 499 213
person 0.0010162293910980225 464 147 499 316
person 0.018264353275299072 479 143 499 311
person 0.06210097670555115 494 140 500 236
person 0.535098671913147 481 142 499 241
train 0.012971192598342896 353 168 494 213
person 0.001432657241821289 0 129 33 315
car 0.00135117769241333 363 168 498 212
person 0.020885050296783447 198 116 255 201
person 0.32082176208496094 488 144 499 239
