chair 0.4610167145729065 77 77 264 372
chair 0.005729943513870239 187 93 396 373
chair 0.012625247240066528 261 102 395 373
person 0.00185316801071167 0 95 18 370
person 0.6918100118637085 27 61 262 351
person 0.8647665977478027 130 14 401 373
chair 0.00517958402633667 21 134 194 350
person 0.002935171127319336 490 129 500 274
person 0.00941208004951477 104 62 213 209
sofa 0.140811026096344 366 54 498 206
chair 0.007204204797744751 0 35 70 216
chair 0.0013147294521331787 60 51 147 278
chair 0.002115577459335327 57 49 220 227
person 0.0018676519393920898 101 62 218 259
bottle 0.001957029104232788 120 135 391 192
person 0.001335442066192627 51 127 149 353
person 0.0018174350261688232 0 175 14 374
chair 0.0012792348861694336 0 27 301 274
chair 0.012053072452545166 369 45 498 202
chair 0.018021970987319946 0 36 98 347
chair 0.001225501298904419 0 264 15 377
chair 0.037750810384750366 88 54 450 378
sofa 0.09041720628738403 53 38 496 313
chair 0.028115570545196533 1 38 228 369
person 0.003272920846939087 137 146 276 295
chair 0.012053072452545166 2 50 107 273
bottle 0.0011292099952697754 88 136 182 215
person 0.003884732723236084 0 35 88 362
person 0.010571062564849854 0 36 128 360
chair 0.002912372350692749 70 132 191 300
bottle 0.0025115013122558594 0 302 14 375
bottle 0.0019876956939697266 0 272 14 376
chair 0.016029298305511475 58 133 148 323
chair 0.0014215409755706787 0 207 13 373
chair 0.0023875534534454346 0 35 63 165
person 0.0013250410556793213 116 112 290 297
person 0.001489490270614624 488 65 499 309
