chair 0.0013564825057983398 44 152 199 327
sofa 0.9257676601409912 55 154 408 347
diningtable 0.0012159943580627441 413 216 499 329
diningtable 0.0016874969005584717 442 196 499 328
chair 0.009019583463668823 406 218 465 326
pottedplant 0.0010485053062438965 0 189 8 276
chair 0.06656795740127563 478 208 499 291
chair 0.007120847702026367 416 203 499 341
pottedplant 0.2429249882698059 146 275 246 350
chair 0.006564319133758545 463 209 499 330
chair 0.03137829899787903 477 206 499 336
chair 0.004503071308135986 406 217 462 298
cat 0.0013940632343292236 0 232 6 275
chair 0.004331141710281372 153 182 261 254
chair 0.0018969178199768066 467 146 499 291
pottedplant 0.0012842416763305664 0 140 73 293
chair 0.004416227340698242 60 154 213 248
