person 0.9574366211891174 276 110 499 332
chair 0.015542924404144287 24 112 260 325
bus 0.0011603832244873047 9 90 442 318
person 0.004416227340698242 0 21 39 327
bus 0.01186823844909668 25 115 259 326
car 0.0014104843139648438 22 124 260 325
chair 0.003678649663925171 0 5 37 206
chair 0.0011248290538787842 0 6 58 202
chair 0.026658833026885986 207 91 343 207
tvmonitor 0.001489490270614624 200 89 350 217
chair 0.0010988116264343262 209 14 350 210
person 0.00208282470703125 0 54 33 232
bottle 0.002341538667678833 0 53 36 207
bottle 0.0016613304615020752 209 1 337 195
pottedplant 0.0019494593143463135 201 2 350 205
pottedplant 0.0017547309398651123 0 0 39 312
pottedplant 0.001146942377090454 0 0 87 195
person 0.0011336207389831543 487 229 500 333
person 0.01791679859161377 473 211 499 331
person 0.0060742199420928955 0 86 9 198
person 0.005447685718536377 470 112 499 328
person 0.0031115710735321045 0 91 35 199
bottle 0.00135117769241333 198 0 320 94
tvmonitor 0.0024921000003814697 0 151 36 331
chair 0.003147989511489868 0 163 36 332
bottle 0.0027148425579071045 0 0 37 185
person 0.002341538667678833 448 222 499 330
person 0.020022839307785034 468 223 499 292
bottle 0.002631455659866333 0 208 36 331
person 0.001225501298904419 468 223 498 250
person 0.0020346641540527344 475 219 500 273
person 0.004348009824752808 0 75 21 201
person 0.0015307366847991943 466 197 499 267
bottle 0.011244326829910278 0 113 37 333
bottle 0.0028009116649627686 18 108 37 179
pottedplant 0.00790780782699585 0 0 36 201
person 0.001388639211654663 0 129 38 201
person 0.002453356981277466 0 29 28 342
person 0.0011513829231262207 433 194 467 227
chair 0.04336750507354736 205 94 338 253
