bird 0.007011294364929199 319 18 499 312
bird 0.0028228759765625 408 23 499 308
dog 0.0018604099750518799 431 20 499 303
bird 0.0026727914810180664 4 11 293 319
person 0.001554727554321289 44 11 466 295
bird 0.01901298761367798 0 21 36 325
bird 0.0033371448516845703 57 17 455 293
bird 0.48828333616256714 46 177 294 298
bird 0.0019266009330749512 29 180 449 301
bird 0.001904308795928955 50 217 455 291
bird 0.009633511304855347 245 222 451 278
bird 0.0026727914810180664 0 8 20 294
bird 0.0020346641540527344 11 84 79 149
bird 0.0022170841693878174 449 128 500 231
bird 0.004468142986297607 417 54 499 240
bird 0.0022696256637573242 2 38 79 252
chair 0.004905790090560913 261 224 446 273
bird 0.0011380314826965332 4 30 118 257
bird 0.012576550245285034 11 56 142 150
bird 0.0069571733474731445 11 22 207 149
bird 0.02432847023010254 13 8 282 152
chair 0.0022873878479003906 314 227 449 276
bird 0.0064885616302490234 2 24 103 316
bird 0.002115577459335327 9 33 157 217
bird 0.7732153534889221 21 7 285 223
cat 0.0023324191570281982 431 7 499 284
bird 0.016530483961105347 0 24 68 324
bird 0.0018822550773620605 3 22 164 318
bird 0.00421491265296936 46 126 96 212
bird 0.005021452903747559 385 91 500 258
bird 0.004774004220962524 445 32 499 251
bird 0.0029237568378448486 5 90 95 217
bird 0.001146942377090454 43 83 223 230
