person 0.0011380314826965332 0 92 251 331
person 0.16026467084884644 227 126 481 331
dog 0.0479588508605957 0 90 266 328
person 0.03449025750160217 202 8 481 331
bottle 0.001466512680053711 0 6 28 163
person 0.0012594163417816162 0 25 118 148
person 0.004736989736557007 397 10 500 163
person 0.010530352592468262 425 9 499 182
person 0.012335866689682007 442 6 499 251
person 0.005119770765304565 29 30 95 99
person 0.0026520490646362305 410 0 457 41
person 0.0012159943580627441 482 72 499 325
person 0.8494727611541748 -1 2 483 331
dog 0.002199828624725342 0 10 117 264
person 0.5936093330383301 405 10 499 327
person 0.008711427450180054 494 128 500 289
cat 0.0013147294521331787 0 6 113 173
person 0.0022696256637573242 11 20 44 73
person 0.001120448112487793 394 1 494 93
person 0.0034027397632598877 0 4 32 124
person 0.005774706602096558 12 20 97 101
bottle 0.004231303930282593 43 0 143 112
person 0.0010567307472229004 1 20 44 92
person 0.001264333724975586 483 122 499 283
bottle 0.002090960741043091 276 123 477 299
person 0.002018868923187256 488 64 499 333
bottle 0.0035796165466308594 88 0 143 113
person 0.0015729963779449463 410 1 499 39
tvmonitor 0.0016355812549591064 409 0 499 40
