person 0.1986851692199707 0 195 44 373
person 0.01530534029006958 482 179 499 341
person 0.8534255027770996 0 195 29 373
person 0.0017410516738891602 0 184 7 239
person 0.0018822550773620605 0 191 9 248
bus 0.0011694133281707764 239 126 455 264
person 0.08787891268730164 0 196 24 292
bus 0.9187756180763245 95 125 459 259
person 0.05340319871902466 491 189 499 354
horse 0.0020346641540527344 0 219 43 374
person 0.03846472501754761 484 195 499 254
person 0.21866926550865173 494 196 500 255
person 0.912433922290802 315 194 362 325
person 0.9273604154586792 399 206 461 349
person 0.825588047504425 72 187 92 242
dog 0.0012544989585876465 72 214 91 241
person 0.3081900179386139 491 193 499 254
person 0.0021321773529052734 74 187 88 211
person 0.024608224630355835 494 177 500 331
person 0.028761863708496094 489 143 499 256
person 0.0057077109813690186 0 194 42 276
