horse 0.09106162190437317 442 156 479 428
person 0.015663117170333862 440 71 479 428
horse 0.8918098211288452 107 103 435 392
bus 0.0016102492809295654 448 92 479 198
bus 0.003075540065765381 443 89 479 280
pottedplant 0.0013096034526824951 468 169 479 304
person 0.0022344589233398438 441 160 479 400
pottedplant 0.003389507532119751 461 171 479 310
person 0.9015768766403198 198 56 325 261
bus 0.003976315259933472 441 73 479 397
pottedplant 0.0014104843139648438 447 159 479 343
pottedplant 0.004944056272506714 460 178 479 351
pottedplant 0.001146942377090454 461 187 479 260
pottedplant 0.0015366971492767334 441 110 479 334
