person 0.007877200841903687 0 209 51 374
person 0.0050605833530426025 0 210 93 374
sofa 0.001367121934890747 0 93 423 376
dog 0.8548837900161743 239 85 376 331
dog 0.013021320104598999 59 88 377 335
dog 0.9289232492446899 71 122 278 319
person 0.0018174350261688232 33 86 398 332
person 0.009670913219451904 473 0 499 65
person 0.010986179113388062 481 -2 500 65
chair 0.003537982702255249 136 19 185 53
dog 0.008413106203079224 106 121 276 205
person 0.009019583463668823 472 0 499 148
person 0.0013147294521331787 472 32 499 64
person 0.0013459324836730957 482 31 499 64
car 0.0030516982078552246 7 -66 486 11
chair 0.001146942377090454 467 7 500 373
chair 0.004924893379211426 0 202 120 296
dog 0.0019266009330749512 242 100 339 330
chair 0.003621727228164673 345 0 496 121
person 0.001972287893295288 443 0 499 148
person 0.002779155969619751 0 279 48 374
person 0.0012842416763305664 387 0 500 120
dog 0.0022084414958953857 73 125 202 304
chair 0.2909804582595825 56 0 120 86
tvmonitor 0.009821981191635132 224 3 360 37
person 0.0015010833740234375 458 0 499 63
