car 0.0018388032913208008 115 124 179 145
car 0.0011424720287322998 0 102 104 161
car 0.00118333101272583 0 100 52 158
car 0.0013778507709503174 0 111 63 150
person 0.004573792219161987 209 138 237 178
car 0.005729943513870239 0 113 64 195
person 0.02112632989883423 217 144 237 175
car 0.004133999347686768 0 119 76 177
car 0.0012994110584259033 103 119 143 134
car 0.0012842416763305664 106 121 139 135
car 0.001489490270614624 476 121 499 205
car 0.004645615816116333 118 120 155 134
car 0.9073100090026855 0 121 133 202
car 0.9202213883399963 31 123 469 271
car 0.9079643487930298 295 116 499 209
car 0.577495276927948 117 122 146 137
car 0.0012544989585876465 0 92 45 152
car 0.0015130341053009033 0 95 57 140
car 0.001524806022644043 114 110 155 129
car 0.01518791913986206 131 108 157 125
car 0.0029812753200531006 117 121 148 143
car 0.0022519826889038086 0 94 40 114
