bottle 0.0014104843139648438 124 220 142 251
bottle 0.005301922559738159 199 204 215 250
tvmonitor 0.00406983494758606 1 0 149 19
bottle 0.031736671924591064 96 214 112 253
bottle 0.16344508528709412 92 215 107 254
tvmonitor 0.0014438629150390625 -149 5 0 498
tvmonitor 0.7201713919639587 2 3 327 497
bottle 0.43590131402015686 56 219 74 260
bottle 0.0017275214195251465 71 219 88 259
bottle 0.5078119039535522 74 218 93 259
bottle 0.017443329095840454 164 206 182 257
bottle 0.0046637654304504395 158 163 181 207
bottle 0.06097537279129028 87 146 108 205
bottle 0.15002882480621338 109 208 126 253
bottle 0.0028897523880004883 193 212 203 248
bottle 0.09807735681533813 52 153 70 205
tvmonitor 0.004102110862731934 0 266 37 491
bottle 0.08239877223968506 70 151 89 203
pottedplant 0.0014104843139648438 233 0 255 8
person 0.002958148717880249 77 475 95 499
