train 0.9235905408859253 302 108 408 245
person 0.0013459324836730957 369 152 392 179
person 0.0011694133281707764 369 147 405 188
pottedplant 0.08632457256317139 473 149 499 188
person 0.006640911102294922 367 130 397 170
person 0.0011160969734191895 494 216 499 290
train 0.008511096239089966 433 212 499 277
bottle 0.0023506581783294678 467 311 477 333
person 0.0022170841693878174 489 270 499 334
train 0.9339163899421692 208 119 307 232
pottedplant 0.0014050006866455078 490 180 499 222
pottedplant 0.00131988525390625 488 286 499 334
bottle 0.005405604839324951 489 289 499 335
person 0.001477956771850586 494 205 499 278
person 0.001367121934890747 354 138 375 171
person 0.0016678273677825928 353 131 383 170
person 0.0060742199420928955 357 128 390 171
person 0.0010817945003509521 311 148 332 173
train 0.0050605833530426025 490 182 499 265
person 0.2043420374393463 371 150 393 171
person 0.0016483962535858154 406 166 414 187
pottedplant 0.006771385669708252 494 150 500 188
person 0.0012159943580627441 354 142 368 170
pottedplant 0.005159556865692139 489 183 500 232
person 0.0020346641540527344 491 211 500 335
