aeroplane 0.0034561753273010254 486 96 499 216
aeroplane 0.8947906494140625 147 211 185 241
aeroplane 0.9173051714897156 171 243 211 272
aeroplane 0.004774004220962524 483 121 499 229
aeroplane 0.9445849657058716 123 175 163 207
aeroplane 0.9019226431846619 191 211 229 240
aeroplane 0.0023506581783294678 485 132 499 196
aeroplane 0.0026520490646362305 493 127 500 196
aeroplane 0.0034293532371520996 491 136 500 239
aeroplane 0.0013406574726104736 186 181 252 208
aeroplane 0.9353494644165039 188 149 228 182
aeroplane 0.9334320425987244 211 179 250 210
aeroplane 0.9319590330123901 258 182 298 214
aeroplane 0.8955245018005371 145 140 184 172
aeroplane 0.9142902493476868 166 101 207 134
