car 0.8152326345443726 72 89 304 276
person 0.003298431634902954 114 113 157 163
person 0.004485577344894409 126 112 163 143
person 0.501953125 203 116 244 147
person 0.003765672445297241 167 51 197 76
person 0.5292633771896362 146 51 210 145
person 0.0013250410556793213 101 111 153 173
person 0.002501755952835083 126 113 160 152
person 0.32595008611679077 154 51 207 95
person 0.002018868923187256 172 68 206 147
tvmonitor 0.0011879205703735352 110 92 209 147
person 0.004022836685180664 159 64 206 146
person 0.0011248290538787842 179 69 225 145
person 0.09367886185646057 127 113 150 140
person 0.0011513829231262207 156 68 210 95
person 0.002018868923187256 183 88 230 144
person 0.004133999347686768 146 98 204 147
