diningtable 0.0022170841693878174 1 387 345 499
bottle 0.0015487074851989746 50 398 353 499
person 0.8494727611541748 0 48 339 496
person 0.0012742578983306885 0 266 337 499
diningtable 0.0010362863540649414 1 307 346 500
sofa 0.007065832614898682 25 6 373 498
person 0.0010733604431152344 249 46 374 499
diningtable 0.0017753839492797852 1 420 342 499
person 0.012528061866760254 18 401 353 499
chair 0.023242324590682983 0 461 129 499
person 0.0011160969734191895 71 285 276 403
person 0.0028118789196014404 106 267 290 447
chair 0.001680910587310791 113 297 273 489
bottle 0.47073662281036377 172 400 263 499
bottle 0.0015977323055267334 249 399 350 499
person 0.003736436367034912 0 57 339 333
person 0.027067720890045166 165 401 348 499
bottle 0.001560807228088379 194 470 294 499
bottle 0.0012399256229400635 223 474 303 499
bottle 0.006850332021713257 154 338 311 501
bottle 0.006339401006698608 139 291 327 497
