cow 0.4610167145729065 50 126 206 213
horse 0.5602525472640991 147 115 296 262
cow 0.47852879762649536 296 135 430 221
cow 0.7541905045509338 257 173 388 289
cow 0.0022519826889038086 49 158 93 198
cow 0.004792630672454834 490 141 500 224
horse 0.018474966287612915 18 124 49 174
cow 0.0019266009330749512 432 142 456 221
cow 0.0012159943580627441 108 147 138 207
cow 0.0016355812549591064 493 162 499 224
person 0.542863130569458 143 63 289 264
cow 0.0021488964557647705 157 122 207 169
person 0.3065270483493805 183 63 265 201
person 0.02025449275970459 188 68 296 214
cow 0.464901328086853 423 144 500 223
cow 0.04008492827415466 485 145 499 223
cow 0.012576550245285034 367 129 483 175
person 0.007316946983337402 322 74 354 135
cow 0.027692049741744995 339 174 388 222
cow 0.0033763349056243896 18 124 50 174
cow 0.0018749535083770752 19 125 93 182
cow 0.0016678273677825928 487 121 499 219
sheep 0.0019419193267822266 480 126 499 149
cow 0.002453356981277466 20 123 60 177
person 0.0026623904705047607 322 79 344 102
person 0.00959622859954834 322 66 353 102
cow 0.008677929639816284 285 172 388 253
cow 0.036769360303878784 323 172 389 221
cow 0.035146862268447876 354 145 420 222
cow 0.005774706602096558 375 146 426 222
cow 0.08449193835258484 488 168 499 223
cow 0.06878867745399475 430 131 485 150
sheep 0.0010043680667877197 479 126 499 190
cow 0.0012842416763305664 452 157 499 223
cow 0.0010733604431152344 1 124 46 183
sheep 0.005447685718536377 292 170 386 223
sheep 0.004102110862731934 316 172 389 221
cow 0.0022696256637573242 129 127 233 226
cow 0.004468142986297607 252 131 335 216
cow 0.011287689208984375 283 133 336 206
cow 0.12294173240661621 369 136 449 222
sheep 0.017443329095840454 490 163 500 223
cow 0.017577439546585083 477 140 499 221
cow 0.00131988525390625 49 133 108 204
cow 0.00536385178565979 50 132 129 211
cow 0.5506075620651245 109 143 191 212
person 0.005911082029342651 143 126 249 257
horse 0.0016940832138061523 236 115 296 219
cow 0.002631455659866333 252 118 297 218
cow 0.14903616905212402 409 146 450 222
cow 0.02096518874168396 117 139 216 256
cow 0.005597800016403198 325 136 369 157
cow 0.007065832614898682 332 136 368 154
cow 0.0016678273677825928 426 131 494 191
person 0.396068274974823 161 60 264 243
person 0.001335442066192627 8 123 38 174
person 0.009485304355621338 178 110 298 215
cow 0.004718571901321411 292 134 345 199
cow 0.08479490876197815 366 130 492 218
