sheep 0.9515048265457153 135 201 221 296
sheep 0.005405604839324951 0 183 16 208
sheep 0.0026212334632873535 428 197 459 239
sheep 0.0014215409755706787 469 196 499 258
sheep 0.0012742578983306885 488 196 499 259
sheep 0.0010241866111755371 361 238 404 267
sheep 0.0037219226360321045 361 242 407 272
sheep 0.0034561753273010254 0 176 15 204
sheep 0.006692379713058472 0 163 4 202
sheep 0.010986179113388062 0 176 26 193
sheep 0.013172894716262817 3 176 27 188
sheep 0.0019117295742034912 134 252 180 286
sheep 0.013848692178726196 494 190 500 274
sheep 0.004591643810272217 0 124 4 194
sheep 0.0011603832244873047 0 119 19 193
sheep 0.0016874969005584717 0 121 32 191
sheep 0.0015729963779449463 195 180 251 194
sheep 0.016215503215789795 222 183 249 193
sheep 0.0673007071018219 231 183 249 192
sheep 0.9032941460609436 359 195 437 279
sheep 0.0012792348861694336 0 96 5 199
sheep 0.4397474527359009 0 184 16 199
sheep 0.0014215409755706787 10 179 25 194
sheep 0.15002882480621338 144 184 160 194
sheep 0.8459442853927612 431 196 499 264
sheep 0.0014438629150390625 0 182 24 200
sheep 0.03462067246437073 0 183 16 218
sheep 0.013071656227111816 388 194 458 257
sheep 0.011030197143554688 394 195 495 260
sheep 0.0011074244976043701 366 250 417 279
sheep 0.0034696757793426514 0 182 15 265
pottedplant 0.0019494593143463135 215 0 336 128
sheep 0.06441459059715271 1 179 26 189
sheep 0.13386806845664978 12 178 26 188
sheep 0.001560807228088379 426 196 460 257
sheep 0.002011030912399292 478 196 499 260
