cat 0.9427154064178467 255 114 450 264
person 0.004198610782623291 194 12 495 373
cat 0.0011424720287322998 370 15 499 364
person 0.0011741816997528076 443 16 499 363
person 0.0013832449913024902 317 83 500 220
person 0.0012207329273223877 361 70 500 222
person 0.0023052990436553955 384 54 499 242
person 0.0017275214195251465 438 45 499 271
cat 0.002757549285888672 443 127 499 360
person 0.016091108322143555 1 -7 500 371
cat 0.9326993227005005 12 79 210 220
person 0.0010902583599090576 310 0 487 104
