pottedplant 0.0013044774532318115 99 353 317 496
pottedplant 0.8198937177658081 100 308 286 491
diningtable 0.0010362863540649414 1 320 317 499
pottedplant 0.006438493728637695 392 71 438 486
pottedplant 0.4253666400909424 100 170 286 488
dog 0.011331260204315186 108 135 179 184
cat 0.002901047468185425 106 133 180 184
cat 0.06878867745399475 34 106 71 144
chair 0.0023052990436553955 70 452 239 499
chair 0.0024438798427581787 107 452 282 499
chair 0.0018245279788970947 148 451 329 499
dog 0.0010733604431152344 109 141 157 184
dog 0.0011380314826965332 107 116 157 184
pottedplant 0.0010988116264343262 374 7 440 461
sheep 0.0030995309352874756 103 106 165 153
cat 0.0018245279788970947 170 88 224 150
sheep 0.005199640989303589 103 117 158 152
sheep 0.0034561753273010254 110 67 170 124
sheep 0.006003767251968384 107 134 179 184
sheep 0.006538987159729004 78 68 123 109
sheep 0.0030162930488586426 101 67 163 119
sheep 0.007288604974746704 104 68 224 151
