boat 0.06347915530204773 65 202 445 330
bird 0.00106087327003479 0 132 156 264
boat 0.6851080656051636 0 147 468 277
person 0.008252084255218506 142 165 185 208
person 0.0021827220916748047 178 141 262 200
boat 0.0015487074851989746 86 242 195 282
boat 0.0017547309398651123 482 214 499 309
boat 0.004792630672454834 115 229 391 310
boat 0.001178741455078125 -1 215 234 279
bird 0.002323359251022339 0 52 146 286
boat 0.015542924404144287 0 89 461 262
person 0.004231303930282593 182 141 246 221
person 0.0026727914810180664 481 123 499 319
person 0.006797581911087036 214 145 297 204
boat 0.004811316728591919 146 251 376 311
boat 0.0027360916137695312 84 237 348 286
boat 0.0011971890926361084 404 203 500 316
person 0.010368883609771729 151 163 217 227
person 0.004609555006027222 253 143 351 258
bicycle 0.001264333724975586 219 205 403 256
person 0.0019117295742034912 234 139 305 184
person 0.22135034203529358 194 142 257 226
person 0.0024438798427581787 483 186 499 286
person 0.005219787359237671 122 166 177 224
person 0.003324180841445923 123 163 232 225
person 0.6774741411209106 220 142 342 241
person 0.023242324590682983 212 144 263 202
person 0.002341538667678833 286 143 341 192
person 0.02405199408531189 286 142 341 229
person 0.002693742513656616 -1 150 197 242
person 0.003147989511489868 222 156 295 234
person 0.003976315259933472 168 141 257 226
person 0.5214712023735046 152 140 234 225
person 0.01186823844909668 217 140 300 222
