boat 0.008576959371566772 168 69 374 351
person 0.9296934604644775 0 140 71 401
motorbike 0.6076631546020508 80 250 195 394
person 0.013071656227111816 0 142 43 326
person 0.0012159943580627441 4 165 39 204
car 0.008188486099243164 364 368 374 391
pottedplant 0.0062660276889801025 40 0 183 143
pottedplant 0.01507142186164856 169 8 373 353
person 0.8692725896835327 90 169 184 364
pottedplant 0.001178741455078125 0 71 40 181
person 0.0010902583599090576 8 169 53 204
person 0.002969682216644287 0 148 26 268
person 0.0025508105754852295 0 161 34 265
pottedplant 0.0010733604431152344 255 65 294 89
person 0.0069841742515563965 0 137 43 209
