sofa 0.01809084415435791 214 185 475 373
chair 0.6671474575996399 287 188 469 373
chair 0.7090195417404175 306 144 420 241
person 0.002003192901611328 0 112 18 318
person 0.1655934751033783 254 167 419 304
chair 0.007176309823989868 280 163 419 308
sofa 0.013848692178726196 234 180 470 323
person 0.0028118789196014404 0 124 32 369
diningtable 0.006193429231643677 475 179 499 351
chair 0.012431591749191284 0 171 57 373
pottedplant 0.0035796165466308594 474 194 499 234
chair 0.006640911102294922 305 197 385 241
chair 0.003324180841445923 490 197 499 269
chair 0.02931046485900879 346 144 420 221
chair 0.0025508105754852295 249 200 442 305
tvmonitor 0.9588484764099121 40 124 152 222
chair 0.0015010833740234375 487 196 499 270
cat 0.0030995309352874756 493 211 499 268
pottedplant 0.003736436367034912 481 191 499 376
cat 0.005405604839324951 493 222 499 286
chair 0.0012792348861694336 250 212 393 303
cat 0.003222525119781494 492 191 500 337
pottedplant 0.42632174491882324 473 195 500 269
chair 0.005774706602096558 0 157 16 274
chair 0.001477956771850586 0 162 26 274
chair 0.002115577459335327 491 198 500 345
chair 0.007011294364929199 302 177 419 242
chair 0.004331141710281372 299 167 428 277
chair 0.0022344589233398438 296 181 464 288
chair 0.001714080572128296 24 205 153 269
chair 0.0015729963779449463 286 180 431 340
diningtable 0.007345408201217651 0 285 56 374
cat 0.004736989736557007 493 196 499 310
chair 0.0012065470218658447 304 198 341 240
pottedplant 0.021534323692321777 473 141 499 266
