boat 0.8294904232025146 402 112 499 347
boat 0.0018969178199768066 440 171 484 205
boat 0.001455157995223999 383 194 400 234
person 0.0010860264301300049 482 261 499 295
boat 0.0030516982078552246 480 164 500 331
boat 0.0014438629150390625 272 209 360 239
boat 0.0010485053062438965 254 208 284 238
boat 0.001178741455078125 402 156 497 266
boat 0.0020505785942077637 464 108 499 234
boat 0.006640911102294922 376 196 405 234
person 0.0019266009330749512 482 235 499 337
boat 0.005911082029342651 0 63 105 317
boat 0.8770582675933838 0 65 282 312
person 0.0014608204364776611 45 148 73 193
boat 0.007460415363311768 332 222 358 236
boat 0.002018868923187256 355 223 380 235
boat 0.001714080572128296 462 123 499 197
car 0.0057077109813690186 272 225 303 240
boat 0.020022839307785034 275 223 334 240
boat 0.007877200841903687 275 221 359 239
boat 0.0012065470218658447 350 221 386 236
boat 0.007232218980789185 402 218 495 265
boat 0.003736436367034912 273 225 303 240
boat 0.026658833026885986 295 350 436 373
car 0.0038546323776245117 299 351 466 374
bus 0.0048677921295166016 295 351 462 374
boat 0.0023782849311828613 241 170 284 240
boat 0.0022084414958953857 376 219 404 235
