diningtable 0.0021073520183563232 1 312 92 498
diningtable 0.005797207355499268 0 312 260 499
train 0.0030874907970428467 -178 2 -7 496
chair 0.0033632218837738037 20 32 312 494
chair 0.004792630672454834 193 267 298 499
person 0.9015768766403198 46 19 333 498
chair 0.04193025827407837 41 268 297 499
chair 0.00874510407447815 44 359 267 499
tvmonitor 0.0060506463050842285 38 238 76 308
tvmonitor 0.007316946983337402 52 238 76 307
chair 0.0017547309398651123 85 418 299 499
person 0.0022170841693878174 71 225 266 410
person 0.001524806022644043 209 271 280 501
bottle 0.022976040840148926 211 272 260 432
bottle 0.031141668558120728 211 272 262 388
chair 0.003075540065765381 111 386 300 500
chair 0.0011424720287322998 230 386 299 500
chair 0.0076958537101745605 18 237 76 318
tvmonitor 0.00955912470817566 18 237 75 318
chair 0.00462755560874939 22 259 76 318
