bird 0.9136754274368286 194 274 354 365
bird 0.9394690990447998 354 307 475 386
bird 0.464901328086853 303 100 451 277
bird 0.11240836977958679 74 293 363 368
bird 0.0031115710735321045 75 256 396 369
bird 0.018759876489639282 85 107 201 284
pottedplant 0.005888134241104126 91 107 200 278
bird 0.03333708643913269 327 106 451 221
bird 0.001489490270614624 130 106 172 162
person 0.00629037618637085 292 9 398 172
pottedplant 0.0069841742515563965 9 44 187 320
bird 0.0011603832244873047 130 -100 475 188
bird 0.422504723072052 74 293 215 368
pottedplant 0.016029298305511475 13 41 138 316
bird 0.07949241995811462 297 15 451 224
bird 0.005511492490768433 292 12 402 234
person 0.002424955368041992 293 11 459 222
bird 0.00831615924835205 292 12 398 134
bird 0.004924893379211426 11 41 136 116
bird 0.008478313684463501 11 41 136 89
bird 0.001264333724975586 151 107 171 158
