pottedplant 0.0011558830738067627 0 117 70 289
person 0.8762138485908508 140 63 378 330
person 0.1307273805141449 146 60 496 330
cat 0.0016874969005584717 295 129 331 186
tvmonitor 0.0018969178199768066 223 81 333 196
chair 0.007969379425048828 134 66 455 328
chair 0.0010362863540649414 377 244 499 326
person 0.0011879205703735352 475 163 499 328
sofa 0.002590775489807129 376 252 499 328
bottle 0.0010362863540649414 292 128 354 273
bottle 0.059427469968795776 295 128 331 179
cat 0.0017275214195251465 0 120 63 236
chair 0.0010526180267333984 0 126 61 242
chair 0.0014438629150390625 0 163 61 241
