sofa 0.38769015669822693 0 257 180 499
person 0.009898394346237183 340 137 354 200
car 0.013122200965881348 275 129 289 147
car 0.30074605345726013 280 129 296 146
car 0.5525398850440979 292 131 314 156
car 0.0057077109813690186 305 128 320 158
car 0.004182338714599609 331 128 368 171
car 0.002199828624725342 344 129 371 158
car 0.00142708420753479 275 130 282 148
car 0.04620686173439026 339 132 370 179
car 0.01704654097557068 277 127 289 143
car 0.02779737114906311 283 128 299 144
car 0.0032476186752319336 327 123 370 178
car 0.004886746406555176 348 123 365 138
car 0.019418001174926758 361 124 374 134
car 0.011418908834457397 287 130 309 152
car 0.6791782379150391 307 122 349 171
car 0.7606483697891235 340 133 374 196
tvmonitor 0.2934045195579529 122 354 221 467
car 0.0012496113777160645 260 126 268 139
car 0.0023875534534454346 268 127 277 139
car 0.008188486099243164 275 128 285 142
tvmonitor 0.5660187602043152 175 247 226 296
car 0.07211530208587646 290 130 310 147
car 0.007402688264846802 347 123 366 145
car 0.00803142786026001 358 123 374 136
car 0.0023506581783294678 306 130 316 163
car 0.012871414422988892 340 133 361 198
car 0.0016613304615020752 273 126 283 139
car 0.004450768232345581 282 124 300 144
car 0.0022963285446166992 286 121 305 134
car 0.005774706602096558 288 122 311 145
car 0.00321003794670105 291 123 317 158
