person 0.08093324303627014 0 89 40 330
sofa 0.001680910587310791 0 96 103 331
sofa 0.0012207329273223877 0 109 299 332
sofa 0.003824770450592041 0 150 159 330
sofa 0.015906304121017456 -1 104 431 331
sofa 0.10706377029418945 93 104 495 333
person 0.005865275859832764 72 108 424 332
sofa 0.13893115520477295 271 135 499 332
person 0.9056569337844849 0 107 144 331
person 0.003565669059753418 0 106 70 330
person 0.007636308670043945 0 107 270 331
person 0.861068844795227 227 107 398 331
person 0.28856855630874634 159 85 499 330
person 0.7287482023239136 324 81 499 330
person 0.9586938619613647 96 106 284 331
diningtable 0.0025115013122558594 0 131 59 190
bottle 0.002406179904937744 205 59 222 104
diningtable 0.004503071308135986 0 138 101 191
person 0.0010526180267333984 286 91 395 158
person 0.00131988525390625 452 122 499 305
person 0.002359837293624878 485 200 499 299
person 0.001040339469909668 464 102 499 296
person 0.004264324903488159 1 12 200 332
bottle 0.0022963285446166992 211 59 221 99
person 0.04885616898536682 295 81 466 227
person 0.003780364990234375 302 81 497 259
sofa 0.004450768232345581 118 106 398 270
sofa 0.0050605833530426025 155 64 370 248
person 0.7833261489868164 56 9 198 142
person 0.0013147294521331787 0 168 23 296
person 0.8727844953536987 195 17 357 155
chair 0.0013044774532318115 0 24 199 287
person 0.001972287893295288 114 16 360 199
person 0.01956745982170105 296 81 446 161
chair 0.004297584295272827 427 140 500 337
person 0.012772411108016968 123 134 163 196
person 0.030442774295806885 119 7 131 21
person 0.001674354076385498 119 6 139 22
bottle 0.001560807228088379 441 123 451 145
diningtable 0.012971192598342896 0 154 60 189
person 0.0011074244976043701 117 1 153 22
diningtable 0.019195973873138428 0 154 102 189
diningtable 0.0583474338054657 0 154 185 190
diningtable 0.016340792179107666 0 146 123 205
person 0.0016228556632995605 114 140 178 197
person 0.001178741455078125 118 124 222 198
diningtable 0.0034027397632598877 0 132 48 312
diningtable 0.012099772691726685 0 138 70 303
chair 0.001040339469909668 460 125 499 289
diningtable 0.022715508937835693 0 150 117 282
diningtable 0.052617788314819336 0 149 167 243
person 0.0010988116264343262 105 138 250 199
person 0.0010083019733428955 474 97 499 287
