dog 0.0020505785942077637 222 162 499 374
person 0.0013832449913024902 291 165 499 333
person 0.0015307366847991943 360 164 499 334
bird 0.0017410516738891602 0 117 164 361
person 0.0023968517780303955 298 60 499 350
bird 0.003621727228164673 372 169 499 331
sofa 0.04778146743774414 2 14 499 372
dog 0.8633896112442017 51 3 497 371
person 0.009375691413879395 2 5 501 371
cat 0.0022519826889038086 -1 134 128 233
dog 0.0011603832244873047 379 165 499 316
cat 0.0012065470218658447 377 163 499 327
bird 0.004166156053543091 0 130 107 238
bottle 0.06878867745399475 307 154 460 218
cat 0.0021321773529052734 -4 134 210 235
