sheep 0.7310574054718018 79 217 306 346
sheep 0.0019419193267822266 44 211 382 346
person 0.9181903600692749 274 131 356 346
sheep 0.0031115710735321045 261 213 319 344
person 0.002406179904937744 272 203 320 343
bottle 0.0031724870204925537 244 223 264 242
person 0.6688798069953918 194 159 279 261
sheep 0.0013044774532318115 211 215 305 296
bottle 0.002424955368041992 173 176 187 231
bottle 0.007176309823989868 278 249 298 267
sheep 0.0016613304615020752 226 206 335 346
person 0.10932686924934387 188 162 281 341
sheep 0.04336750507354736 190 211 300 342
pottedplant 0.05070251226425171 23 143 162 276
person 0.7892334461212158 174 120 237 259
bottle 0.01949256658554077 278 248 305 264
