sofa 0.0017410516738891602 149 189 374 455
sofa 0.004331141710281372 51 187 373 490
chair 0.01196029782295227 210 189 374 482
chair 0.0014104843139648438 135 0 348 74
sofa 0.0017007291316986084 226 291 373 341
chair 0.002935171127319336 265 291 373 416
chair 0.01627802848815918 229 292 374 393
chair 0.0011971890926361084 279 291 374 387
chair 0.0011292099952697754 337 292 374 381
chair 0.0076958537101745605 234 292 373 438
sofa 0.016153186559677124 7 81 310 434
bottle 0.007636308670043945 213 120 242 183
sofa 0.009089648723602295 29 156 300 494
person 0.953101396560669 75 56 286 501
bottle 0.003075540065765381 193 114 243 184
bottle 0.0019419193267822266 212 117 258 194
bottle 0.0015366971492767334 0 0 24 8
bottle 0.00369301438331604 0 0 33 7
bottle 0.0016419589519500732 0 0 54 6
tvmonitor 0.002199828624725342 6 0 80 6
chair 0.0018103718757629395 339 292 374 331
chair 0.0020991265773773193 24 185 130 317
tvmonitor 0.001674354076385498 1 0 84 15
