dog 0.8864172101020813 68 232 319 406
person 0.9238649606704712 146 85 326 412
dog 0.012240886688232422 68 234 229 406
chair 0.0011292099952697754 280 20 334 93
person 0.0016613304615020752 107 0 283 51
person 0.041306138038635254 308 0 332 71
person 0.002359837293624878 154 82 261 306
chair 0.02025449275970459 203 50 332 188
chair 0.0015791356563568115 240 98 332 250
person 0.0032476186752319336 90 0 288 148
car 0.001012265682220459 2 0 300 181
person 0.003389507532119751 76 52 273 414
dog 0.05300912261009216 212 283 320 352
person 0.0011248290538787842 221 0 331 95
person 0.0076958537101745605 280 0 332 93
person 0.7386703491210938 195 0 286 95
person 0.08151650428771973 195 0 285 235
person 0.025418788194656372 197 0 312 194
person 0.0022696256637573242 150 86 318 258
chair 0.003510504961013794 173 36 331 394
sofa 0.009485304355621338 0 0 290 220
person 0.7766237258911133 77 0 207 248
horse 0.1716175377368927 202 53 332 183
person 0.001455157995223999 139 176 306 387
person 0.03333708643913269 76 6 313 247
chair 0.0010567307472229004 235 98 332 185
sheep 0.018264353275299072 201 53 329 121
person 0.0034027397632598877 304 0 332 132
chair 0.0030874907970428467 206 243 322 360
dog 0.0033501386642456055 210 244 324 353
sheep 0.0022084414958953857 201 53 279 125
dog 0.0034027397632598877 265 289 317 352
person 0.0011074244976043701 173 0 213 52
