chair 0.003324180841445923 74 102 215 241
sofa 0.01186823844909668 109 90 336 251
chair 0.0018245279788970947 294 83 481 283
diningtable 0.0062660276889801025 1 231 322 373
chair 0.0046637654304504395 276 210 499 373
chair 0.007345408201217651 332 222 500 373
person 0.7240901589393616 292 193 499 373
bottle 0.16451644897460938 64 12 77 59
chair 0.010328888893127441 323 116 392 205
chair 0.010091900825500488 291 70 394 193
bottle 0.0012594163417816162 495 159 500 237
bottle 0.0011879205703735352 53 199 63 238
person 0.005447685718536377 186 103 240 229
chair 0.003075540065765381 0 121 19 213
chair 0.0010162293910980225 491 162 499 235
bottle 0.001466512680053711 293 51 313 99
bottle 0.001466512680053711 308 58 317 96
chair 0.003795117139816284 187 102 253 228
bottle 0.0023506581783294678 39 213 63 246
person 0.001674354076385498 407 184 499 369
person 0.004399091005325317 454 139 499 369
bottle 0.24798792600631714 135 106 154 141
person 0.0021488964557647705 468 248 499 370
person 0.0013147294521331787 479 239 499 375
bottle 0.0016613304615020752 300 57 314 110
bottle 0.001972287893295288 330 66 338 89
person 0.010014057159423828 130 50 237 229
diningtable 0.0014215409755706787 179 283 290 338
person 0.006121635437011719 296 47 315 65
chair 0.012335866689682007 131 103 245 227
bottle 0.0012943148612976074 75 89 153 112
chair 0.01164129376411438 168 103 247 225
chair 0.0025508105754852295 187 101 310 223
diningtable 0.01798534393310547 287 69 388 151
chair 0.009670913219451904 324 74 393 202
bottle 0.004755467176437378 280 284 302 347
sofa 0.004718571901321411 0 170 22 343
chair 0.0028009116649627686 0 231 20 286
person 0.01904943585395813 472 120 499 369
bottle 0.001904308795928955 295 60 313 112
person 0.005490154027938843 0 152 21 338
person 0.001674354076385498 0 167 33 339
sofa 0.01923280954360962 70 66 285 236
person 0.002935171127319336 349 268 499 373
person 0.0017478764057159424 386 255 499 373
bottle 0.029536426067352295 367 75 390 135
person 0.9076376557350159 73 50 209 243
chair 0.0023782849311828613 469 125 499 361
sofa 0.1592157781124115 76 98 246 238
diningtable 0.08725422620773315 289 68 389 190
person 0.004538297653198242 443 175 499 372
chair 0.0033501386642456055 0 195 22 354
chair 0.0014159977436065674 0 195 32 358
chair 0.003160238265991211 0 62 20 228
sofa 0.07290294766426086 172 99 253 241
person 0.8844369649887085 189 58 337 253
diningtable 0.01854574680328369 227 65 397 249
person 0.7556356191635132 339 0 479 258
chair 0.0038396716117858887 0 78 20 287
sofa 0.0033763349056243896 182 88 335 242
chair 0.018264353275299072 322 70 382 118
diningtable 0.14463266730308533 287 69 388 119
bottle 0.592666506767273 90 11 105 58
chair 0.02112632989883423 294 70 382 118
tvmonitor 0.006438493728637695 336 114 397 186
bottle 0.007877200841903687 123 91 152 113
bottle 0.004700213670730591 125 91 154 133
bottle 0.09602698683738708 367 79 390 120
person 0.006823897361755371 291 46 317 74
person 0.0022696256637573242 494 132 500 230
chair 0.0026832520961761475 345 131 471 242
bottle 0.0013564825057983398 294 48 313 85
bottle 0.0019876956939697266 103 14 113 58
bottle 0.002018868923187256 304 51 316 85
bottle 0.0028009116649627686 308 54 317 81
person 0.008062601089477539 0 93 22 284
person 0.005343139171600342 0 116 37 285
bottle 0.10631856322288513 34 188 61 246
chair 0.0017007291316986084 0 199 13 287
person 0.0016165375709533691 493 117 499 242
tvmonitor 0.006666600704193115 337 127 394 179
dog 0.007547855377197266 468 230 500 369
bottle 0.0011971890926361084 298 47 317 73
person 0.0016483962535858154 336 51 350 72
chair 0.0011292099952697754 203 104 222 177
bottle 0.013532936573028564 353 57 363 74
bottle 0.059864312410354614 33 188 52 245
bottle 0.009485304355621338 109 11 125 59
bottle 0.006241738796234131 311 69 321 105
car 0.039785295724868774 2 340 173 373
diningtable 0.003147989511489868 191 328 352 374
chair 0.10894683003425598 334 71 375 117
bottle 0.0021742284297943115 309 50 317 74
bottle 0.0032602250576019287 318 55 325 73
