car 0.9522185325622559 34 145 268 258
bicycle 0.014614790678024292 328 197 347 218
motorbike 0.01798534393310547 328 196 348 218
train 0.0024824440479278564 402 204 443 213
bird 0.011776894330978394 311 353 360 384
horse 0.009195834398269653 328 193 348 218
pottedplant 0.002641737461090088 329 173 347 218
person 0.006903529167175293 329 177 347 218
person 0.010091900825500488 330 191 347 218
person 0.09876999258995056 195 162 207 178
person 0.008711427450180054 195 161 215 178
person 0.010368883609771729 194 157 210 177
person 0.0014159977436065674 195 155 217 179
