chair 0.004264324903488159 167 139 327 342
chair 0.0015010833740234375 163 127 411 340
chair 0.03371736407279968 303 154 416 322
person 0.001489490270614624 471 65 500 341
sofa 0.0035796165466308594 0 50 130 374
diningtable 0.009267330169677734 21 147 256 347
chair 0.004038453102111816 213 86 412 338
person 0.8844369649887085 294 62 422 345
person 0.8025557994842529 204 53 329 339
chair 0.01524651050567627 0 260 129 373
person 0.01013106107711792 0 141 25 229
person 0.014955878257751465 0 161 40 227
person 0.002757549285888672 0 83 88 178
chair 0.02211776375770569 3 95 55 149
pottedplant 0.0033632218837738037 453 198 476 232
tvmonitor 0.0015853047370910645 0 27 41 137
tvmonitor 0.10447552800178528 4 70 54 132
person 0.07503995299339294 212 53 295 194
pottedplant 0.1175718605518341 142 116 169 149
pottedplant 0.001178741455078125 0 228 24 333
person 0.021782606840133667 0 19 47 222
chair 0.010014057159423828 0 79 88 222
person 0.0396362841129303 0 43 33 224
person 0.05964553356170654 0 58 78 224
pottedplant 0.0010817945003509521 133 62 178 150
person 0.003751039505004883 493 215 500 326
chair 0.019269704818725586 308 196 437 299
bottle 0.012576550245285034 239 61 267 105
bicycle 0.0032476186752319336 468 200 499 350
person 0.0016678273677825928 335 3 355 39
tvmonitor 0.0012065470218658447 0 -3 20 150
person 0.001560807228088379 336 0 367 38
chair 0.003524214029312134 216 128 324 313
person 0.0011336207389831543 0 3 23 118
chair 0.005597800016403198 0 55 88 189
cat 0.0010444223880767822 494 251 499 351
chair 0.0020346641540527344 0 105 41 297
person 0.005119770765304565 206 53 299 277
diningtable 0.0015366971492767334 0 159 114 269
chair 0.0011971890926361084 255 155 305 234
bicycle 0.005159556865692139 491 199 499 355
person 0.5698527097702026 0 2 90 220
chair 0.0012065470218658447 0 208 26 371
chair 0.006513714790344238 55 260 129 372
person 0.1907234489917755 0 0 89 354
person 0.002424955368041992 0 93 14 229
person 0.005619615316390991 0 97 26 227
person 0.0010322332382202148 0 159 42 252
person 0.0034561753273010254 0 0 55 160
tvmonitor 0.004755467176437378 0 25 55 146
pottedplant 0.005619615316390991 0 247 24 311
bottle 0.004963308572769165 490 0 500 67
pottedplant 0.001120448112487793 14 0 46 36
bottle 0.0019266009330749512 241 58 271 121
bottle 0.0015729963779449463 243 59 279 118
pottedplant 0.001466512680053711 293 98 308 112
diningtable 0.0019876956939697266 0 208 114 282
chair 0.028222382068634033 307 153 445 301
pottedplant 0.001040339469909668 0 128 26 336
cat 0.0024724602699279785 15 0 46 37
chair 0.0010241866111755371 0 97 39 141
pottedplant 0.0010485053062438965 0 234 13 297
person 0.02405199408531189 0 75 39 260
person 0.0075772106647491455 0 98 79 245
chair 0.023778796195983887 214 57 303 245
chair 0.020410388708114624 214 106 305 240
