diningtable 0.690976619720459 0 287 409 399
chair 0.0012792348861694336 258 225 375 337
person 0.28061643242836 0 161 81 399
person 0.0017823278903961182 0 180 134 400
person 0.0010650157928466797 0 264 176 399
bottle 0.0012842416763305664 308 155 321 183
tvmonitor 0.0060506463050842285 459 58 499 243
bottle 0.0022696256637573242 262 164 272 187
person 0.003678649663925171 143 172 158 191
tvmonitor 0.010409027338027954 458 58 499 158
diningtable 0.0017478764057159424 470 163 499 244
tvmonitor 0.004573792219161987 440 140 499 237
tvmonitor 0.0012350976467132568 491 83 499 140
person 0.0022785067558288574 0 178 27 410
chair 0.04069101810455322 255 268 376 340
chair 0.0177803635597229 0 164 27 401
chair 0.010449320077896118 0 245 71 305
chair 0.0011694133281707764 488 252 499 411
bottle 0.0016678273677825928 98 173 109 208
chair 0.005685538053512573 194 256 274 309
chair 0.0011971890926361084 170 243 235 304
chair 0.16776436567306519 446 258 500 399
chair 0.35577577352523804 109 250 178 299
chair 0.01444736123085022 263 269 348 330
bottle 0.0012544989585876465 111 169 125 210
chair 0.02386951446533203 108 265 175 298
bottle 0.002453356981277466 297 167 309 185
bottle 0.001904308795928955 355 170 374 188
chair 0.00208282470703125 462 141 499 293
chair 0.09842309355735779 0 169 28 286
chair 0.03718525171279907 0 200 66 285
chair 0.01186823844909668 0 210 96 284
chair 0.036769360303878784 0 292 81 399
chair 0.02432847023010254 0 325 81 399
bottle 0.00874510407447815 491 169 500 215
chair 0.002779155969619751 405 260 500 399
chair 0.020488768815994263 0 171 55 284
chair 0.0012943148612976074 280 277 342 331
tvmonitor 0.03993484377861023 462 151 499 239
