chair 0.02006128430366516 285 174 473 373
chair 0.008188486099243164 366 170 474 373
chair 0.001367121934890747 395 136 499 373
chair 0.09236234426498413 464 114 499 372
person 0.010735392570495605 127 47 220 373
chair 0.014955878257751465 252 39 475 371
person 0.8582413196563721 197 31 418 373
pottedplant 0.016658097505569458 474 87 499 364
sofa 0.003272920846939087 130 33 233 373
person 0.9139833450317383 0 51 183 373
chair 0.0019876956939697266 0 81 21 372
chair 0.014173001050949097 209 116 470 373
chair 0.008478313684463501 0 97 148 373
chair 0.0015366971492767334 394 25 431 76
chair 0.0010733604431152344 279 35 409 189
chair 0.0011074244976043701 312 38 411 217
chair 0.01596766710281372 0 107 18 226
pottedplant 0.04256337881088257 478 103 499 222
chair 0.002003192901611328 0 105 42 305
pottedplant 0.0014438629150390625 424 87 499 219
person 0.001289278268814087 258 210 390 256
person 0.008915573358535767 214 189 410 375
chair 0.0026110410690307617 418 182 499 374
diningtable 0.0016165375709533691 489 186 499 310
person 0.0021321773529052734 0 57 73 369
chair 0.7122327089309692 61 34 476 372
person 0.06608361005783081 0 70 19 365
person 0.0011741816997528076 0 56 118 371
person 0.062328606843948364 0 93 18 297
pottedplant 0.001674354076385498 468 20 499 268
person 0.004133999347686768 0 98 28 288
sofa 0.6842647194862366 3 26 486 374
bottle 0.008881211280822754 486 173 499 225
chair 0.0023052990436553955 394 25 420 73
pottedplant 0.005021452903747559 474 104 499 173
diningtable 0.007288604974746704 467 170 499 304
chair 0.0011558830738067627 231 194 402 346
diningtable 0.0249863862991333 463 175 499 374
person 0.0034561753273010254 0 46 27 351
person 0.0016102492809295654 217 195 404 246
chair 0.003976315259933472 470 216 499 335
person 0.004905790090560913 274 204 337 242
person 0.005685538053512573 285 209 360 243
person 0.2114170789718628 217 192 405 288
bottle 0.017243891954421997 477 155 499 221
bottle 0.01798534393310547 488 149 500 223
person 0.0013995170593261719 0 100 33 372
diningtable 0.0017073750495910645 482 150 499 301
bottle 0.0021238625049591064 229 187 294 205
person 0.04535484313964844 0 90 18 204
bottle 0.04240426421165466 479 107 499 223
person 0.0030995309352874756 226 195 324 244
person 0.001040339469909668 321 214 390 242
person 0.0013250410556793213 317 199 390 243
