sofa 0.16398006677627563 0 173 470 374
boat 0.004963308572769165 0 109 407 373
person 0.9427154064178467 100 108 327 374
boat 0.042883336544036865 0 215 430 374
pottedplant 0.0010733604431152344 47 103 74 129
boat 0.001040339469909668 471 75 491 105
boat 0.0022607743740081787 28 85 233 136
boat 0.006850332021713257 417 89 442 115
boat 0.002590775489807129 169 75 198 89
boat 0.20307472348213196 417 84 491 115
boat 0.4167965054512024 469 84 491 114
boat 0.008644551038742065 32 99 216 137
chair 0.0012447535991668701 16 58 500 375
boat 0.019085973501205444 30 44 485 138
boat 0.08977669477462769 31 72 489 138
boat 0.07531079649925232 30 92 481 137
boat 0.1155630350112915 30 88 492 151
boat 0.018723994493484497 29 55 503 370
car 0.003063589334487915 469 84 490 114
boat 0.006876885890960693 0 0 84 85
boat 0.0015366971492767334 177 98 215 117
boat 0.003930270671844482 418 92 438 114
chair 0.0024344027042388916 418 92 438 114
person 0.027067720890045166 83 97 104 120
