chair 0.9412226676940918 174 224 294 373
tvmonitor 0.016215503215789795 456 3 499 372
tvmonitor 0.0032602250576019287 292 147 316 202
tvmonitor 0.08210369944572449 165 111 212 150
tvmonitor 0.005199640989303589 353 92 398 150
tvmonitor 0.003324180841445923 383 90 443 162
tvmonitor 0.0010567307472229004 413 222 457 274
tvmonitor 0.00822022557258606 215 110 273 156
tvmonitor 0.5736782550811768 174 77 205 112
tvmonitor 0.0023782849311828613 320 37 404 83
chair 0.0028897523880004883 451 137 499 374
tvmonitor 0.0025115013122558594 367 192 417 260
tvmonitor 0.7592233419418335 173 152 213 198
tvmonitor 0.808067798614502 219 152 270 206
tvmonitor 0.005888134241104126 294 142 398 229
tvmonitor 0.29421520233154297 380 154 436 222
tvmonitor 0.00790780782699585 186 112 212 150
tvmonitor 0.0030045807361602783 368 169 419 257
tvmonitor 0.0050605833530426025 123 52 157 70
tvmonitor 0.0017410516738891602 166 45 209 70
tvmonitor 0.0018245279788970947 127 90 154 114
tvmonitor 0.006145477294921875 347 141 397 232
tvmonitor 0.7185944318771362 295 153 353 204
