person 0.0010650157928466797 225 201 500 372
person 0.054400503635406494 441 61 499 370
chair 0.002341538667678833 0 166 293 373
diningtable 0.0012594163417816162 0 95 287 374
diningtable 0.0013778507709503174 225 235 499 372
person 0.8906731605529785 290 49 500 366
person 0.9336746335029602 0 38 248 360
sofa 0.003524214029312134 35 95 500 372
chair 0.0014438629150390625 0 207 222 374
chair 0.004133999347686768 0 258 304 373
diningtable 0.004264324903488159 0 263 287 373
diningtable 0.028329521417617798 0 329 287 374
diningtable 0.017310142517089844 0 305 295 373
diningtable 0.02025449275970459 -2 197 500 373
diningtable 0.004133999347686768 171 289 499 373
diningtable 0.024514615535736084 222 313 493 373
diningtable 0.007402688264846802 -2 289 499 396
sofa 0.0685386061668396 -1 198 498 374
sofa 0.018439680337905884 211 195 498 373
person 0.004681944847106934 469 125 499 345
chair 0.003389507532119751 212 199 320 376
chair 0.00517958402633667 198 199 356 372
chair 0.007518589496612549 221 198 388 370
bottle 0.9118072390556335 300 229 365 374
diningtable 0.004503071308135986 226 349 462 373
diningtable 0.005980461835861206 353 346 501 373
bottle 0.0012159943580627441 441 276 499 373
bottle 0.001714080572128296 333 229 357 314
chair 0.0012544989585876465 184 140 218 186
diningtable 0.0017823278903961182 345 306 500 373
