person 0.002074718475341797 356 62 499 323
person 0.001560807228088379 352 138 499 323
dog 0.8902919292449951 12 2 497 321
horse 0.026155948638916016 0 178 293 323
dog 0.04655161499977112 0 178 292 323
sofa 0.22541701793670654 0 18 499 325
dog 0.0015130341053009033 194 2 494 177
dog 0.0012496113777160645 293 2 493 167
bottle 0.003678649663925171 350 301 419 323
dog 0.003147989511489868 0 102 58 305
cat 0.0076660215854644775 0 44 63 251
cat 0.0035935938358306885 0 104 110 245
dog 0.001495271921157837 0 120 135 240
cat 0.003147989511489868 0 120 144 257
