horse 0.8652229905128479 21 175 481 316
horse 0.002790004014968872 378 191 479 316
train 0.005219787359237671 1 104 454 316
person 0.0022344589233398438 431 44 479 303
person 0.0020991265773773193 0 69 104 315
person 0.0012065470218658447 0 99 190 316
horse 0.5669780373573303 0 103 477 317
horse 0.0014608204364776611 6 294 190 402
horse 0.002415567636489868 4 289 454 403
horse 0.01196029782295227 11 178 478 407
horse 0.002590775489807129 76 264 476 405
horse 0.0026008784770965576 234 317 478 402
horse 0.001028209924697876 316 319 478 403
horse 0.0029812753200531006 7 317 474 424
person 0.0011694133281707764 420 98 479 302
person 0.8852325081825256 218 59 317 317
person 0.0013406574726104736 466 189 479 295
horse 0.0010567307472229004 412 178 479 303
car 0.005447685718536377 376 257 479 316
horse 0.004364967346191406 0 147 89 316
person 0.0013406574726104736 465 140 479 266
car 0.0019419193267822266 381 222 479 316
person 0.0026623904705047607 386 171 479 290
person 0.004133999347686768 427 170 479 288
person 0.003824770450592041 457 166 479 288
person 0.0010322332382202148 0 104 21 324
pottedplant 0.0013459324836730957 459 133 479 263
pottedplant 0.0013096034526824951 469 132 479 264
person 0.0013250410556793213 442 135 479 283
person 0.003824770450592041 461 196 479 284
person 0.002901047468185425 459 89 479 277
