person 0.00629037618637085 73 154 448 374
person 0.00406983494758606 212 167 374 374
person 0.0012447535991668701 214 170 494 374
sofa 0.001264333724975586 43 158 492 373
sofa 0.0018676519393920898 214 165 498 373
person 0.016530483961105347 118 160 306 373
person 0.8891415596008301 213 52 498 374
chair 0.008984774351119995 0 148 97 373
person 0.9216424822807312 88 126 237 373
person 0.009936809539794922 213 160 327 373
tvmonitor 0.0023968517780303955 0 -4 27 223
tvmonitor 0.0015189051628112793 0 48 116 370
