sofa 0.9299484491348267 198 122 494 331
tvmonitor 0.003621727228164673 0 92 118 275
bottle 0.00131988525390625 454 158 499 367
chair 0.0031115710735321045 198 125 340 327
pottedplant 0.001012265682220459 189 89 365 139
pottedplant 0.001388639211654663 166 66 207 216
pottedplant 0.003272920846939087 211 94 367 134
pottedplant 0.0021573007106781006 261 98 365 134
pottedplant 0.0022084414958953857 167 90 223 214
pottedplant 0.0013147294521331787 290 59 348 85
chair 0.002969682216644287 486 70 499 90
cat 0.0034293532371520996 0 0 78 127
chair 0.006241738796234131 490 72 499 88
pottedplant 0.00118333101272583 58 53 76 111
pottedplant 0.0023052990436553955 171 257 206 331
pottedplant 0.004755467176437378 222 62 253 87
car 0.0011971890926361084 340 32 383 63
pottedplant 0.003147989511489868 225 62 267 89
chair 0.0018822550773620605 445 157 499 278
pottedplant 0.002406179904937744 458 75 476 93
chair 0.005261063575744629 459 75 499 94
pottedplant 0.001367121934890747 111 301 125 332
chair 0.0022344589233398438 471 71 499 91
pottedplant 0.0018459856510162354 391 46 422 72
chair 0.0010241866111755371 171 61 226 116
pottedplant 0.00257071852684021 314 69 348 93
pottedplant 0.0018388032913208008 215 18 249 86
pottedplant 0.001477956771850586 301 69 351 93
cat 0.0015189051628112793 0 0 77 250
pottedplant 0.006513714790344238 169 6 248 134
pottedplant 0.0025310516357421875 175 5 259 169
pottedplant 0.002901047468185425 167 49 237 115
pottedplant 0.0014050006866455078 169 5 248 214
pottedplant 0.15405568480491638 169 22 252 113
cat 0.0010902583599090576 0 0 119 293
pottedplant 0.0026727914810180664 180 52 270 117
pottedplant 0.0011031031608581543 220 63 271 114
pottedplant 0.09501117467880249 312 68 346 85
pottedplant 0.002912372350692749 460 75 494 93
chair 0.0026520490646362305 491 70 499 98
chair 0.002199828624725342 488 72 499 94
sofa 0.001524806022644043 195 123 490 222
pottedplant 0.0013044774532318115 226 56 366 132
pottedplant 0.001957029104232788 169 162 203 215
pottedplant 0.17106285691261292 388 46 424 85
pottedplant 0.003736436367034912 0 0 77 116
chair 0.0010004639625549316 393 123 497 293
pottedplant 0.2901751399040222 172 23 249 84
tvmonitor 0.0012207329273223877 309 12 389 77
chair 0.003765672445297241 380 69 389 85
chair 0.003976315259933472 442 91 499 320
chair 0.0010241866111755371 485 75 499 329
pottedplant 0.12635040283203125 277 47 305 85
pottedplant 0.0024344027042388916 210 0 250 87
