dog 0.003565669059753418 210 243 246 278
dog 0.15304052829742432 101 246 121 270
person 0.0011424720287322998 218 246 245 277
bicycle 0.013223767280578613 110 309 257 346
bicycle 0.03079017996788025 189 311 267 353
person 0.0023052990436553955 189 311 267 356
person 0.8587157726287842 276 250 314 354
person 0.8140530586242676 248 241 282 355
bird 0.03789246082305908 101 246 120 270
person 0.03501462936401367 101 245 120 270
bird 0.001225501298904419 210 243 244 278
bicycle 0.15869343280792236 111 309 191 345
bicycle 0.0017823278903961182 192 311 208 353
chair 0.0045206546783447266 111 321 180 341
bicycle 0.003664344549179077 190 311 212 352
