cow 0.0015853047370910645 150 144 464 289
sheep 0.015845149755477905 94 147 330 286
sheep 0.0011248290538787842 143 167 187 237
sheep 0.0015487074851989746 155 178 187 233
chair 0.0010322332382202148 0 179 30 243
chair 0.001264333724975586 0 103 83 210
cow 0.0017893016338348389 277 156 316 173
cow 0.0018388032913208008 290 156 316 172
chair 0.004118025302886963 0 108 86 271
cow 0.0026623904705047607 434 76 500 232
pottedplant 0.0013302266597747803 0 77 22 255
sheep 0.013377547264099121 478 77 500 193
chair 0.0016483962535858154 0 112 24 221
sheep 0.0012742578983306885 116 226 185 263
bird 0.002912372350692749 168 0 223 12
chair 0.0014159977436065674 0 157 21 313
chair 0.0010004639625549316 0 172 58 304
sheep 0.007176309823989868 68 213 232 284
sheep 0.0015977323055267334 114 217 221 277
cow 0.0011380314826965332 457 3 499 240
cow 0.0032476186752319336 277 157 317 185
chair 0.0030874907970428467 0 16 88 273
cow 0.0025409162044525146 330 12 498 236
cow 0.0685386061668396 477 75 499 292
cow 0.008915573358535767 138 147 291 262
cow 0.6800290942192078 148 147 330 287
pottedplant 0.01444736123085022 0 110 22 206
pottedplant 0.008188486099243164 0 122 22 185
chair 0.001489490270614624 0 158 5 233
chair 0.00185316801071167 0 192 35 276
chair 0.00118333101272583 0 157 22 234
cow 0.0019117295742034912 293 158 316 185
cow 0.0011336207389831543 248 178 329 250
chair 0.012053072452545166 0 108 35 292
chair 0.001957029104232788 0 144 50 291
