bird 0.005511492490768433 296 119 476 293
bird 0.03384503722190857 362 121 478 285
bird 0.12896111607551575 0 116 191 282
bird 0.9142902493476868 97 101 268 286
bird 0.012576550245285034 355 19 498 295
bird 0.027378231287002563 0 68 118 276
bird 0.0019876956939697266 418 110 497 193
bird 0.001120448112487793 433 100 499 208
bird 0.0019419193267822266 463 88 499 244
bird 0.0027042627334594727 393 202 467 230
bird 0.014727562665939331 414 212 458 229
bird 0.002003192901611328 415 206 466 232
bird 0.00118333101272583 292 182 364 297
bird 0.0018388032913208008 386 162 470 273
bird 0.001178741455078125 419 19 499 294
bird 0.0017615854740142822 419 136 441 215
bird 0.0021657347679138184 421 136 457 216
bird 0.002359837293624878 381 191 441 275
bird 0.002314329147338867 384 204 469 269
bird 0.00284498929977417 393 210 459 259
bird 0.0017478764057159424 411 211 460 259
bird 0.0012496113777160645 117 101 269 230
bird 0.0048677921295166016 286 4 499 301
bird 0.0014215409755706787 453 24 499 305
bird 0.02914494276046753 0 25 76 265
bird 0.01530534029006958 0 27 142 276
bird 0.004503071308135986 368 126 478 240
bird 0.00208282470703125 397 126 488 240
bird 0.005343139171600342 414 121 498 247
bird 0.0042809247970581055 394 196 419 230
bird 0.0015729963779449463 395 196 457 245
bird 0.0026110410690307617 392 209 467 236
bird 0.0010362863540649414 415 210 461 235
bird 0.0011248290538787842 412 196 463 230
bird 0.003185272216796875 412 179 469 234
bird 0.00955912470817566 418 142 443 187
bird 0.013585120439529419 436 128 493 197
bird 0.0028784871101379395 384 203 468 293
bird 0.002424955368041992 408 213 462 288
bird 0.0016102492809295654 370 167 420 230
bird 0.002958148717880249 454 92 499 272
bird 0.008478313684463501 0 116 102 247
bird 0.005219787359237671 325 122 439 225
bird 0.3611651062965393 365 123 447 226
bird 0.016153186559677124 417 125 444 189
bird 0.0029237568378448486 431 124 497 226
bird 0.005099952220916748 439 83 499 288
bird 0.004364967346191406 471 71 499 316
bird 0.005957245826721191 0 102 70 248
