sofa 0.0020505785942077637 424 160 499 358
diningtable 0.0031976401805877686 129 157 349 374
chair 0.7592233419418335 0 150 77 349
pottedplant 0.0076958537101745605 35 95 53 143
bottle 0.0052814483642578125 242 153 257 181
bottle 0.006513714790344238 244 152 257 176
bottle 0.018904060125350952 0 106 21 146
pottedplant 0.06779336929321289 11 99 45 146
bottle 0.036631643772125244 36 94 55 143
chair 0.03410175442695618 45 90 125 287
chair 0.0010083019733428955 0 153 13 369
chair 0.004399091005325317 424 217 500 329
pottedplant 0.0012159943580627441 0 106 9 147
tvmonitor 0.0010567307472229004 473 221 499 260
chair 0.010652929544448853 464 203 499 328
bottle 0.016530483961105347 183 346 208 373
tvmonitor 0.01090201735496521 447 248 499 325
tvmonitor 0.0010362863540649414 475 220 499 280
chair 0.011914163827896118 0 103 29 289
chair 0.006771385669708252 21 67 122 274
cat 0.005099952220916748 464 225 499 315
chair 0.0021742284297943115 0 180 30 324
diningtable 0.3530941605567932 0 115 138 356
chair 0.003510504961013794 0 138 18 368
chair 0.005159556865692139 202 217 328 331
tvmonitor 0.034360289573669434 433 220 499 331
tvmonitor 0.01342916488647461 462 218 499 330
chair 0.0010162293910980225 0 181 10 331
chair 0.0021573007106781006 0 186 21 326
cat 0.0021742284297943115 465 252 499 310
pottedplant 0.0014438629150390625 0 107 6 148
pottedplant 0.006027162075042725 0 106 21 148
chair 0.00462755560874939 0 135 39 289
chair 0.0019117295742034912 0 151 33 252
chair 0.0015426874160766602 52 171 123 242
chair 0.004450768232345581 0 139 23 299
sofa 0.010776817798614502 464 204 499 323
tvmonitor 0.0011694133281707764 469 162 499 299
bottle 0.06164824962615967 205 286 222 334
bottle 0.3886178433895111 48 105 63 141
tvmonitor 0.0019799768924713135 472 163 499 245
chair 0.08540382981300354 12 142 137 284
