chair 0.0018969178199768066 403 166 499 369
chair 0.0015130341053009033 337 153 498 258
chair 0.7446573972702026 29 220 176 373
chair 0.85584956407547 386 173 499 307
chair 0.9073100090026855 127 174 238 339
chair 0.8386808037757874 309 157 405 286
diningtable 0.6566590666770935 0 192 165 372
person 0.0022873878479003906 486 135 499 190
person 0.002912372350692749 489 136 500 188
chair 0.003650069236755371 319 151 353 183
chair 0.006193429231643677 476 145 499 238
chair 0.0014837086200714111 308 155 328 242
diningtable 0.009633511304855347 350 183 415 222
pottedplant 0.09106162190437317 180 137 252 179
diningtable 0.0025409162044525146 350 186 415 245
chair 0.0027360916137695312 453 177 500 238
chair 0.012146621942520142 313 152 364 225
pottedplant 0.008156836032867432 7 77 32 94
chair 0.009231507778167725 482 133 499 283
pottedplant 0.0014382600784301758 12 75 40 95
chair 0.0019266009330749512 299 190 476 303
chair 0.022715508937835693 383 154 440 220
pottedplant 0.016340792179107666 226 73 254 100
sofa 0.0014837086200714111 389 153 498 216
pottedplant 0.003899872303009033 299 78 317 102
chair 0.003272920846939087 444 156 499 212
bird 0.0016678273677825928 358 -100 508 28
pottedplant 0.0012943148612976074 249 76 265 89
chair 0.0023052990436553955 0 152 47 237
bird 0.00185316801071167 351 -49 472 -6
chair 0.0011971890926361084 466 177 500 227
chair 0.0057077109813690186 472 195 499 371
chair 0.001449495553970337 0 89 96 324
chair 0.0411514937877655 0 152 86 200
chair 0.004086285829544067 0 219 17 275
pottedplant 0.3611651062965393 1 151 87 214
chair 0.002199828624725342 0 89 16 163
pottedplant 0.0019876956939697266 0 141 8 199
chair 0.0026623904705047607 0 148 13 199
pottedplant 0.0783575177192688 0 59 31 81
chair 0.007460415363311768 0 183 15 284
chair 0.0013044774532318115 479 214 499 326
chair 0.007938534021377563 0 200 41 278
chair 0.001388639211654663 475 255 499 363
chair 0.0021321773529052734 486 211 499 324
chair 0.0060506463050842285 0 226 52 273
chair 0.019343703985214233 0 246 14 358
chair 0.011244326829910278 0 205 15 351
person 0.0016102492809295654 485 112 499 216
chair 0.0016678273677825928 0 113 60 199
pottedplant 0.0013459324836730957 7 78 45 95
chair 0.0013044774532318115 466 271 499 373
chair 0.0016483962535858154 481 261 499 374
chair 0.0411514937877655 0 225 59 373
chair 0.0028784871101379395 474 157 499 190
chair 0.03488284349441528 0 246 25 358
pottedplant 0.007373988628387451 0 149 6 197
chair 0.011463016271591187 0 253 36 361
pottedplant 0.00386965274810791 0 148 12 198
person 0.0024628937244415283 471 129 499 222
chair 0.0017275214195251465 346 206 392 266
chair 0.0029237568378448486 316 151 356 194
chair 0.0019876956939697266 0 148 38 199
chair 0.007725805044174194 393 154 443 191
chair 0.03271239995956421 0 166 17 358
pottedplant 0.0020346641540527344 0 60 27 146
chair 0.02479657530784607 482 157 499 189
chair 0.020410388708114624 489 157 499 187
pottedplant 0.003824770450592041 306 81 358 106
pottedplant 0.001455157995223999 316 82 353 113
pottedplant 0.001388639211654663 310 82 358 117
person 0.0017342865467071533 490 121 500 196
chair 0.009633511304855347 464 199 499 281
bottle 0.0035796165466308594 0 149 5 189
chair 0.016530483961105347 488 192 500 281
pottedplant 0.003976315259933472 177 134 204 165
pottedplant 0.04402092099189758 33 151 83 214
pottedplant 0.09106162190437317 0 61 30 89
chair 0.002424955368041992 0 227 46 294
pottedplant 0.0024628937244415283 34 182 81 214
diningtable 0.003650069236755371 340 169 415 265
diningtable 0.032465726137161255 349 179 447 268
bicycle 0.005685538053512573 465 204 499 280
chair 0.0015366971492767334 393 152 425 215
bicycle 0.012288272380828857 488 201 500 280
chair 0.11124423146247864 469 157 500 213
chair 0.023598521947860718 482 156 499 208
pottedplant 0.003185272216796875 178 134 210 179
pottedplant 0.173289954662323 222 139 252 180
chair 0.0013940632343292236 0 222 32 317
chair 0.1250624656677246 40 160 199 339
chair 0.025273829698562622 489 156 500 199
chair 0.0014837086200714111 0 132 9 199
chair 0.0015729963779449463 340 165 416 270
chair 0.026456594467163086 0 162 55 198
chair 0.01627802848815918 0 182 135 374
chair 0.0028228759765625 337 174 483 277
chair 0.002018868923187256 0 169 33 290
chair 0.008711427450180054 126 185 198 247
chair 0.003147989511489868 136 160 200 245
chair 0.00406983494758606 311 157 358 259
chair 0.0022344589233398438 349 168 457 259
chair 0.0021742284297943115 388 172 474 262
chair 0.1347770094871521 458 153 499 277
chair 0.13523343205451965 0 153 56 291
chair 0.0018103718757629395 0 152 121 287
diningtable 0.0026110410690307617 0 187 136 270
diningtable 0.0018676519393920898 0 193 137 252
chair 0.15817251801490784 61 160 199 298
chair 0.0034293532371520996 118 166 205 267
chair 0.006388753652572632 376 161 449 244
chair 0.0015130341053009033 407 171 497 250
chair 0.0838889479637146 0 152 76 271
chair 0.2062540352344513 76 160 198 236
chair 0.0021827220916748047 139 172 237 259
chair 0.0411514937877655 350 153 440 229
