chair 0.0012018680572509766 0 124 188 373
sofa 0.003123670816421509 2 125 496 374
dog 0.002631455659866333 439 224 499 373
dog 0.01342916488647461 34 4 500 310
dog 0.9149011373519897 267 257 478 373
person 0.00257071852684021 0 46 38 372
person 0.00185316801071167 0 122 53 373
dog 0.0016102492809295654 136 245 487 534
dog 0.8879808187484741 196 159 500 324
person 0.002590775489807129 0 33 26 369
dog 0.6774741411209106 41 140 222 311
dog 0.00629037618637085 434 131 499 332
dog 0.0021321773529052734 396 243 499 328
dog 0.0027360916137695312 451 182 499 374
chair 0.003147989511489868 0 190 52 374
bottle 0.0011971890926361084 0 347 40 374
person 0.0011248290538787842 456 107 499 332
chair 0.3040419816970825 18 6 480 370
sofa 0.4167965054512024 38 1 501 366
dog 0.12252146005630493 226 92 499 210
dog 0.004792630672454834 406 207 499 328
dog 0.0057077109813690186 444 166 499 337
dog 0.0025310516357421875 460 139 499 373
dog 0.0024724602699279785 404 246 500 374
dog 0.0012544989585876465 0 118 26 349
dog 0.003960907459259033 103 139 223 238
person 0.0012692809104919434 453 259 499 374
cat 0.0010043680667877197 93 139 224 240
