car 0.9500442743301392 70 80 475 298
car 0.005301922559738159 0 148 14 182
pottedplant 0.002958148717880249 470 110 499 168
person 0.0022873878479003906 304 104 342 133
pottedplant 0.0025409162044525146 472 105 498 135
boat 0.0014104843139648438 397 2 499 184
boat 0.003565669059753418 454 12 499 186
pottedplant 0.0028897523880004883 492 124 500 174
person 0.0012994110584259033 0 106 8 183
bicycle 0.0026008784770965576 416 137 430 163
bicycle 0.0030398666858673096 416 136 457 165
pottedplant 0.00952214002609253 483 127 499 182
person 0.0012447535991668701 493 116 499 148
pottedplant 0.007402688264846802 472 113 490 135
pottedplant 0.0017823278903961182 484 102 499 134
pottedplant 0.0017963051795959473 489 99 499 134
pottedplant 0.006797581911087036 0 155 14 179
bicycle 0.010052919387817383 0 155 14 179
pottedplant 0.0014608204364776611 476 110 498 134
pottedplant 0.025760233402252197 469 130 499 179
motorbike 0.003884732723236084 0 155 14 179
pottedplant 0.03359013795852661 489 144 499 178
