chair 0.0010526180267333984 462 -3 499 357
pottedplant 0.0018676519393920898 87 168 112 231
pottedplant 0.06301644444465637 87 166 123 231
person 0.001466512680053711 494 167 499 215
person 0.018334269523620605 0 205 4 257
person 0.036357581615448 2 205 19 238
chair 0.001957029104232788 88 255 120 300
person 0.8587157726287842 222 214 252 302
person 0.8856285810470581 278 257 303 313
boat 0.016029298305511475 462 0 499 289
person 0.8679343461990356 0 201 42 299
bicycle 0.0048677921295166016 89 254 120 300
person 0.8723500967025757 195 198 222 271
person 0.003976315259933472 278 189 311 259
person 0.81640625 278 189 300 259
pottedplant 0.0012159943580627441 465 181 482 206
pottedplant 0.001225501298904419 465 177 499 207
person 0.004247784614562988 494 131 499 215
bicycle 0.0014438629150390625 92 246 117 278
person 0.0062660276889801025 494 172 499 209
person 0.003780364990234375 9 201 42 273
pottedplant 0.3328525424003601 87 146 133 233
person 0.15713486075401306 0 205 6 276
person 0.644224226474762 0 205 19 276
