boat 0.1716175377368927 -116 9 0 490
boat 0.8638498783111572 6 0 374 421
boat 0.0012994110584259033 379 10 462 472
person 0.0026212334632873535 121 314 138 373
person 0.5544705390930176 99 304 139 374
person 0.324235737323761 138 304 179 347
boat 0.0010526180267333984 249 287 304 301
boat 0.0011424720287322998 134 343 184 378
person 0.396068274974823 44 302 85 367
person 0.001264333724975586 177 304 204 346
boat 0.001432657241821289 0 19 138 405
boat 0.0010650157928466797 24 296 66 368
person 0.007460415363311768 44 303 123 377
person 0.008062601089477539 97 303 162 374
person 0.0021321773529052734 98 351 120 378
person 0.0016228556632995605 136 303 226 365
person 0.7799931764602661 179 303 229 388
person 0.010091900825500488 234 320 258 347
person 0.0010650157928466797 40 243 58 269
person 0.0012943148612976074 228 292 302 347
person 0.7577925324440002 270 302 309 348
person 0.020646393299102783 106 304 140 351
person 0.0011336207389831543 98 307 128 348
person 0.5370416045188904 229 298 258 347
person 0.014336913824081421 83 349 114 381
person 0.05582568049430847 98 352 114 379
person 0.02585861086845398 164 304 194 346
person 0.17895618081092834 186 303 229 352
