chair 0.0011031031608581543 400 160 497 330
person 0.011776894330978394 470 95 498 319
person 0.002406179904937744 410 70 492 312
person 0.002935171127319336 445 37 499 321
person 0.001120448112487793 407 145 427 205
person 0.0012399256229400635 415 145 446 207
pottedplant 0.0010322332382202148 150 164 194 198
car 0.001012265682220459 0 221 24 291
bottle 0.006413578987121582 253 254 263 305
person 0.007786005735397339 343 161 367 199
person 0.021288663148880005 176 247 189 278
person 0.06164824962615967 352 160 368 199
person 0.0020346641540527344 182 247 196 272
person 0.0010988116264343262 192 245 202 269
person 0.008188486099243164 181 277 195 306
person 0.02517762780189514 201 248 212 266
person 0.18242335319519043 187 279 199 306
person 0.0010817945003509521 201 248 222 266
person 0.00916031002998352 188 277 206 306
pottedplant 0.003524214029312134 198 211 219 227
person 0.018688201904296875 419 144 474 198
person 0.0016355812549591064 417 144 458 222
person 0.05146035552024841 474 157 499 197
person 0.0020346641540527344 251 259 263 306
person 0.001495271921157837 163 244 179 305
person 0.0023324191570281982 173 244 189 302
car 0.0012842416763305664 24 176 110 198
person 0.055620014667510986 178 243 194 305
person 0.0023968517780303955 178 250 202 305
pottedplant 0.003809899091720581 15 216 41 251
bus 0.0011879205703735352 32 208 74 251
person 0.0016613304615020752 386 148 429 307
pottedplant 0.0022696256637573242 0 226 23 271
boat 0.0034696757793426514 404 19 499 333
boat 0.0017963051795959473 437 27 499 332
person 0.013532936573028564 200 244 210 266
person 0.0016102492809295654 186 239 197 261
person 0.08663347363471985 178 245 192 282
person 0.07450070977210999 490 155 499 321
person 0.008413106203079224 285 162 300 234
pottedplant 0.0012350976467132568 178 255 192 306
person 0.00321003794670105 392 154 414 204
person 0.23651883006095886 212 272 222 305
person 0.49023550748825073 474 157 499 227
person 0.008644551038742065 487 157 499 298
person 0.0019419193267822266 355 150 419 304
pottedplant 0.0035796165466308594 158 164 195 181
person 0.004054129123687744 206 272 222 306
person 0.007288604974746704 181 236 192 266
person 0.12635040283203125 474 156 499 323
person 0.008511096239089966 198 235 207 265
person 0.003185272216796875 492 158 499 230
train 0.0014159977436065674 0 199 72 270
person 0.0463789701461792 493 171 500 327
car 0.0016102492809295654 0 223 23 271
train 0.04903769493103027 32 207 75 249
pottedplant 0.0035935938358306885 181 278 196 306
person 0.012821823358535767 409 147 422 171
person 0.00809389352798462 175 244 184 274
person 0.006241738796234131 493 152 500 242
person 0.0011648833751678467 460 147 471 166
person 0.0013459324836730957 493 136 499 185
person 0.0018174350261688232 408 142 468 260
person 0.1661340892314911 412 141 482 304
person 0.0010004639625549316 287 165 302 199
person 0.0023782849311828613 380 153 419 239
pottedplant 0.00135117769241333 268 0 300 35
person 0.001489490270614624 336 148 367 199
person 0.027692049741744995 406 146 425 240
train 0.0010043680667877197 0 118 69 262
person 0.005426615476608276 399 154 410 185
person 0.004038453102111816 400 152 419 185
person 0.008252084255218506 406 147 422 185
person 0.011287689208984375 490 155 499 197
person 0.0026212334632873535 460 148 474 171
person 0.0011031031608581543 483 144 499 177
person 0.0018969178199768066 492 143 499 191
person 0.008511096239089966 409 148 422 180
person 0.05184340476989746 492 190 499 295
person 0.0013147294521331787 462 156 475 174
person 0.01949256658554077 168 238 180 264
person 0.01048976182937622 181 233 191 258
person 0.004944056272506714 185 231 195 259
person 0.01013106107711792 191 230 204 261
person 0.007176309823989868 194 233 205 265
person 0.0013778507709503174 200 237 214 266
train 0.03222090005874634 24 176 118 198
person 0.013377547264099121 352 153 410 203
person 0.00564149022102356 377 153 416 214
person 0.3611651062965393 415 144 476 239
person 0.02112632989883423 398 156 417 206
train 0.007260352373123169 10 175 123 244
person 0.023508936166763306 399 152 420 232
person 0.001335442066192627 448 144 496 229
person 0.010860145092010498 405 148 421 203
pottedplant 0.0010650157928466797 286 164 304 233
