chair 0.3593648076057434 178 202 472 374
boat 0.25832465291023254 90 177 399 257
person 0.00629037618637085 0 15 251 372
person 0.0019343793392181396 1 21 435 372
boat 0.02711924910545349 89 174 400 315
boat 0.0010241866111755371 1 3 462 374
diningtable 0.009195834398269653 0 313 164 374
diningtable 0.001178741455078125 1 309 356 373
person 0.013172894716262817 446 -2 499 373
person 0.006097882986068726 0 17 171 373
chair 0.0012742578983306885 0 56 166 373
pottedplant 0.0015853047370910645 419 68 474 186
pottedplant 0.06903958320617676 344 124 434 179
chair 0.0012842416763305664 447 117 499 371
person 0.00391504168510437 0 315 48 356
bottle 0.01444736123085022 2 316 49 353
pottedplant 0.00564149022102356 384 18 453 191
boat 0.0012207329273223877 84 101 438 259
person 0.0020991265773773193 302 356 380 374
bottle 0.0015130341053009033 0 315 48 370
pottedplant 0.0030516982078552246 385 18 450 127
bottle 0.047604769468307495 0 313 159 375
pottedplant 0.009054571390151978 386 18 450 77
person 0.0010444223880767822 0 333 33 375
bottle 0.007460415363311768 20 346 66 375
pottedplant 0.0012159943580627441 342 122 439 229
boat 0.0012544989585876465 432 197 466 232
