person 0.0011694133281707764 13 238 84 492
person 0.0021321773529052734 13 238 119 494
person 0.07030656933784485 87 0 158 37
person 0.2062540352344513 92 0 186 67
chair 0.01791679859161377 96 0 257 66
chair 0.01791679859161377 133 0 275 60
chair 0.0026520490646362305 11 0 89 74
person 0.001466512680053711 43 0 187 47
chair 0.0019266009330749512 21 0 71 43
person 0.010818421840667725 54 0 202 63
chair 0.00443345308303833 35 0 75 32
person 0.011418908834457397 60 0 257 66
person 0.003991752862930298 51 0 78 31
boat 0.004264324903488159 15 0 302 63
boat 0.003736436367034912 2 0 305 156
chair 0.03271239995956421 12 0 59 73
chair 0.003650069236755371 37 0 106 94
person 0.9254993200302124 84 15 277 490
person 0.10338345170021057 114 0 158 68
chair 0.00135117769241333 15 0 92 31
boat 0.001524806022644043 -6 4 304 253
person 0.007755845785140991 40 0 98 31
person 0.038609206676483154 57 0 138 30
person 0.0583474338054657 74 0 154 30
chair 0.0034561753273010254 100 0 246 36
chair 0.005865275859832764 135 0 267 24
chair 0.012431591749191284 8 0 71 93
chair 0.0067453086376190186 8 0 104 98
chair 0.07369807362556458 0 23 45 102
chair 0.003930270671844482 45 0 78 31
person 0.2782570719718933 63 0 93 31
tvmonitor 0.0015729963779449463 -1 0 53 10
tvmonitor 0.0014159977436065674 8 0 61 8
tvmonitor 0.0013147294521331787 9 0 67 11
chair 0.004963308572769165 123 0 226 15
chair 0.0011160969734191895 265 0 307 7
bottle 0.005199640989303589 0 0 15 16
chair 0.0019191503524780273 39 0 90 30
person 0.03197786211967468 63 0 119 31
chair 0.004314333200454712 117 0 254 18
person 0.11516469717025757 95 0 128 30
chair 0.003678649663925171 128 0 218 45
chair 0.001069188117980957 131 0 233 22
