pottedplant 0.0016483962535858154 159 182 498 372
person 0.023688465356826782 334 37 500 349
person 0.024467945098876953 394 30 499 345
bird 0.04849517345428467 335 18 500 342
bird 0.032465726137161255 395 25 499 341
bird 0.056032031774520874 224 57 488 346
pottedplant 0.004718571901321411 0 159 141 373
pottedplant 0.0018604099750518799 141 114 498 372
sheep 0.0031724870204925537 135 178 496 373
bird 0.0037219226360321045 262 181 497 373
person 0.006438493728637695 466 2 499 150
person 0.014282047748565674 477 3 499 148
person 0.001714080572128296 469 2 499 240
person 0.006097882986068726 478 -14 500 259
bird 0.001495271921157837 474 126 500 259
bird 0.0021321773529052734 490 125 500 256
bird 0.0038396716117858887 351 118 500 213
pottedplant 0.0011424720287322998 0 161 28 247
person 0.004755467176437378 392 105 499 215
bird 0.012240886688232422 393 79 499 219
person 0.005219787359237671 470 36 499 294
bird 0.0015366971492767334 482 18 499 152
bird 0.04672485589981079 335 60 500 176
bird 0.010449320077896118 478 63 499 152
bird 0.0013940632343292236 332 72 506 224
person 0.009448617696762085 380 50 499 241
person 0.0010004639625549316 0 205 9 310
pottedplant 0.1666761040687561 89 0 496 324
pottedplant 0.0020666420459747314 0 216 9 274
pottedplant 0.005343139171600342 333 6 500 250
pottedplant 0.0011031031608581543 444 146 499 368
pottedplant 0.00517958402633667 0 177 10 253
pottedplant 0.0010817945003509521 0 174 18 253
bird 0.0030874907970428467 316 183 457 371
pottedplant 0.017376601696014404 164 4 463 279
pottedplant 0.059864312410354614 219 23 424 277
pottedplant 0.026760488748550415 164 267 262 364
pottedplant 0.012335866689682007 333 26 500 332
pottedplant 0.0021912753582000732 0 40 58 348
pottedplant 0.8679343461990356 0 5 300 370
bird 0.0017684698104858398 432 99 499 333
pottedplant 0.0020666420459747314 0 136 12 323
pottedplant 0.007065832614898682 0 217 10 259
pottedplant 0.001335442066192627 476 0 499 152
bird 0.0011741816997528076 482 73 499 183
pottedplant 0.0021488964557647705 457 0 499 150
cat 0.0012302696704864502 362 286 499 374
bird 0.0026727914810180664 226 125 394 271
bird 0.11240836977958679 393 115 499 300
pottedplant 0.0013995170593261719 0 151 21 314
boat 0.002115577459335327 0 156 45 240
bird 0.0023782849311828613 463 141 499 280
bird 0.0017275214195251465 463 77 499 313
