chair 0.08122438192367554 184 152 349 374
diningtable 0.001489490270614624 350 162 494 373
person 0.0027360916137695312 369 51 499 368
person 0.012053072452545166 460 60 499 364
chair 0.026155948638916016 0 23 79 370
chair 0.025907933712005615 0 142 160 371
chair 0.7416753768920898 -1 213 197 374
chair 0.0014215409755706787 2 204 377 373
diningtable 0.8864172101020813 2 152 475 373
chair 0.015013545751571655 182 156 474 374
diningtable 0.1661340892314911 178 157 485 373
chair 0.04272308945655823 370 151 499 369
chair 0.0029466450214385986 460 158 499 219
chair 0.0018676519393920898 459 180 497 223
chair 0.01704654097557068 488 136 500 269
chair 0.8187379837036133 262 92 336 160
chair 0.0027360916137695312 0 213 15 331
chair 0.4610167145729065 164 94 237 159
chair 0.0010322332382202148 487 243 500 366
chair 0.005819797515869141 457 80 499 215
person 0.09568923711776733 451 20 499 214
chair 0.0012302696704864502 250 138 453 377
chair 0.023508936166763306 456 157 499 351
chair 0.006145477294921875 0 148 87 223
chair 0.008915573358535767 0 128 46 391
chair 0.0014215409755706787 471 185 499 288
chair 0.005619615316390991 0 35 117 366
person 0.0022785067558288574 388 1 498 211
chair 0.041306138038635254 257 111 351 376
pottedplant 0.03032785654067993 0 1 78 214
chair 0.010530352592468262 429 160 499 360
chair 0.0013459324836730957 53 194 203 373
chair 0.0018676519393920898 480 101 500 215
chair 0.002018868923187256 487 95 499 220
bottle 0.0034696757793426514 144 152 174 213
chair 0.0024921000003814697 235 146 418 358
chair 0.024514615535736084 0 142 58 357
chair 0.042245686054229736 0 145 80 346
chair 0.003991752862930298 127 135 260 378
chair 0.09568923711776733 187 129 272 375
chair 0.044351041316986084 211 109 353 368
chair 0.028222382068634033 484 153 500 300
person 0.004556000232696533 479 17 499 222
chair 0.08914017677307129 478 140 499 317
chair 0.012625247240066528 479 112 500 263
chair 0.013532936573028564 490 111 500 265
chair 0.0019494593143463135 0 132 23 228
chair 0.0021488964557647705 0 142 38 228
chair 0.0018103718757629395 0 149 48 220
chair 0.002359837293624878 0 191 19 334
chair 0.03993484377861023 460 132 499 305
chair 0.012335866689682007 461 181 499 263
