tvmonitor 0.8910531997680664 176 21 490 347
person 0.0019419193267822266 216 144 235 166
person 0.5156199336051941 358 101 437 198
person 0.007038503885269165 112 145 137 194
person 0.6388348937034607 228 98 292 181
person 0.7732153534889221 298 103 361 187
person 0.002415567636489868 215 142 247 177
person 0.010530352592468262 214 136 261 181
tvmonitor 0.9066517353057861 0 32 176 302
person 0.0024344027042388916 325 157 405 201
person 0.002867281436920166 213 131 294 197
person 0.012146621942520142 321 130 405 201
