bus 0.9544758796691895 206 178 367 253
car 0.0046637654304504395 493 232 499 256
car 0.09946715831756592 331 204 366 220
motorbike 0.0022344589233398438 491 228 499 297
cow 0.0029928982257843018 493 232 499 285
bus 0.0013250410556793213 53 207 107 230
bird 0.001432657241821289 486 232 499 301
person 0.002969682216644287 493 210 499 262
person 0.0015366971492767334 493 180 500 271
bus 0.8044062852859497 39 207 165 268
bird 0.0026520490646362305 493 221 499 296
person 0.002359837293624878 113 199 147 235
sheep 0.002415567636489868 416 217 431 230
person 0.0019266009330749512 113 206 135 236
car 0.03527957201004028 166 222 181 239
car 0.005322486162185669 172 223 190 239
