bicycle 0.01507142186164856 48 188 405 332
bicycle 0.0014215409755706787 161 182 408 334
bicycle 0.00959622859954834 265 148 420 321
bicycle 0.006797581911087036 53 264 344 333
chair 0.001680910587310791 432 147 499 333
person 0.8921864032745361 378 60 475 332
bicycle 0.005888134241104126 1 69 155 332
bicycle 0.6645405292510986 264 149 394 268
bicycle 0.0014438629150390625 0 249 214 333
person 0.0012159943580627441 0 41 41 330
bicycle 0.04831570386886597 0 120 75 332
bicycle 0.01422739028930664 0 171 249 332
bicycle 0.23231258988380432 239 112 283 159
person 0.0017823278903961182 220 81 268 127
bicycle 0.005957245826721191 260 107 296 159
person 0.004792630672454834 347 125 373 159
person 0.590779185295105 375 83 406 146
person 0.0010902583599090576 381 63 462 141
person 0.004774004220962524 478 98 499 165
person 0.6424316167831421 460 77 499 125
person 0.00406983494758606 0 82 25 157
bicycle 0.004364967346191406 3 90 48 140
person 0.007606714963912964 429 53 450 69
bicycle 0.002779155969619751 13 92 80 142
person 0.01904943585395813 434 53 451 68
person 0.02245756983757019 433 54 452 79
bicycle 0.004364967346191406 462 134 499 206
person 0.005099952220916748 386 84 406 116
person 0.042245686054229736 426 54 454 85
person 0.0013406574726104736 225 87 273 146
person 0.0011513829231262207 413 69 427 108
person 0.0022170841693878174 457 88 472 105
person 0.0010902583599090576 474 220 499 335
person 0.0019266009330749512 197 69 216 93
person 0.0010860264301300049 491 195 500 339
person 0.004503071308135986 197 59 222 94
chair 0.0013250410556793213 35 89 63 107
person 0.004700213670730591 229 68 242 96
person 0.003650069236755371 0 62 20 190
chair 0.003607630729675293 46 87 72 108
person 0.0013044774532318115 285 73 297 93
chair 0.00142708420753479 49 84 78 115
person 0.0012544989585876465 74 81 99 108
person 0.00438198447227478 0 65 18 297
person 0.004774004220962524 0 87 15 212
person 0.011201143264770508 293 77 361 186
person 0.001477956771850586 0 97 16 182
person 0.004182338714599609 167 67 204 112
person 0.0011513829231262207 81 66 99 96
bicycle 0.0011336207389831543 0 140 34 331
person 0.0028228759765625 456 64 498 272
person 0.006241738796234131 463 73 499 240
person 0.02104562520980835 164 65 188 86
person 0.003063589334487915 470 93 499 227
person 0.007204204797744751 470 116 499 176
bottle 0.004416227340698242 0 296 36 333
person 0.004416227340698242 477 104 499 195
person 0.9383517503738403 17 9 264 334
person 0.004022836685180664 492 123 500 284
person 0.00284498929977417 87 61 216 274
bicycle 0.0010083019733428955 15 114 37 174
person 0.04008492827415466 416 54 455 93
person 0.002003192901611328 243 90 260 125
person 0.0025212466716766357 274 82 286 141
person 0.003664344549179077 482 113 499 213
person 0.4551987051963806 276 77 299 147
person 0.0010162293910980225 1 86 46 128
person 0.00131988525390625 60 70 103 109
person 0.003235042095184326 284 74 306 146
person 0.007606714963912964 473 100 499 152
bicycle 0.004022836685180664 203 265 302 332
person 0.018264353275299072 459 76 499 169
person 0.13386806845664978 339 92 358 138
chair 0.03021344542503357 0 181 75 332
bicycle 0.7592233419418335 15 111 55 172
person 0.0017684698104858398 374 84 395 124
bicycle 0.0014104843139648438 16 108 73 174
person 0.0017823278903961182 119 48 240 248
person 0.018474966287612915 288 65 317 146
person 0.001972287893295288 150 56 243 246
person 0.005040973424911499 337 92 357 115
bicycle 0.002631455659866333 201 122 304 265
person 0.017848461866378784 193 55 255 224
person 0.01013106107711792 470 80 499 148
bicycle 0.0026110410690307617 194 89 280 182
person 0.018474966287612915 482 89 499 147
person 0.03271239995956421 493 100 499 147
bicycle 0.018056362867355347 264 153 332 265
person 0.006241738796234131 285 69 338 180
bicycle 0.0012842416763305664 0 94 35 155
horse 0.010209739208221436 320 135 393 267
person 0.010289043188095093 405 93 420 111
person 0.0020666420459747314 457 88 473 119
person 0.0015071630477905273 325 91 359 146
bicycle 0.0013564825057983398 0 106 19 333
bicycle 0.007460415363311768 203 178 317 263
person 0.001264333724975586 374 86 393 146
person 0.02779737114906311 489 98 499 149
person 0.6370307803153992 350 80 371 140
bicycle 0.0016292035579681396 198 106 278 194
person 0.05460202693939209 461 117 499 323
person 0.6297757029533386 289 64 350 237
person 0.001524806022644043 401 91 421 117
bicycle 0.050141364336013794 192 192 271 264
bicycle 0.0015307366847991943 0 91 16 218
bicycle 0.003063589334487915 7 91 45 126
bicycle 0.0020666420459747314 275 89 294 151
chair 0.0023875534534454346 11 90 46 117
person 0.012821823358535767 338 91 366 155
chair 0.0026212334632873535 20 92 48 114
person 0.603931725025177 0 81 15 156
person 0.006438493728637695 345 95 369 151
chair 0.0013995170593261719 48 92 75 117
person 0.002003192901611328 347 107 371 155
bicycle 0.0016874969005584717 49 91 80 117
bicycle 0.0018103718757629395 52 91 90 114
person 0.001524806022644043 71 86 104 110
person 0.0027042627334594727 470 128 499 253
motorbike 0.0018969178199768066 0 92 37 134
person 0.0034561753273010254 494 120 500 260
bicycle 0.014784276485443115 9 102 56 140
person 0.01994621753692627 332 82 360 159
bicycle 0.002074718475341797 240 115 306 180
person 0.01949256658554077 240 90 270 152
person 0.010328888893127441 241 88 282 155
bicycle 0.009448617696762085 7 100 53 131
horse 0.0030874907970428467 468 113 499 242
bicycle 0.0011336207389831543 19 105 63 129
bicycle 0.003147989511489868 236 113 296 229
bicycle 0.003960907459259033 247 122 321 232
person 0.20817920565605164 219 67 245 130
person 0.006513714790344238 488 119 499 214
person 0.006121635437011719 251 89 267 115
bicycle 0.00629037618637085 465 114 499 302
bicycle 0.001972287893295288 227 118 315 262
person 0.0018459856510162354 336 91 349 103
person 0.7154243588447571 197 55 244 128
motorbike 0.03622123599052429 238 89 283 157
bicycle 0.0030162930488586426 244 93 285 156
person 0.006876885890960693 342 83 364 120
person 0.0017684698104858398 494 122 500 213
person 0.011158108711242676 377 83 406 119
person 0.004007279872894287 239 90 263 132
person 0.010776817798614502 246 90 268 128
person 0.003960907459259033 197 76 214 94
person 0.003960907459259033 198 55 242 107
person 0.007065832614898682 229 70 244 104
person 0.012772411108016968 254 78 267 94
person 0.001040339469909668 279 77 297 101
person 0.0035796165466308594 284 77 297 97
person 0.0076660215854644775 356 81 369 94
person 0.0012159943580627441 380 73 393 98
person 0.0028118789196014404 193 77 211 94
person 0.008062601089477539 253 79 267 104
person 0.0012544989585876465 273 80 282 99
person 0.00812530517578125 277 77 297 119
person 0.0028339028358459473 348 80 368 103
person 0.012335866689682007 354 81 369 119
person 0.0017893016338348389 384 83 404 107
person 0.004503071308135986 494 78 499 119
car 0.001335442066192627 460 71 477 84
person 0.0017342865467071533 494 75 499 105
chair 0.004736989736557007 12 81 47 109
chair 0.0019876956939697266 18 83 47 106
person 0.0016165375709533691 0 66 7 145
person 0.1422344446182251 57 72 71 99
person 0.10669058561325073 80 73 100 101
person 0.0025409162044525146 155 73 167 93
person 0.0024438798427581787 157 71 173 93
person 0.6424316167831421 168 66 193 93
chair 0.015845149755477905 17 89 46 109
chair 0.0018676519393920898 43 89 62 107
chair 0.002912372350692749 46 89 67 106
chair 0.004736989736557007 51 71 70 106
