boat 0.0023968517780303955 0 208 146 374
boat 0.0033501386642456055 0 212 216 373
boat 0.0035935938358306885 63 174 499 379
boat 0.002003192901611328 176 100 499 236
boat 0.003565669059753418 130 42 500 265
boat 0.0894579291343689 0 114 42 213
boat 0.8514580726623535 69 7 500 348
boat 0.0022344589233398438 98 103 499 320
boat 0.001225501298904419 0 107 42 330
boat 0.0011694133281707764 -7 218 146 421
boat 0.0012350976467132568 0 219 359 423
boat 0.002757549285888672 1 210 450 441
boat 0.020725667476654053 63 228 499 402
boat 0.0026832520961761475 183 144 255 171
boat 0.0011513829231262207 0 231 12 249
boat 0.0019117295742034912 3 66 54 149
boat 0.006241738796234131 318 46 501 161
boat 0.009448617696762085 3 120 45 149
boat 0.042245686054229736 369 59 500 141
boat 0.025662213563919067 3 76 40 149
boat 0.001674354076385498 62 81 139 173
boat 0.001012265682220459 139 16 289 198
boat 0.010249316692352295 316 92 510 162
boat 0.05964553356170654 69 1 288 247
boat 0.004556000232696533 42 100 79 149
boat 0.014118820428848267 42 102 109 153
boat 0.006589770317077637 68 103 109 172
boat 0.087566077709198 247 58 500 177
boat 0.0029466450214385986 204 117 257 138
boat 0.00536385178565979 114 115 267 193
boat 0.003751039505004883 18 -149 486 6
boat 0.0076660215854644775 3 103 42 149
boat 0.01186823844909668 41 103 107 172
boat 0.007755845785140991 61 123 113 172
boat 0.003222525119781494 71 135 184 172
boat 0.13523343205451965 251 104 462 179
boat 0.0012065470218658447 71 91 180 173
boat 0.11636313796043396 0 62 41 212
boat 0.02931046485900879 76 138 110 173
boat 0.004231303930282593 65 136 125 171
boat 0.0011336207389831543 148 129 164 145
boat 0.10819017887115479 167 0 499 175
boat 0.001455157995223999 252 111 345 181
boat 0.015483170747756958 167 117 205 146
boat 0.06656795740127563 2 17 41 149
boat 0.008284062147140503 176 121 205 145
boat 0.0012207329273223877 167 19 292 120
boat 0.0042809247970581055 191 117 258 152
boat 0.045864373445510864 351 0 499 162
boat 0.0062660276889801025 0 146 41 213
person 0.001432657241821289 72 171 100 205
boat 0.001524806022644043 464 1 499 135
boat 0.016916126012802124 74 138 131 174
person 0.0011694133281707764 68 171 101 227
boat 0.002003192901611328 109 116 289 238
boat 0.07949241995811462 43 130 79 149
boat 0.5506075620651245 0 170 41 213
boat 0.0016613304615020752 163 117 206 171
boat 0.00185316801071167 66 171 110 230
boat 0.0010817945003509521 67 165 181 231
boat 0.0017963051795959473 67 149 208 239
boat 0.006719321012496948 7 81 37 138
