person 0.002958148717880249 0 167 5 229
train 0.004905790090560913 369 118 394 161
dog 0.002359837293624878 0 232 21 281
person 0.001028209924697876 0 198 8 300
person 0.001178741455078125 0 189 22 282
train 0.09842309355735779 0 32 150 256
train 0.9683831930160522 198 50 375 267
train 0.01467105746269226 173 142 200 172
bottle 0.002935171127319336 0 228 6 287
dog 0.0024824440479278564 0 229 12 286
person 0.0035935938358306885 133 164 144 190
dog 0.001524806022644043 0 220 6 285
person 0.00386965274810791 0 235 5 290
person 0.0075772106647491455 417 140 425 166
person 0.0019876956939697266 421 140 429 166
person 0.0011248290538787842 333 141 348 174
person 0.0347515344619751 0 162 27 281
person 0.0010733604431152344 333 146 345 173
person 0.0021321773529052734 308 138 322 173
person 0.01090201735496521 413 140 422 166
person 0.014282047748565674 416 140 424 166
person 0.007431507110595703 0 159 5 269
