person 0.08269482851028442 288 71 332 481
diningtable 0.0013302266597747803 0 140 207 471
chair 0.014558762311935425 0 153 176 443
diningtable 0.007877200841903687 0 211 202 445
pottedplant 0.0016355812549591064 5 96 24 113
aeroplane 0.0014608204364776611 173 0 331 34
bottle 0.0018676519393920898 159 108 172 161
person 0.0022963285446166992 179 74 229 232
person 0.0010485053062438965 188 103 216 171
aeroplane 0.004811316728591919 241 0 331 9
tvmonitor 0.002746790647506714 256 0 331 8
person 0.011158108711242676 293 91 332 357
diningtable 0.012674123048782349 1 126 78 165
person 0.0010083019733428955 170 159 278 260
person 0.0011971890926361084 169 115 277 253
diningtable 0.002901047468185425 3 141 80 165
bottle 0.0010444223880767822 66 137 77 165
person 0.002757549285888672 263 99 298 221
person 0.023242324590682983 295 71 332 246
person 0.22405511140823364 265 101 285 120
person 0.004118025302886963 219 69 233 82
person 0.0012943148612976074 178 69 278 234
person 0.001449495553970337 10 90 217 477
person 0.8534255027770996 172 68 299 478
diningtable 0.00142708420753479 0 156 151 439
chair 0.005865275859832764 0 117 17 159
person 0.0010945498943328857 294 43 331 110
person 0.0011694133281707764 309 43 331 109
person 0.5813032388687134 265 102 292 155
person 0.002560734748840332 184 82 216 163
person 0.001489490270614624 321 73 332 105
person 0.0026008784770965576 170 214 222 260
person 0.0012112557888031006 169 169 245 403
person 0.04272308945655823 265 101 289 131
car 0.005752265453338623 257 0 330 9
person 0.001560807228088379 241 491 280 499
person 0.005554467439651489 169 153 253 351
person 0.0017684698104858398 169 176 286 348
person 0.008380681276321411 243 100 293 155
person 0.005663484334945679 307 74 332 149
bottle 0.0010004639625549316 168 114 178 133
