bicycle 0.015483170747756958 349 178 498 318
pottedplant 0.0067453086376190186 100 182 172 297
pottedplant 0.00257071852684021 0 44 45 175
chair 0.002935171127319336 95 130 125 148
pottedplant 0.002725452184677124 132 120 156 145
pottedplant 0.0013778507709503174 395 112 435 140
car 0.005729943513870239 95 131 125 149
pottedplant 0.009267330169677734 0 1 87 123
pottedplant 0.003063589334487915 51 40 88 91
pottedplant 0.008644551038742065 0 44 83 191
pottedplant 0.00142708420753479 43 85 81 105
pottedplant 0.0016483962535858154 57 94 81 105
chair 0.004247784614562988 484 209 500 309
pottedplant 0.001489490270614624 478 228 499 302
pottedplant 0.009485304355621338 0 1 85 269
pottedplant 0.0064885616302490234 0 163 6 249
pottedplant 0.0012792348861694336 0 147 19 318
bicycle 0.0017275214195251465 474 228 499 318
bird 0.422504723072052 99 182 150 294
pottedplant 0.0013459324836730957 26 84 82 110
pottedplant 0.013795614242553711 94 130 125 149
pottedplant 0.47073662281036377 395 175 495 315
pottedplant 0.015663117170333862 346 198 375 272
pottedplant 0.0015791356563568115 444 174 499 307
pottedplant 0.0017823278903961182 0 133 10 319
pottedplant 0.004830062389373779 132 132 157 146
pottedplant 0.0019954144954681396 352 204 466 318
motorbike 0.001264333724975586 449 208 499 316
person 0.0019419193267822266 476 206 499 313
motorbike 0.0019876956939697266 474 205 499 316
pottedplant 0.0016228556632995605 418 212 499 318
bicycle 0.0014050006866455078 446 216 499 318
pottedplant 0.07290294766426086 128 61 152 90
pottedplant 0.0014608204364776611 0 124 8 284
pottedplant 0.0011603832244873047 0 239 25 321
pottedplant 0.003324180841445923 392 98 436 140
pottedplant 0.05089092254638672 418 112 440 137
pottedplant 0.0013044774532318115 30 50 84 104
