car 0.464901328086853 381 123 499 196
car 0.9230389595031738 73 38 403 307
car 0.0010526180267333984 392 137 455 192
car 0.001554727554321289 419 129 470 205
car 0.004166156053543091 236 121 456 199
chair 0.004573792219161987 126 36 339 155
car 0.031259775161743164 316 125 458 197
tvmonitor 0.007065832614898682 0 110 21 249
chair 0.002912372350692749 203 0 366 109
car 0.0026212334632873535 391 138 439 198
car 0.0017963051795959473 389 135 458 171
car 0.0022257566452026367 399 129 480 199
car 0.001477956771850586 444 132 461 208
car 0.001455157995223999 388 135 443 166
car 0.001714080572128296 412 130 476 161
pottedplant 0.001714080572128296 57 0 136 106
tvmonitor 0.0018388032913208008 0 110 22 331
car 0.4551987051963806 445 125 499 228
