bus 0.9049888253211975 146 52 436 286
car 0.8140530586242676 0 180 93 276
person 0.008380681276321411 438 162 450 190
person 0.3040419816970825 441 159 454 201
person 0.002901047468185425 228 108 257 167
person 0.0012159943580627441 229 111 269 166
person 0.0010362863540649414 267 111 300 170
person 0.041306138038635254 266 117 286 164
person 0.0069571733474731445 298 113 320 178
person 0.00874510407447815 0 161 15 214
person 0.001972287893295288 0 161 18 192
person 0.0011879205703735352 288 113 321 178
person 0.004054129123687744 436 164 446 194
person 0.3140498101711273 454 168 470 198
person 0.002560734748840332 472 164 486 188
person 0.07531079649925232 493 161 499 188
chair 0.0011248290538787842 0 73 21 131
person 0.013021320104598999 422 180 435 234
person 0.2877672612667084 442 168 455 201
car 0.0010567307472229004 0 133 6 183
pottedplant 0.0010817945003509521 114 149 134 174
car 0.0010322332382202148 494 142 499 173
person 0.0016102492809295654 431 164 439 185
person 0.0012399256229400635 456 161 480 190
person 0.09911799430847168 481 157 499 188
person 0.026658833026885986 0 162 13 182
person 0.0249863862991333 445 169 459 200
car 0.0021321773529052734 422 178 435 234
car 0.0010988116264343262 0 176 12 214
person 0.06488728523254395 440 159 452 182
person 0.0025115013122558594 454 158 477 182
car 0.0023052990436553955 473 156 499 186
car 0.024514615535736084 480 152 499 187
car 0.011030197143554688 0 160 11 182
pottedplant 0.0018459856510162354 0 144 22 184
