person 0.9114924669265747 179 150 288 252
person 0.001489490270614624 0 55 26 276
person 0.0015189051628112793 0 66 51 284
person 0.930708646774292 47 87 167 286
boat 0.043530017137527466 131 162 361 277
person 0.028222382068634033 91 0 126 50
bird 0.0010004639625549316 0 131 10 222
person 0.0013995170593261719 79 0 112 51
person 0.7690780162811279 0 40 23 180
person 0.025273829698562622 0 39 42 176
car 0.00391504168510437 65 86 160 137
bicycle 0.0020346641540527344 10 127 49 148
bottle 0.0022257566452026367 179 138 226 156
boat 0.006097882986068726 51 73 163 118
boat 0.003565669059753418 37 67 250 118
boat 0.0067453086376190186 62 58 295 121
bicycle 0.004133999347686768 0 77 48 154
motorbike 0.0012447535991668701 0 100 48 147
bicycle 0.005426615476608276 0 98 48 173
person 0.0032602250576019287 492 43 499 105
person 0.0015977323055267334 0 41 13 90
pottedplant 0.0011971890926361084 140 47 190 73
person 0.0026110410690307617 492 49 499 87
car 0.003324180841445923 491 45 499 122
car 0.1179770827293396 -3 67 162 120
car 0.0031724870204925537 324 2 358 17
car 0.0014438629150390625 333 1 360 18
bottle 0.0013995170593261719 164 210 202 240
bottle 0.003324180841445923 169 210 205 246
person 0.0023968517780303955 38 1 154 62
boat 0.014558762311935425 157 221 327 278
boat 0.005663484334945679 195 226 313 278
bottle 0.002018868923187256 132 139 149 164
boat 0.007816284894943237 191 141 227 156
horse 0.0012742578983306885 0 83 36 184
car 0.002935171127319336 -2 32 194 120
person 0.0025409162044525146 0 86 24 142
boat 0.056032031774520874 0 59 162 120
car 0.014955878257751465 -4 51 390 122
person 0.0018822550773620605 0 41 18 76
bottle 0.00443345308303833 232 253 260 277
boat 0.0021657347679138184 191 210 329 277
boat 0.001904308795928955 168 190 357 277
boat 0.004485577344894409 0 0 168 120
person 0.010611921548843384 139 50 378 155
sofa 0.061874181032180786 0 55 166 120
car 0.005865275859832764 139 49 381 160
motorbike 0.001225501298904419 472 37 499 264
car 0.0015010833740234375 140 48 380 219
person 0.06030997633934021 139 50 380 256
horse 0.002867281436920166 0 50 25 256
horse 0.0010945498943328857 0 51 50 258
bottle 0.002725452184677124 133 136 151 158
bottle 0.06030997633934021 191 139 227 156
person 0.15765300393104553 42 0 99 50
person 0.001111745834350586 93 0 139 55
car 0.004198610782623291 286 0 323 19
car 0.006538987159729004 289 0 337 16
car 0.001367121934890747 291 0 359 15
car 0.005219787359237671 326 0 360 14
bottle 0.0011380314826965332 11 129 49 146
person 0.0033763349056243896 0 39 12 75
person 0.004609555006027222 0 66 12 249
person 0.0018822550773620605 2 101 26 158
person 0.026760488748550415 0 59 14 180
person 0.0023782849311828613 0 91 32 156
bird 0.0010162293910980225 11 128 49 147
person 0.726425290107727 114 46 148 88
person 0.0011031031608581543 114 45 200 92
car 0.0014215409755706787 283 0 312 13
person 0.001367121934890747 492 21 500 101
car 0.0026520490646362305 284 0 323 12
car 0.0010650157928466797 291 0 333 11
person 0.001455157995223999 0 0 94 46
person 0.0024824440479278564 0 90 9 254
car 0.011158108711242676 299 0 366 18
car 0.009231507778167725 326 0 374 17
car 0.8322356343269348 338 3 425 41
car 0.0249863862991333 341 1 470 42
car 0.0033763349056243896 371 0 487 42
person 0.03889983892440796 42 0 125 50
person 0.012431591749191284 0 45 22 142
person 0.0035935938358306885 491 28 500 138
person 0.0013147294521331787 1 103 23 144
