boat 0.00394555926322937 0 220 155 365
aeroplane 0.037469178438186646 280 164 315 211
boat 0.0011879205703735352 270 217 301 253
boat 0.0012792348861694336 441 223 499 242
boat 0.001367121934890747 45 313 156 358
boat 0.013021320104598999 0 213 67 360
boat 0.004297584295272827 0 253 138 361
aeroplane 0.0010817945003509521 453 218 499 235
bird 0.0018822550773620605 269 160 313 254
boat 0.0025310516357421875 0 306 150 365
boat 0.0045206546783447266 30 333 156 365
boat 0.00790780782699585 41 331 127 350
