person 0.002779155969619751 267 159 344 283
boat 0.0013302266597747803 54 195 130 329
bicycle 0.0012018680572509766 53 201 130 328
person 0.0020666420459747314 260 154 370 290
person 0.8360199332237244 292 155 377 331
person 0.004468142986297607 53 165 104 234
person 0.005040973424911499 52 173 112 223
pottedplant 0.018904060125350952 466 66 500 287
person 0.0026520490646362305 59 157 105 207
person 0.0032602250576019287 54 183 102 241
person 0.001495271921157837 50 180 116 243
person 0.0016292035579681396 307 148 332 174
pottedplant 0.041306138038635254 466 51 499 223
person 0.0021488964557647705 80 158 104 188
bottle 0.0012742578983306885 207 179 226 206
person 0.3575683832168579 73 158 105 200
dog 0.08663347363471985 74 158 105 200
pottedplant 0.005511492490768433 467 76 499 189
pottedplant 0.001388639211654663 478 69 499 192
cat 0.015364378690719604 284 269 319 328
pottedplant 0.042883336544036865 466 28 499 357
dog 0.8947906494140625 98 260 136 328
dog 0.8615355491638184 284 271 321 329
person 0.2853715419769287 283 158 323 282
dog 0.0030516982078552246 56 260 136 328
bicycle 0.0018245279788970947 55 209 110 328
bicycle 0.0018103718757629395 58 219 80 326
person 0.0012159943580627441 210 150 244 225
person 0.004905790090560913 264 149 288 240
person 0.0010733604431152344 280 163 316 239
person 0.8774785399436951 56 177 120 324
person 0.3398268222808838 265 151 320 282
boat 0.0013147294521331787 320 -49 474 -1
person 0.0013459324836730957 313 148 365 188
person 0.0012350976467132568 213 149 250 237
motorbike 0.0022607743740081787 73 158 105 201
pottedplant 0.0022084414958953857 125 187 151 200
person 0.7074048519134521 264 147 296 281
person 0.030558109283447266 289 159 354 284
person 0.8577655553817749 211 150 259 274
person 0.010652929544448853 71 163 105 212
person 0.002424955368041992 69 174 120 212
bird 0.0030874907970428467 432 57 449 77
person 0.001466512680053711 302 145 326 173
person 0.00874510407447815 310 144 335 172
person 0.0017547309398651123 0 158 6 293
person 0.020410388708114624 56 159 106 278
person 0.009019583463668823 68 159 106 237
