bicycle 0.0030280649662017822 224 232 400 337
bicycle 0.013021320104598999 224 274 368 337
bicycle 0.02346426248550415 224 270 405 342
bicycle 0.906981348991394 285 217 409 334
horse 0.0029928982257843018 258 131 276 173
pottedplant 0.0015487074851989746 490 152 500 246
cow 0.012821823358535767 12 149 30 185
cow 0.4455294609069824 58 152 81 191
pottedplant 0.012871414422988892 473 227 499 346
pottedplant 0.0022431910037994385 477 261 499 346
cat 0.0023324191570281982 270 313 302 332
bottle 0.001560807228088379 270 313 302 332
sheep 0.0013778507709503174 270 313 302 333
pottedplant 0.0011558830738067627 321 223 393 287
pottedplant 0.0012742578983306885 476 222 499 281
pottedplant 0.0014104843139648438 436 227 499 356
pottedplant 0.0015010833740234375 311 127 367 151
pottedplant 0.0013147294521331787 328 128 367 147
pottedplant 0.0011694133281707764 338 127 366 146
bicycle 0.0249863862991333 224 279 318 334
dog 0.0013250410556793213 257 312 301 332
pottedplant 0.003960907459259033 334 305 391 337
horse 0.01094403862953186 13 154 29 185
horse 0.15507644414901733 57 152 80 191
person 0.005911082029342651 12 138 29 185
person 0.006169408559799194 57 151 79 182
pottedplant 0.004450768232345581 311 130 348 165
pottedplant 0.0051396191120147705 310 130 365 163
pottedplant 0.001554727554321289 332 132 369 159
pottedplant 0.002693742513656616 295 156 383 290
pottedplant 0.0015853047370910645 477 237 499 276
cow 0.0021321773529052734 257 131 277 173
pottedplant 0.0020425915718078613 321 131 367 156
pottedplant 0.0010567307472229004 340 131 366 156
pottedplant 0.0010043680667877197 273 147 322 228
