motorbike 0.8479689955711365 109 237 286 388
person 0.003678649663925171 240 41 294 82
person 0.013172894716262817 253 41 294 78
tvmonitor 0.0011160969734191895 76 0 334 74
person 0.0052814483642578125 302 16 316 43
person 0.0031976401805877686 184 252 223 289
person 0.0013044774532318115 192 252 229 285
motorbike 0.0014104843139648438 106 241 180 320
person 0.0024824440479278564 148 187 205 269
person 0.001831650733947754 181 251 224 310
person 0.002725452184677124 143 188 216 278
motorbike 0.001524806022644043 208 251 250 311
person 0.001455157995223999 209 252 223 270
person 0.6279522776603699 104 185 261 340
person 0.003063589334487915 205 251 248 296
bird 0.001367121934890747 187 144 209 170
bottle 0.0018103718757629395 187 145 208 170
person 0.006413578987121582 302 132 326 169
motorbike 0.011244326829910278 157 256 285 372
bicycle 0.0013778507709503174 155 317 228 388
bicycle 0.0027148425579071045 211 257 262 327
person 0.020099759101867676 303 9 326 43
bicycle 0.002323359251022339 203 252 284 347
person 0.0024344027042388916 163 250 267 358
motorbike 0.009860128164291382 175 251 269 350
motorbike 0.0010567307472229004 127 241 195 323
person 0.0022607743740081787 289 131 326 191
person 0.015483170747756958 185 244 260 327
motorbike 0.0038546323776245117 190 251 263 327
person 0.0021827220916748047 297 18 314 51
person 0.10447552800178528 142 211 261 333
person 0.0016483962535858154 292 19 314 54
person 0.010052919387817383 150 189 196 241
person 0.005343139171600342 55 263 88 318
