sheep 0.07723838090896606 61 131 501 323
sheep 0.10894683003425598 194 133 499 322
cow 0.3424607515335083 0 137 321 326
sheep 0.4416731297969818 1 139 318 326
sheep 0.5583268404006958 300 134 499 321
sheep 0.008711427450180054 208 77 488 192
cow 0.003324180841445923 327 30 500 231
sheep 0.013742715120315552 332 40 500 301
cow 0.13206565380096436 0 83 122 318
cow 0.06301644444465637 0 71 182 319
sheep 0.0017007291316986084 36 126 334 271
sheep 0.4244120717048645 209 79 397 192
sheep 0.0011648833751678467 0 122 20 246
sheep 0.0025310516357421875 407 70 500 155
sheep 0.0022696256637573242 479 64 499 191
sheep 0.1307273805141449 0 72 181 191
sheep 0.03732478618621826 356 69 499 170
sheep 0.0012943148612976074 18 218 187 255
cow 0.15507644414901733 26 14 262 143
sheep 0.09534668922424316 27 216 103 257
person 0.0011380314826965332 0 21 122 298
cow 0.08509886264801025 0 72 182 204
sheep 0.01196029782295227 28 80 397 192
sheep 0.0010733604431152344 195 125 275 170
sheep 0.0010988116264343262 218 126 277 169
sheep 0.012053072452545166 130 141 325 259
cow 0.007460415363311768 1 31 305 283
cow 0.03222090005874634 10 13 473 187
cow 0.0034293532371520996 239 25 497 178
sheep 0.4016876220703125 332 25 499 170
sheep 0.00564149022102356 341 25 470 93
sheep 0.004556000232696533 18 129 122 256
sheep 0.004924893379211426 479 113 499 218
sheep 0.002018868923187256 0 97 123 257
sheep 0.001111745834350586 128 126 295 194
sheep 0.012335866689682007 152 126 284 182
