train 0.0017823278903961182 0 44 73 498
person 0.9276229739189148 183 87 333 501
person 0.0011424720287322998 0 85 76 501
person 0.007232218980789185 97 95 297 503
bicycle 0.0010241866111755371 2 453 172 499
bicycle 0.0011879205703735352 5 447 251 499
bicycle 0.022845447063446045 0 248 78 498
person 0.9483484625816345 64 99 210 499
chair 0.001028209924697876 328 208 348 242
person 0.0025115013122558594 0 152 38 252
person 0.11201918125152588 19 152 40 224
boat 0.014614790678024292 4 0 376 394
pottedplant 0.005301922559738159 303 144 355 233
person 0.0012159943580627441 6 199 46 322
person 0.05320581793785095 11 235 30 254
bicycle 0.001524806022644043 0 460 41 499
person 0.6943025588989258 41 226 64 249
person 0.004609555006027222 38 228 68 297
person 0.012053072452545166 0 152 19 246
train 0.006097882986068726 -178 4 3 500
person 0.005685538053512573 50 92 343 504
person 0.0011694133281707764 0 81 14 168
person 0.0010817945003509521 0 81 21 171
pottedplant 0.0013995170593261719 325 217 351 246
person 0.0010322332382202148 341 216 355 246
person 0.002779155969619751 360 209 374 253
bicycle 0.0034561753273010254 347 211 369 249
pottedplant 0.009448617696762085 328 191 354 240
pottedplant 0.007065832614898682 343 197 370 247
person 0.00564149022102356 40 226 66 266
person 0.015845149755477905 41 226 67 283
pottedplant 0.0014104843139648438 332 191 370 225
bicycle 0.0017547309398651123 0 273 69 433
car 0.005468875169754028 324 220 346 246
pottedplant 0.001388639211654663 2 99 73 228
pottedplant 0.004886746406555176 363 208 374 254
bicycle 0.0011971890926361084 0 451 51 499
pottedplant 0.014558762311935425 328 197 346 227
person 0.00369301438331604 0 152 18 204
pottedplant 0.267408549785614 327 191 351 223
