person 0.00284498929977417 444 85 499 371
diningtable 0.8344064950942993 0 305 329 374
diningtable 0.007011294364929199 0 295 335 438
sofa 0.4158473610877991 186 190 285 244
diningtable 0.003524214029312134 -1 315 446 437
person 0.005865275859832764 469 49 499 371
dog 0.0018174350261688232 114 177 167 235
chair 0.0023052990436553955 191 190 255 234
chair 0.0010902583599090576 222 192 284 220
chair 0.0012159943580627441 250 193 284 222
bottle 0.0011694133281707764 207 342 230 374
chair 0.061874181032180786 185 194 232 233
chair 0.0022344589233398438 200 189 256 263
chair 0.003524214029312134 215 191 255 254
chair 0.006538987159729004 86 219 124 270
chair 0.0016548335552215576 203 197 238 263
chair 0.7217429280281067 252 271 338 356
dog 0.001591503620147705 115 175 165 214
person 0.0021827220916748047 130 173 171 219
chair 0.0015977323055267334 193 192 256 222
chair 0.005685538053512573 0 265 21 311
pottedplant 0.001904308795928955 49 274 79 315
chair 0.001069188117980957 0 209 7 312
chair 0.004182338714599609 0 224 27 311
chair 0.5755879282951355 82 266 169 322
chair 0.0011424720287322998 49 265 80 316
chair 0.006640911102294922 422 298 499 373
chair 0.0010362863540649414 481 269 499 373
chair 0.0010362863540649414 0 195 17 310
chair 0.025273829698562622 0 264 80 315
chair 0.006193429231643677 160 204 221 279
chair 0.05541503429412842 191 194 238 265
chair 0.002757549285888672 224 194 240 262
sofa 0.06097537279129028 229 192 284 244
chair 0.001714080572128296 0 248 8 310
person 0.00208282470703125 129 173 164 210
chair 0.003930270671844482 418 319 465 373
chair 0.001432657241821289 138 203 195 272
chair 0.6876306533813477 150 196 237 285
pottedplant 0.003824770450592041 0 190 24 293
chair 0.33112019300460815 113 179 172 239
sofa 0.47657960653305054 186 191 257 246
chair 0.0021827220916748047 148 241 189 292
chair 0.001714080572128296 464 317 499 373
chair 0.0010902583599090576 154 237 203 291
chair 0.004905790090560913 482 318 499 374
chair 0.0014215409755706787 0 255 17 315
chair 0.00812530517578125 384 319 465 373
chair 0.0010004639625549316 158 194 177 233
chair 0.0011336207389831543 160 200 213 244
chair 0.001714080572128296 213 193 243 264
