diningtable 0.04402092099189758 4 117 495 332
diningtable 0.0028339028358459473 363 143 499 331
diningtable 0.0726395845413208 0 204 498 332
diningtable 0.00284498929977417 290 181 499 331
person 0.0013250410556793213 348 71 499 318
person 0.00391504168510437 417 112 499 325
person 0.0021488964557647705 83 24 499 327
person 0.0015977323055267334 232 45 499 330
sofa 0.0023875534534454346 390 126 499 325
person 0.047604769468307495 0 90 301 314
sofa 0.0321599543094635 0 120 301 330
person 0.8914320468902588 0 15 390 309
person 0.0016165375709533691 401 37 499 320
person 0.0028009116649627686 434 49 499 320
chair 0.0012447535991668701 7 132 147 188
dog 0.001674354076385498 362 199 499 284
person 0.00321003794670105 472 123 499 297
person 0.0018388032913208008 50 201 290 312
bird 0.003884732723236084 247 243 275 275
bird 0.0016102492809295654 245 242 290 304
sofa 0.0010902583599090576 0 22 445 310
dog 0.0013406574726104736 401 186 499 333
person 0.003063589334487915 452 165 499 331
chair 0.0019419193267822266 396 136 499 290
person 0.0034293532371520996 432 127 499 293
person 0.0038546323776245117 451 119 499 296
person 0.0011336207389831543 453 90 499 268
chair 0.0032602250576019287 447 133 499 260
person 0.0010004639625549316 471 27 499 282
