boat 0.001111745834350586 0 137 149 373
person 0.0046637654304504395 337 106 399 306
train 0.003496825695037842 443 6 499 318
person 0.9233152270317078 191 70 281 354
person 0.9181903600692749 369 102 471 332
person 0.0012842416763305664 457 76 502 315
car 0.0038396716117858887 0 316 150 373
sofa 0.0026727914810180664 0 316 150 373
car 0.0967058539390564 349 332 499 374
person 0.00790780782699585 0 101 126 346
person 0.9286648631095886 42 118 123 324
person 0.007038503885269165 459 1 499 189
person 0.006097882986068726 0 -11 11 203
person 0.001489490270614624 15 62 117 169
bottle 0.001455157995223999 367 186 389 203
person 0.0034027397632598877 0 36 31 209
person 0.05165153741836548 0 64 56 186
horse 0.022888898849487305 448 1 499 184
person 0.003809899091720581 0 6 16 196
tvmonitor 0.0013044774532318115 0 102 5 217
person 0.002359837293624878 0 23 23 201
person 0.0014104843139648438 474 85 499 185
bicycle 0.006388753652572632 200 206 286 328
bicycle 0.018904060125350952 256 219 298 291
person 0.0020991265773773193 3 61 98 188
person 0.004166156053543091 0 79 22 303
person 0.024514615535736084 0 98 56 294
bicycle 0.006193429231643677 205 221 303 293
bicycle 0.0010733604431152344 456 198 499 329
tvmonitor 0.018264353275299072 1 239 78 322
boat 0.0019117295742034912 2 0 477 327
aeroplane 0.001120448112487793 1 0 481 327
bus 0.0025310516357421875 20 -8 492 316
horse 0.03296089172363281 412 1 500 291
chair 0.0014159977436065674 0 63 56 357
person 0.002018868923187256 174 123 211 212
person 0.0010083019733428955 184 124 214 222
person 0.006692379713058472 398 1 500 330
pottedplant 0.0012994110584259033 489 150 499 181
tvmonitor 0.01182246208190918 103 110 144 148
pottedplant 0.001524806022644043 490 150 499 192
bicycle 0.011115282773971558 270 150 350 290
bottle 0.0014837086200714111 154 267 164 290
person 0.0010322332382202148 488 146 500 182
tvmonitor 0.0012159943580627441 0 99 21 204
bicycle 0.012871414422988892 199 190 286 298
bicycle 0.019642621278762817 256 189 291 290
person 0.0019876956939697266 488 84 500 186
chair 0.14128419756889343 344 331 501 374
tvmonitor 0.004700213670730591 346 331 500 374
chair 0.006388753652572632 0 320 150 373
person 0.007402688264846802 413 0 499 196
person 0.005911082029342651 442 1 499 201
tvmonitor 0.011731505393981934 -1 319 149 374
person 0.0017007291316986084 0 112 5 251
person 0.00790780782699585 3 101 56 183
person 0.0013995170593261719 292 113 356 306
person 0.0034293532371520996 305 124 366 301
person 0.0010817945003509521 335 154 375 292
person 0.0012842416763305664 0 26 10 176
bottle 0.008380681276321411 169 248 179 288
bottle 0.0017823278903961182 188 251 204 291
bottle 0.00118333101272583 193 250 205 288
person 0.0011248290538787842 491 22 500 176
person 0.0019876956939697266 10 67 56 163
bicycle 0.0018969178199768066 292 123 362 292
person 0.0026520490646362305 0 91 15 326
