person 0.0014382600784301758 460 228 499 325
person 0.003496825695037842 469 227 489 358
person 0.0011648833751678467 28 233 46 275
person 0.8670357465744019 431 222 470 349
person 0.002453356981277466 331 234 358 253
person 0.0011971890926361084 484 -8 499 140
person 0.008778899908065796 425 235 437 250
person 0.007373988628387451 465 231 477 261
pottedplant 0.002757549285888672 12 208 31 220
person 0.0011160969734191895 155 240 183 259
person 0.8499711751937866 468 227 500 353
person 0.004198610782623291 190 239 200 258
person 0.004848897457122803 263 235 293 268
person 0.004811316728591919 349 232 364 252
person 0.0017684698104858398 368 233 383 250
person 0.008284062147140503 491 264 499 356
person 0.030906885862350464 385 234 398 250
bicycle 0.017310142517089844 328 248 347 279
person 0.0011603832244873047 484 234 499 341
person 0.004450768232345581 224 243 236 257
person 0.0025212466716766357 483 0 499 88
person 0.5312093496322632 328 225 355 280
person 0.0026008784770965576 330 237 357 262
person 0.01467105746269226 132 242 170 258
person 0.006413578987121582 149 242 170 258
person 0.0018676519393920898 167 240 184 259
person 0.5736782550811768 243 231 260 270
person 0.7431692481040955 263 235 281 271
person 0.8233271837234497 0 229 16 287
person 0.028544962406158447 330 226 349 254
person 0.00517958402633667 330 227 356 253
person 0.0011074244976043701 462 233 475 266
person 0.007065832614898682 464 230 478 285
person 0.001714080572128296 468 228 499 285
person 0.001455157995223999 473 240 499 318
person 0.001477956771850586 488 241 499 282
person 0.787930965423584 56 233 75 284
bird 0.0030398666858673096 0 16 6 74
person 0.004944056272506714 425 231 438 277
person 0.7866226434707642 27 233 49 288
person 0.003222525119781494 329 246 348 280
person 0.0023324191570281982 474 0 499 80
person 0.004007279872894287 463 229 480 311
person 0.0013302266597747803 472 239 499 290
bird 0.004150032997131348 0 17 6 43
train 0.001560807228088379 468 186 499 247
person 0.003899872303009033 0 207 4 255
