chair 0.009784013032913208 167 218 380 374
chair 0.0031358301639556885 261 186 455 373
chair 0.0020346641540527344 475 152 499 371
chair 0.004133999347686768 166 253 283 373
chair 0.26970988512039185 167 186 456 373
chair 0.9362882375717163 0 100 144 301
person 0.013532936573028564 159 95 457 373
person 0.0761350691318512 166 187 457 373
cat 0.0010362863540649414 199 61 298 145
cat 0.019718080759048462 192 46 359 155
tvmonitor 0.04336750507354736 198 45 354 156
chair 0.07396480441093445 477 263 499 373
tvmonitor 0.938576877117157 169 45 355 185
chair 0.0019876956939697266 490 239 499 330
chair 0.003736436367034912 0 112 12 276
bottle 0.007460415363311768 115 255 132 293
bottle 0.0023690462112426758 93 319 152 353
chair 0.0010988116264343262 492 244 499 293
bottle 0.18300914764404297 478 279 499 373
person 0.001069188117980957 209 0 319 48
tvmonitor 0.0010988116264343262 209 0 319 48
bottle 0.542863130569458 477 326 499 373
chair 0.0029812753200531006 481 260 499 346
chair 0.002757549285888672 484 239 499 343
