motorbike 0.004609555006027222 0 97 56 304
motorbike 0.8864172101020813 35 32 448 303
motorbike 0.001289278268814087 416 43 497 334
person 0.015723586082458496 0 21 10 59
person 0.007816284894943237 0 19 13 56
person 0.0011513829231262207 458 27 475 55
person 0.004848897457122803 487 16 499 71
person 0.006339401006698608 410 112 457 198
motorbike 0.007547855377197266 488 98 499 170
car 0.006903529167175293 488 101 499 170
person 0.008950114250183105 399 40 448 179
person 0.018474966287612915 400 26 457 198
person 0.03993484377861023 452 27 499 217
motorbike 0.0017823278903961182 377 40 398 98
motorbike 0.0015977323055267334 250 87 436 190
motorbike 0.0010083019733428955 300 88 435 181
person 0.0010902583599090576 391 44 414 66
person 0.007938534021377563 402 70 435 179
person 0.4843800663948059 410 16 442 68
person 0.0024628937244415283 0 86 13 144
person 0.0028228759765625 0 55 16 162
person 0.0029237568378448486 402 51 418 92
person 0.00812530517578125 485 16 499 92
chair 0.0032602250576019287 0 112 50 196
person 0.29665428400039673 482 34 500 173
person 0.008062601089477539 0 112 21 254
person 0.0017207860946655273 0 112 51 238
motorbike 0.0012065470218658447 379 56 399 97
person 0.002867281436920166 300 32 370 126
motorbike 0.1250624656677246 381 48 417 96
person 0.0024438798427581787 0 112 15 152
person 0.23161658644676208 469 34 499 195
person 0.0011031031608581543 303 10 349 87
person 0.06347915530204773 10 22 62 193
person 0.03889983892440796 28 28 63 192
person 0.003537982702255249 52 46 93 174
person 0.040386855602264404 376 39 397 74
person 0.0035518109798431396 387 45 412 70
person 0.058133482933044434 0 113 21 194
person 0.026155948638916016 489 8 500 110
person 0.028437048196792603 0 7 10 127
person 0.8110787272453308 0 16 53 193
person 0.0011603832244873047 492 0 499 45
motorbike 0.00394555926322937 0 30 49 250
person 0.005554467439651489 489 16 499 61
person 0.7669899463653564 420 26 486 220
motorbike 0.031318992376327515 0 89 38 304
person 0.0031115710735321045 0 113 13 183
person 0.001524806022644043 489 101 499 214
person 0.6671474575996399 338 27 376 99
person 0.0022696256637573242 420 26 479 132
person 0.0018245279788970947 434 27 492 183
person 0.0010902583599090576 0 0 22 23
person 0.008284062147140503 0 13 18 128
bottle 0.004591643810272217 494 196 499 263
person 0.025957345962524414 0 5 12 60
person 0.8344064950942993 294 10 355 128
person 0.028222382068634033 486 21 500 162
person 0.0783575177192688 404 122 428 178
person 0.008156836032867432 427 28 468 98
chair 0.006217539310455322 0 108 24 195
person 0.016786664724349976 467 37 498 102
person 0.001957029104232788 474 84 498 174
motorbike 0.001367121934890747 316 79 343 125
chair 0.0012544989585876465 23 117 68 185
person 0.309023380279541 385 46 418 94
person 0.0012742578983306885 443 33 497 120
person 0.0018388032913208008 416 25 474 100
person 0.0018388032913208008 484 45 499 279
car 0.004591643810272217 0 107 52 287
motorbike 0.02161678671836853 481 26 499 167
person 0.005159556865692139 494 142 500 282
person 0.004038453102111816 424 54 457 123
person 0.005980461835861206 0 15 24 140
person 0.30239152908325195 375 38 398 94
person 0.04304414987564087 388 46 416 78
person 0.5869963765144348 410 16 443 93
