pottedplant 0.003809899091720581 486 110 499 223
pottedplant 0.04849517345428467 417 78 499 187
pottedplant 0.018688201904296875 444 76 499 213
pottedplant 0.02186596393585205 482 81 499 218
pottedplant 0.0016874969005584717 454 83 500 157
pottedplant 0.03271239995956421 474 68 499 221
pottedplant 0.0011879205703735352 418 98 460 169
sheep 0.0022785067558288574 474 77 500 111
pottedplant 0.14903616905212402 355 95 430 205
pottedplant 0.01196029782295227 474 78 499 112
cat 0.9548138380050659 175 102 333 271
pottedplant 0.0018245279788970947 461 97 499 192
pottedplant 0.0015977323055267334 356 0 500 202
person 0.002693742513656616 470 20 499 211
pottedplant 0.006388753652572632 460 46 499 211
pottedplant 0.020449548959732056 355 83 499 205
dog 0.022629231214523315 418 119 457 167
person 0.005447685718536377 486 83 499 220
pottedplant 0.008915573358535767 474 68 499 126
pottedplant 0.012240886688232422 474 66 499 148
sheep 0.00462755560874939 418 126 455 167
pottedplant 0.004450768232345581 487 74 499 218
person 0.0017615854740142822 478 32 499 117
person 0.001560807228088379 490 29 500 114
dog 0.00257071852684021 487 149 499 217
person 0.0020666420459747314 490 150 499 218
sheep 0.002590775489807129 475 56 499 114
sheep 0.0016039609909057617 487 56 500 113
pottedplant 0.005343139171600342 357 96 426 163
cat 0.001020193099975586 487 137 500 218
