sofa 0.9086146354675293 0 215 156 370
sofa 0.0016678273677825928 315 251 436 334
sofa 0.024561375379562378 315 249 488 337
tvmonitor 0.004830062389373779 195 145 335 206
cat 0.0019419193267822266 0 205 15 301
pottedplant 0.0030162930488586426 342 291 383 340
chair 0.005021452903747559 316 251 392 307
pottedplant 0.027903079986572266 412 26 452 76
person 0.005384683609008789 0 184 46 372
chair 0.001560807228088379 315 251 435 331
dog 0.0015729963779449463 0 212 31 380
chair 0.0010733604431152344 314 251 402 338
sofa 0.015602916479110718 0 210 46 372
chair 0.01094403862953186 0 225 45 371
sofa 0.002415567636489868 317 251 392 307
bottle 0.0011160969734191895 215 276 227 312
pottedplant 0.0021488964557647705 410 26 455 108
pottedplant 0.5370416045188904 189 226 267 286
dog 0.0018676519393920898 0 198 18 315
dog 0.0024724602699279785 0 216 20 301
pottedplant 0.01186823844909668 187 233 241 296
