sofa 0.8848353028297424 75 167 242 252
sofa 0.0014608204364776611 11 199 486 403
sofa 0.920792818069458 137 188 366 309
pottedplant 0.0017963051795959473 402 107 446 133
sofa 0.00959622859954834 19 151 136 205
sofa 0.03384503722190857 45 162 149 222
chair 0.02169954776763916 402 117 433 152
sofa 0.018759876489639282 26 156 241 224
chair 0.001225501298904419 0 178 19 372
chair 0.0014722347259521484 0 189 27 373
train 0.001289278268814087 0 48 172 142
diningtable 0.0014438629150390625 0 226 27 374
pottedplant 0.06417948007583618 406 116 453 154
pottedplant 0.06681138277053833 423 115 457 155
tvmonitor 0.0016102492809295654 82 56 171 136
tvmonitor 0.005261063575744629 125 61 171 135
tvmonitor 0.0015130341053009033 202 167 244 217
chair 0.0328364372253418 401 116 419 151
chair 0.004591643810272217 431 118 457 155
chair 0.004811316728591919 455 118 484 157
chair 0.0010083019733428955 430 129 454 155
pottedplant 0.0020991265773773193 402 99 442 135
chair 0.0012112557888031006 482 138 499 243
chair 0.002867281436920166 44 162 141 221
