bird 0.0023875534534454346 275 23 304 52
tvmonitor 0.0010902583599090576 0 29 24 76
person 0.0022519826889038086 0 200 7 215
bicycle 0.0016419589519500732 301 229 326 264
pottedplant 0.0023506581783294678 0 105 25 143
person 0.0015729963779449463 349 241 362 266
person 0.0031115710735321045 352 226 368 266
person 0.015723586082458496 357 226 370 266
person 0.8568100929260254 414 212 449 319
person 0.003635883331298828 0 200 8 242
person 0.013223767280578613 108 183 152 253
bicycle 0.474631130695343 482 280 499 351
person 0.6242939233779907 471 221 498 311
person 0.0019876956939697266 492 217 500 339
person 0.00284498929977417 480 228 499 348
person 0.7704628705978394 369 218 391 287
chair 0.0010083019733428955 99 227 122 255
person 0.8587157726287842 443 222 484 322
tvmonitor 0.0069841742515563965 27 147 52 185
car 0.0013147294521331787 299 227 322 252
person 0.05340319871902466 358 226 369 245
person 0.0014050006866455078 369 226 376 245
person 0.005343139171600342 390 223 414 254
chair 0.001455157995223999 0 229 44 260
person 0.058993369340896606 24 232 43 259
bicycle 0.001714080572128296 479 296 499 378
chair 0.0031724870204925537 300 229 325 264
pottedplant 0.0012447535991668701 300 229 325 263
person 0.018334269523620605 441 223 459 317
person 0.007288604974746704 386 222 396 274
person 0.6671474575996399 389 222 415 277
person 0.042883336544036865 493 228 499 292
car 0.001455157995223999 0 241 8 267
pottedplant 0.007345408201217651 92 183 153 254
person 0.7041603326797485 275 217 298 267
person 0.008062601089477539 34 190 47 222
person 0.0013147294521331787 368 222 376 244
person 0.002003192901611328 493 219 500 268
pottedplant 0.028329521417617798 99 225 123 255
pottedplant 0.010249316692352295 99 222 143 255
pottedplant 0.028329521417617798 149 217 184 245
person 0.0016355812549591064 285 221 303 261
bicycle 0.0020346641540527344 488 223 500 356
pottedplant 0.0015426874160766602 151 184 161 218
bicycle 0.001289278268814087 468 278 499 353
pottedplant 0.0052814483642578125 349 243 366 266
pottedplant 0.0015366971492767334 351 240 370 266
person 0.031857043504714966 493 232 499 276
pottedplant 0.006666600704193115 0 83 28 146
car 0.004297584295272827 313 196 426 235
bus 0.02655753493309021 314 196 425 233
bicycle 0.00185316801071167 92 182 153 254
pottedplant 0.0034561753273010254 111 188 183 252
person 0.009303301572799683 131 185 152 253
chair 0.0013778507709503174 90 193 124 255
pottedplant 0.003285646438598633 100 197 124 255
pottedplant 0.0017410516738891602 99 191 144 255
pottedplant 0.0548042356967926 159 217 184 242
pottedplant 0.087566077709198 167 217 184 241
