sheep 0.0016355812549591064 138 261 330 472
person 0.23231258988380432 202 164 330 411
person 0.9127457737922668 130 162 330 471
person 0.016467034816741943 103 162 166 233
person 0.056032031774520874 129 162 165 225
sofa 0.0013778507709503174 206 123 340 264
person 0.0022257566452026367 285 101 331 289
person 0.002779155969619751 177 113 274 239
person 0.0021321773529052734 205 124 330 272
bottle 0.001040339469909668 266 258 299 285
sofa 0.00406983494758606 201 122 358 213
chair 0.0031976401805877686 76 178 141 311
chair 0.00629037618637085 105 167 143 310
person 0.0030516982078552246 124 162 217 304
sofa 0.0010988116264343262 29 118 319 264
sofa 0.014009058475494385 154 119 330 247
sofa 0.09268999099731445 179 123 331 216
sofa 0.06754660606384277 150 123 333 333
person 0.011914163827896118 108 162 166 297
person 0.0099753737449646 128 162 179 275
person 0.031616777181625366 252 124 329 277
sofa 0.02025449275970459 134 155 331 386
person 0.8914320468902588 253 122 331 348
person 0.936983585357666 0 17 141 490
chair 0.002359837293624878 185 109 331 210
bicycle 0.01530534029006958 206 95 332 216
person 0.0010162293910980225 0 327 77 499
person 0.0010733604431152344 179 109 260 168
bicycle 0.012288272380828857 225 89 331 193
person 0.0016678273677825928 254 135 305 233
bicycle 0.20561525225639343 286 94 332 186
person 0.6460129022598267 180 109 251 209
person 0.0025409162044525146 224 122 331 207
bicycle 0.010328888893127441 248 96 331 204
person 0.26284074783325195 204 165 303 334
chair 0.004166156053543091 284 99 332 170
chair 0.006217539310455322 104 172 142 266
chair 0.001554727554321289 106 169 157 270
person 0.002359837293624878 147 163 276 340
person 0.0011971890926361084 134 162 253 361
bicycle 0.06030997633934021 286 42 332 180
