bottle 0.697608470916748 279 217 367 496
diningtable 0.0012018680572509766 183 349 371 499
diningtable 0.002406179904937744 0 427 378 500
diningtable 0.0023875534534454346 183 432 372 499
diningtable 0.6654106378555298 -4 324 379 499
car 0.020099759101867676 0 138 115 193
car 0.0018749535083770752 250 138 287 159
car 0.0020991265773773193 251 137 303 162
car 0.002115577459335327 131 122 296 177
car 0.00959622859954834 252 140 324 165
car 0.8092765808105469 258 130 336 163
bottle 0.8740801811218262 3 274 42 399
bottle 0.013122200965881348 201 358 237 439
bottle 0.035546332597732544 60 311 114 409
bottle 0.002018868923187256 363 315 374 447
car 0.0013778507709503174 249 146 282 161
car 0.0034832358360290527 257 147 282 160
car 0.006388753652572632 254 147 296 161
car 0.005663484334945679 0 139 118 307
bottle 0.018264353275299072 0 265 11 361
bottle 0.0017547309398651123 0 273 14 351
car 0.0010162293910980225 0 72 406 212
car 0.003285646438598633 1 70 384 288
car 0.0021073520183563232 1 132 172 325
car 0.0010945498943328857 1 88 406 343
bottle 0.0011336207389831543 4 273 22 368
person 0.9520411491394043 91 41 296 337
tvmonitor 0.001455157995223999 63 39 365 181
car 0.0024628937244415283 5 73 383 158
car 0.0010043680667877197 87 108 156 155
bottle 0.018194735050201416 209 358 279 499
bottle 0.003960907459259033 176 360 336 499
car 0.0030045807361602783 0 68 122 171
car 0.17781168222427368 60 73 161 154
bottle 0.00629037618637085 1 273 18 362
car 0.4282335042953491 0 138 120 171
car 0.0010083019733428955 311 130 335 147
bottle 0.018404453992843628 186 350 251 498
bottle 0.06608361005783081 236 354 271 480
bottle 0.0010322332382202148 79 276 103 295
car 0.0014438629150390625 60 144 117 170
bottle 0.07369807362556458 4 273 35 356
