dog 0.00443345308303833 0 161 257 356
dog 0.7217429280281067 35 82 224 331
person 0.009485304355621338 0 116 215 350
person 0.2429249882698059 1 217 254 358
pottedplant 0.0017275214195251465 69 121 112 218
chair 0.003736436367034912 0 142 30 210
chair 0.01698121428489685 0 164 30 210
person 0.006564319133758545 200 35 238 72
dog 0.0015853047370910645 110 352 275 359
person 0.0012742578983306885 0 170 91 302
tvmonitor 0.9213602542877197 25 61 113 137
dog 0.002779155969619751 0 226 59 329
dog 0.0017410516738891602 0 225 90 329
person 0.00118333101272583 199 33 216 70
person 0.004774004220962524 3 47 113 288
person 0.0016678273677825928 -1 46 227 306
person 0.001432657241821289 0 224 91 329
dog 0.039487868547439575 103 82 224 232
person 0.03760969638824463 1 94 112 333
person 0.0012159943580627441 0 177 84 252
dog 0.0015729963779449463 0 168 96 295
person 0.0016039609909057617 0 185 60 239
chair 0.00185316801071167 0 164 47 238
pottedplant 0.0010988116264343262 0 129 11 168
chair 0.004982620477676392 0 165 31 235
tvmonitor 0.001225501298904419 39 59 97 77
pottedplant 0.0012302696704864502 74 122 112 166
person 0.0017275214195251465 49 118 113 266
pottedplant 0.0017478764057159424 59 121 113 261
