chair 0.011418908834457397 350 204 499 371
chair 0.019122570753097534 399 206 499 369
chair 0.015784263610839844 343 267 499 373
sofa 0.02386951446533203 350 267 499 373
tvmonitor 0.10374632477760315 366 177 409 233
pottedplant 0.001178741455078125 327 149 345 169
pottedplant 0.0013832449913024902 328 130 376 171
pottedplant 0.0024724602699279785 354 150 375 172
tvmonitor 0.0018103718757629395 374 149 407 189
tvmonitor 0.0023690462112426758 385 150 410 189
chair 0.001367121934890747 413 208 499 298
chair 0.087566077709198 470 209 500 352
person 0.0012065470218658447 476 200 499 374
pottedplant 0.0022519826889038086 376 200 407 256
tvmonitor 0.30239152908325195 372 124 409 157
tvmonitor 0.002323359251022339 199 216 253 263
car 0.0010485053062438965 39 130 85 207
tvmonitor 0.0018676519393920898 387 149 426 201
tvmonitor 0.0029928982257843018 387 157 410 240
tvmonitor 0.0023052990436553955 388 145 432 235
tvmonitor 0.005729943513870239 388 152 418 248
chair 0.2934045195579529 470 210 499 281
cat 0.001367121934890747 40 130 83 175
pottedplant 0.00391504168510437 353 126 375 172
pottedplant 0.001466512680053711 354 138 375 174
chair 0.0014438629150390625 482 185 499 285
chair 0.9130566120147705 165 148 244 235
chair 0.9367526173591614 245 145 325 232
