sofa 0.00321003794670105 0 117 500 377
diningtable 0.0097084641456604 459 233 499 372
person 0.004503071308135986 347 14 499 320
person 0.006339401006698608 190 20 498 332
diningtable 0.002003192901611328 0 251 451 373
diningtable 0.0097084641456604 0 161 502 373
diningtable 0.010014057159423828 134 309 500 373
diningtable 0.005911082029342651 157 269 499 373
diningtable 0.010611921548843384 324 257 500 372
person 0.2018132209777832 0 55 282 341
person 0.7498207688331604 0 52 424 342
person 0.8227584362030029 280 13 499 328
person 0.006692379713058472 460 90 499 317
person 0.0012018680572509766 479 97 499 289
diningtable 0.006538987159729004 460 155 499 329
diningtable 0.0012159943580627441 0 268 184 351
pottedplant 0.0023324191570281982 248 8 351 115
