bottle 0.038034677505493164 438 44 499 240
pottedplant 0.01090201735496521 0 8 124 373
aeroplane 0.007176309823989868 178 2 499 372
tvmonitor 0.002453356981277466 350 71 450 111
tvmonitor 0.007232218980789185 474 30 500 237
tvmonitor 0.0012065470218658447 0 6 125 375
tvmonitor 0.06417948007583618 438 43 499 241
tvmonitor 0.0018969178199768066 483 66 499 204
chair 0.002415567636489868 363 221 499 373
chair 0.0013147294521331787 439 13 499 240
chair 0.009821981191635132 0 5 125 372
bottle 0.007938534021377563 180 2 337 372
chair 0.012053072452545166 181 1 499 372
bottle 0.016658097505569458 181 1 496 368
pottedplant 0.02280205488204956 0 142 109 242
pottedplant 0.0023875534534454346 81 149 107 231
cat 0.0031724870204925537 181 0 296 115
pottedplant 0.0011160969734191895 30 183 78 238
pottedplant 0.002003192901611328 85 151 107 210
pottedplant 0.004399091005325317 0 144 52 230
pottedplant 0.03410175442695618 0 144 70 242
bottle 0.0019266009330749512 494 175 500 243
