chair 0.01865246891975403 374 22 500 249
tvmonitor 0.3433409333229065 0 64 40 265
chair 0.001554727554321289 334 19 499 350
chair 0.00955912470817566 382 17 499 354
chair 0.004399091005325317 442 16 499 365
tvmonitor 0.675764262676239 97 152 407 330
tvmonitor 0.007460415363311768 0 45 20 183
tvmonitor 0.008188486099243164 0 52 43 176
tvmonitor 0.11961567401885986 0 74 15 228
tvmonitor 0.0048677921295166016 0 25 64 174
tvmonitor 0.08540382981300354 0 82 10 169
tvmonitor 0.031857043504714966 0 83 20 168
tvmonitor 0.0021573007106781006 0 84 32 167
bottle 0.0011879205703735352 351 20 381 76
tvmonitor 0.005752265453338623 0 88 17 268
tvmonitor 0.001388639211654663 442 206 499 375
bus 0.004755467176437378 0 0 72 174
chair 0.035680413246154785 376 14 499 176
tvmonitor 0.09138533473014832 0 118 16 193
tvmonitor 0.012772411108016968 0 128 38 192
boat 0.001466512680053711 205 53 257 61
tvmonitor 0.0021073520183563232 0 166 40 250
tvmonitor 0.0018676519393920898 39 155 103 245
tvmonitor 0.0021827220916748047 186 55 340 119
tvmonitor 0.10374632477760315 0 97 12 190
tvmonitor 0.13661038875579834 29 157 107 263
person 0.13846442103385925 164 85 190 111
