pottedplant 0.0019419193267822266 190 156 348 364
bottle 0.9105420708656311 37 267 140 499
diningtable 0.003930270671844482 5 280 373 500
bottle 0.9522185325622559 205 287 294 500
diningtable 0.007288604974746704 67 329 374 499
diningtable 0.029760271310806274 187 398 374 499
person 0.8753642439842224 17 134 287 426
diningtable 0.4931645095348358 6 411 377 499
bird 0.002867281436920166 267 0 374 20
bird 0.004538297653198242 307 0 374 20
car 0.005426615476608276 80 133 209 234
car 0.057920247316360474 83 177 220 229
pottedplant 0.009860128164291382 292 200 347 254
diningtable 0.00106087327003479 164 239 265 290
pottedplant 0.04620686173439026 222 176 299 263
pottedplant 0.0030280649662017822 266 196 346 254
bottle 0.0029466450214385986 36 158 50 217
pottedplant 0.002415567636489868 318 186 374 262
pottedplant 0.14128419756889343 221 164 347 264
bottle 0.0030280649662017822 41 269 131 439
car 0.690976619720459 189 183 221 215
diningtable 0.018616825342178345 158 255 299 350
pottedplant 0.0013564825057983398 302 187 352 251
pottedplant 0.006538987159729004 241 144 259 161
pottedplant 0.0018388032913208008 241 144 269 162
bottle 0.0099753737449646 92 321 171 448
pottedplant 0.0021657347679138184 343 225 355 249
pottedplant 0.004774004220962524 346 202 374 264
pottedplant 0.003185272216796875 226 190 290 264
chair 0.02315419912338257 162 235 236 265
pottedplant 0.00406983494758606 295 138 344 187
pottedplant 0.0010775625705718994 317 196 364 245
bottle 0.0015853047370910645 215 289 281 392
bird 0.029985934495925903 336 0 374 20
diningtable 0.0018969178199768066 153 217 324 303
pottedplant 0.00257071852684021 221 211 292 263
diningtable 0.012383639812469482 155 233 305 321
pottedplant 0.0034832358360290527 163 178 299 263
pottedplant 0.0017073750495910645 316 224 357 258
pottedplant 0.0017547309398651123 324 224 357 253
car 0.0038396716117858887 166 181 203 234
car 0.013377547264099121 184 185 203 226
car 0.001178741455078125 189 184 211 219
bottle 0.02546730637550354 0 353 45 496
