pottedplant 0.01524651050567627 196 144 372 443
diningtable 0.14608708024024963 -2 294 374 499
pottedplant 0.0033632218837738037 338 181 375 411
diningtable 0.19620904326438904 -1 404 375 499
pottedplant 0.7074048519134521 156 2 373 469
pottedplant 0.0013250410556793213 0 134 60 157
bird 0.0026727914810180664 216 0 365 45
bird 0.0011424720287322998 0 133 62 227
pottedplant 0.001972287893295288 0 134 61 170
pottedplant 0.051269859075546265 116 5 162 40
pottedplant 0.006121635437011719 390 5 451 471
pottedplant 0.0017823278903961182 113 3 195 169
pottedplant 0.001040339469909668 0 14 162 494
bottle 0.9566324949264526 75 12 198 494
pottedplant 0.006097882986068726 2 1 366 275
pottedplant 0.005774706602096558 0 339 74 433
bottle 0.07159435749053955 344 251 374 414
pottedplant 0.004007279872894287 114 4 163 104
pottedplant 0.0010860264301300049 196 120 266 363
pottedplant 0.0010043680667877197 195 147 306 372
bottle 0.0042809247970581055 315 196 374 398
bottle 0.0019494593143463135 127 145 209 377
