chair 0.0027148425579071045 364 215 499 374
tvmonitor 0.0023506581783294678 160 140 346 318
pottedplant 0.011596441268920898 0 80 34 363
pottedplant 0.0033371448516845703 0 82 60 366
chair 0.8624651432037354 0 246 89 374
pottedplant 0.8548837900161743 69 254 187 373
chair 0.020371288061141968 0 159 86 373
pottedplant 0.0016292035579681396 469 197 499 228
pottedplant 0.0021321773529052734 470 193 499 248
pottedplant 0.2658802270889282 0 102 33 209
pottedplant 0.0010817945003509521 370 237 421 319
pottedplant 0.003510504961013794 381 237 435 308
pottedplant 0.021782606840133667 403 241 433 306
pottedplant 0.005405604839324951 403 253 458 303
pottedplant 0.004022836685180664 0 42 55 220
chair 0.008984774351119995 432 232 473 298
chair 0.0017007291316986084 490 208 499 313
pottedplant 0.0010526180267333984 429 188 466 277
pottedplant 0.016153186559677124 0 15 33 245
pottedplant 0.0013995170593261719 0 6 75 261
pottedplant 0.0052814483642578125 0 75 48 227
pottedplant 0.0028228759765625 150 264 189 339
pottedplant 0.806853175163269 404 27 499 292
chair 0.0018895864486694336 0 244 48 372
pottedplant 0.0010322332382202148 334 263 382 304
pottedplant 0.0017753839492797852 380 245 426 323
tvmonitor 0.002453356981277466 201 141 297 329
chair 0.0011879205703735352 0 174 59 276
pottedplant 0.003765672445297241 0 81 50 314
pottedplant 0.009267330169677734 85 290 122 358
pottedplant 0.009936809539794922 491 197 499 282
pottedplant 0.004133999347686768 88 301 146 363
chair 0.0023875534534454346 493 249 499 307
pottedplant 0.0010650157928466797 100 309 148 360
pottedplant 0.001367121934890747 271 -53 495 254
bird 0.0015977323055267334 401 195 426 235
pottedplant 0.6791782379150391 362 229 460 307
chair 0.0168512761592865 0 164 62 391
pottedplant 0.0075772106647491455 0 107 18 207
pottedplant 0.00462755560874939 68 275 126 368
sofa 0.0015487074851989746 365 300 500 374
pottedplant 0.003235042095184326 404 230 452 306
chair 0.001489490270614624 493 220 500 311
pottedplant 0.002424955368041992 431 228 470 296
pottedplant 0.0031976401805877686 472 195 499 282
bottle 0.0010733604431152344 203 153 300 317
cat 0.0022873878479003906 0 131 20 207
pottedplant 0.5506075620651245 451 198 499 281
chair 0.021949589252471924 364 309 499 374
pottedplant 0.002912372350692749 408 158 463 252
pottedplant 0.0011971890926361084 416 223 470 294
pottedplant 0.0017823278903961182 458 142 499 252
pottedplant 0.0011513829231262207 92 320 121 355
cat 0.003442734479904175 0 152 21 207
pottedplant 0.0010004639625549316 91 312 141 361
pottedplant 0.01542365550994873 464 210 499 279
pottedplant 0.006193429231643677 481 207 499 279
pottedplant 0.012193650007247925 492 212 499 274
pottedplant 0.013795614242553711 120 315 155 374
pottedplant 0.003650069236755371 424 125 499 282
pottedplant 0.001477956771850586 400 171 461 247
pottedplant 0.0017963051795959473 393 195 426 239
pottedplant 0.0097084641456604 451 134 499 291
pottedplant 0.0023875534534454346 470 121 499 295
chair 0.00131988525390625 0 147 65 272
pottedplant 0.012971192598342896 404 114 500 258
