sheep 0.0013406574726104736 107 291 237 477
sheep 0.003147989511489868 108 347 237 477
sheep 0.0064885616302490234 85 395 331 499
sheep 0.011596441268920898 97 450 332 500
sheep 0.004331141710281372 107 405 142 446
sheep 0.0010567307472229004 110 392 192 451
cat 0.4416731297969818 206 152 236 211
bird 0.0012065470218658447 122 0 257 43
cat 0.42632174491882324 163 165 208 216
bird 0.005405604839324951 165 0 260 48
bird 0.010170340538024902 190 0 269 47
bird 0.011374980211257935 192 0 310 48
bird 0.004963308572769165 163 164 209 216
sheep 0.004007279872894287 155 125 233 169
cat 0.005099952220916748 155 125 236 169
cat 0.0076660215854644775 155 125 243 192
sheep 0.0018969178199768066 194 0 331 236
bird 0.010776817798614502 194 0 244 47
bird 0.0023782849311828613 78 0 302 48
dog 0.001489490270614624 174 0 326 48
sheep 0.002003192901611328 310 341 331 399
sheep 0.010571062564849854 182 440 331 499
sheep 0.002003192901611328 282 445 332 499
sheep 0.010209739208221436 292 445 331 463
bird 0.10819017887115479 206 152 235 212
dog 0.007547855377197266 154 125 238 168
dog 0.015129566192626953 154 125 241 200
sheep 0.309023380279541 109 388 237 456
sheep 0.0011648833751678467 107 403 144 480
sheep 0.6723310351371765 211 370 298 471
