boat 0.9447892904281616 128 80 285 313
boat 0.9541356563568115 301 123 406 315
boat 0.009746164083480835 477 72 499 347
person 0.0011603832244873047 183 279 204 301
person 0.055620014667510986 181 291 194 301
person 0.0021488964557647705 190 282 207 302
person 0.003075540065765381 194 278 210 303
person 0.30239152908325195 232 288 244 305
boat 0.0011558830738067627 302 180 365 313
person 0.028653234243392944 244 288 260 307
person 0.1766728162765503 247 289 266 307
boat 0.0022873878479003906 0 187 54 345
person 0.06488728523254395 267 292 282 308
boat 0.002969682216644287 489 71 499 362
boat 0.0099753737449646 340 139 405 311
boat 0.004231303930282593 460 115 499 349
boat 0.004231303930282593 483 99 499 363
person 0.018264353275299072 181 287 195 301
person 0.026456594467163086 194 275 207 301
boat 0.0019876956939697266 256 223 280 309
person 0.004348009824752808 193 277 217 303
person 0.003285646438598633 191 287 224 302
person 0.001972287893295288 205 287 226 303
person 0.0015853047370910645 263 288 283 308
person 0.0019494593143463135 329 285 355 306
person 0.026255786418914795 345 283 372 307
person 0.004231303930282593 355 286 386 308
boat 0.0052814483642578125 362 293 385 316
person 0.006463468074798584 193 268 204 294
boat 0.001040339469909668 223 122 280 309
person 0.0010988116264343262 246 295 283 310
boat 0.0018388032913208008 300 292 404 316
boat 0.1097080409526825 362 293 405 315
boat 0.0010567307472229004 353 296 422 316
boat 0.00831615924835205 345 283 381 307
person 0.0075772106647491455 345 285 386 313
person 0.007288604974746704 361 288 405 314
person 0.00809389352798462 358 291 405 309
person 0.003298431634902954 377 292 405 307
person 0.00874510407447815 238 289 268 308
boat 0.004556000232696533 301 287 387 312
boat 0.005619615316390991 358 289 385 312
person 0.035146862268447876 362 293 384 316
