person 0.01069408655166626 6 143 15 167
person 0.00257071852684021 16 144 28 163
person 0.002359837293624878 21 143 32 162
person 0.0015366971492767334 253 127 278 203
dog 0.36296921968460083 137 185 234 259
bird 0.0011925697326660156 0 5 8 26
person 0.03690752387046814 0 141 6 167
person 0.0023506581783294678 8 138 21 164
person 0.0014104843139648438 14 141 26 163
sheep 0.6020615696907043 138 185 234 259
person 0.8902919292449951 214 125 247 203
pottedplant 0.006339401006698608 357 139 376 154
bicycle 0.007636308670043945 357 139 382 154
boat 0.0010733604431152344 418 104 459 119
person 0.8864172101020813 254 126 302 203
person 0.0014104843139648438 0 130 6 168
person 0.0177803635597229 166 137 179 159
