boat 0.013848692178726196 131 126 428 275
boat 0.005384683609008789 222 126 427 274
bus 0.0034832358360290527 0 153 137 263
train 0.003324180841445923 427 88 499 269
car 0.002359837293624878 1 153 135 262
train 0.003222525119781494 436 210 499 288
train 0.006771385669708252 453 209 500 294
bus 0.0015010833740234375 0 155 68 263
pottedplant 0.004718571901321411 261 221 294 259
pottedplant 0.03296089172363281 273 220 308 259
person 0.00208282470703125 448 231 468 266
person 0.0013250410556793213 475 219 499 265
person 0.006364047527313232 181 202 194 221
person 0.0016483962535858154 487 220 499 265
pottedplant 0.00106087327003479 31 207 58 265
pottedplant 0.0025409162044525146 277 242 291 258
chair 0.0011694133281707764 285 223 316 276
pottedplant 0.01524651050567627 314 234 379 269
pottedplant 0.01791679859161377 276 235 292 259
boat 0.0021657347679138184 120 1 426 274
pottedplant 0.015906304121017456 404 237 420 263
train 0.016153186559677124 467 214 499 268
person 0.006797581911087036 443 233 456 264
car 0.00564149022102356 66 197 133 244
pottedplant 0.01155179738998413 181 203 194 221
person 0.0030045807361602783 444 235 460 265
person 0.0011971890926361084 451 237 468 266
chair 0.010209739208221436 446 236 469 265
pottedplant 0.002406179904937744 173 209 202 261
pottedplant 0.0014438629150390625 260 205 299 258
person 0.0017007291316986084 432 223 445 259
person 0.021782606840133667 435 223 449 260
person 0.001455157995223999 446 225 456 262
train 0.009746164083480835 438 170 499 268
train 0.004007279872894287 467 142 499 269
person 0.001388639211654663 434 222 454 260
train 0.035949915647506714 428 217 499 266
car 0.36296921968460083 49 196 135 262
chair 0.0010567307472229004 291 228 317 292
pottedplant 0.0052814483642578125 175 203 200 254
pottedplant 0.004609555006027222 0 193 55 238
