boat 0.8305927515029907 9 52 430 327
boat 0.003736436367034912 0 97 26 323
boat 0.29259514808654785 323 148 499 289
boat 0.0034696757793426514 0 149 24 332
boat 0.0010043680667877197 343 40 499 287
boat 0.06903958320617676 247 147 492 288
car 0.0012447535991668701 315 268 354 291
boat 0.02432847023010254 341 266 401 283
car 0.014173001050949097 317 268 339 286
boat 0.0025508105754852295 316 267 410 291
boat 0.005663484334945679 0 258 26 283
boat 0.002453356981277466 315 268 342 291
boat 0.005532950162887573 313 268 357 291
boat 0.0020505785942077637 338 264 463 287
boat 0.0060506463050842285 339 252 491 288
boat 0.0022344589233398438 331 241 502 291
boat 0.007786005735397339 331 211 464 286
boat 0.012288272380828857 0 232 26 297
boat 0.0017478764057159424 0 255 47 345
boat 0.014392048120498657 0 299 60 344
boat 0.0011879205703735352 367 215 436 253
boat 0.004102110862731934 18 44 158 243
boat 0.0012112557888031006 57 99 476 284
boat 0.006903529167175293 340 229 477 287
boat 0.0026623904705047607 13 45 161 314
boat 0.0013147294521331787 204 159 245 179
boat 0.00106087327003479 0 127 16 303
