diningtable 0.05460202693939209 3 279 144 451
chair 0.0967058539390564 79 274 162 451
chair 0.8848353028297424 134 248 277 475
train 0.0018969178199768066 -125 11 -9 472
train 0.001178741455078125 -169 6 4 474
diningtable 0.3040419816970825 72 245 312 455
chair 0.010776817798614502 256 361 359 480
bottle 0.0023506581783294678 26 57 42 80
chair 0.005980461835861206 130 249 208 429
chair 0.02080520987510681 173 247 283 396
tvmonitor 0.00185316801071167 336 90 359 126
chair 0.006027162075042725 208 249 293 384
tvmonitor 0.9105420708656311 54 173 146 253
chair 0.0018103718757629395 291 230 359 397
chair 0.0035796165466308594 174 259 231 351
tvmonitor 0.003960907459259033 0 182 33 209
dog 0.004830062389373779 318 359 359 479
dog 0.007176309823989868 333 359 359 479
tvmonitor 0.001560807228088379 0 75 62 154
chair 0.004118025302886963 64 193 153 408
chair 0.005384683609008789 336 360 359 479
chair 0.0025212466716766357 145 258 196 330
chair 0.001335442066192627 129 234 301 347
pottedplant 0.0010988116264343262 191 171 245 227
