bird 0.8056327104568481 234 73 293 127
bird 0.9167100787162781 299 85 345 148
bird 0.2407766878604889 381 126 399 150
bird 0.008062601089477539 245 121 275 157
bird 0.0015853047370910645 333 126 399 157
bird 0.8459442853927612 448 87 481 148
bird 0.8661319017410278 103 135 132 180
bird 0.001388639211654663 147 117 356 179
boat 0.00118333101272583 148 115 352 179
chair 0.0022696256637573242 490 203 499 331
boat 0.00406983494758606 490 200 499 304
bird 0.007093280553817749 231 74 335 160
car 0.001264333724975586 490 203 499 256
bird 0.0018895864486694336 170 117 276 177
person 0.0018033087253570557 490 202 500 300
boat 0.0018245279788970947 490 148 499 300
bird 0.001455157995223999 21 193 44 221
bird 0.8221883177757263 57 141 87 189
train 0.0017963051795959473 488 203 499 288
car 0.0034293532371520996 490 202 500 288
bird 0.8670357465744019 190 116 217 155
bird 0.002969682216644287 230 116 276 142
bird 0.020176976919174194 231 120 276 147
bird 0.01518791913986206 230 111 287 142
