sheep 0.8816165924072266 276 101 347 146
sheep 0.7233090996742249 98 95 143 131
sheep 0.00536385178565979 275 101 321 146
sheep 0.0028118789196014404 216 117 229 148
sheep 0.001449495553970337 120 94 143 107
cow 0.8489729166030884 464 101 499 149
sheep 0.003272920846939087 131 101 157 147
sheep 0.012674123048782349 175 100 222 146
cow 0.5214712023735046 0 108 12 141
sheep 0.0026212334632873535 216 107 227 147
cow 0.03384503722190857 0 107 12 171
sheep 0.006930291652679443 274 102 285 145
sheep 0.8969782590866089 132 100 222 148
sheep 0.0013832449913024902 139 87 165 95
sheep 0.0014837086200714111 131 105 147 136
sheep 0.001489490270614624 315 107 347 144
sheep 0.901229977607727 216 103 280 148
cow 0.01711207628250122 0 106 11 212
horse 0.00593411922454834 0 105 11 225
sheep 0.001466512680053711 184 118 223 144
sheep 0.024514615535736084 275 101 291 144
sheep 0.0029237568378448486 129 95 144 134
sheep 0.0011603832244873047 221 104 243 118
sheep 0.009784013032913208 276 101 298 144
cow 0.004102110862731934 0 99 9 196
sheep 0.0010083019733428955 0 101 13 186
sheep 0.0012159943580627441 0 89 7 215
sheep 0.0012065470218658447 175 120 219 146
sheep 0.003930270671844482 215 125 234 147
sheep 0.0016039609909057617 252 105 280 145
sheep 0.004102110862731934 263 102 284 145
sheep 0.003537982702255249 283 121 333 146
sheep 0.002314329147338867 117 94 143 131
sheep 0.00421491265296936 131 95 148 133
sheep 0.0022431910037994385 132 117 151 147
sheep 0.0019876956939697266 133 129 160 147
sheep 0.0019343793392181396 136 125 199 147
sheep 0.00185316801071167 160 128 196 146
sheep 0.002867281436920166 175 124 196 146
sheep 0.0017410516738891602 97 98 119 114
