horse 0.40262678265571594 0 71 46 305
horse 0.8705992698669434 8 27 483 301
person 0.15610283613204956 0 58 32 306
person 0.0022873878479003906 0 64 56 305
person 0.09236234426498413 0 34 46 149
person 0.004133999347686768 241 15 335 194
bird 0.0016613304615020752 0 260 28 304
person 0.8013148307800293 242 18 388 114
person 0.02405199408531189 0 208 28 305
horse 0.27125176787376404 0 72 46 196
person 0.0014104843139648438 0 65 13 151
person 0.0028009116649627686 319 18 384 80
person 0.007065832614898682 0 16 23 152
horse 0.0010567307472229004 0 50 33 269
person 0.013021320104598999 0 242 28 305
dog 0.0027042627334594727 0 249 28 305
