person 0.8745095133781433 315 36 378 211
person 0.8238945007324219 360 36 432 213
person 0.0011336207389831543 297 22 377 73
person 0.002003192901611328 396 17 443 93
person 0.23511099815368652 410 18 442 99
bottle 0.0017410516738891602 65 101 84 142
person 0.0011380314826965332 84 128 102 155
person 0.16026467084884644 293 22 336 104
person 0.006692379713058472 313 68 335 201
person 0.0034293532371520996 300 32 376 137
person 0.040997445583343506 347 24 380 129
bottle 0.0010083019733428955 85 132 102 155
person 0.0014438629150390625 419 25 478 131
pottedplant 0.0030874907970428467 80 46 103 71
pottedplant 0.00834837555885315 490 87 499 178
pottedplant 0.0011879205703735352 448 30 489 138
person 0.004022836685180664 129 104 151 190
person 0.0021238625049591064 132 125 152 188
bottle 0.0034027397632598877 174 118 192 162
person 0.0029812753200531006 265 33 300 126
chair 0.0011879205703735352 0 83 7 206
bottle 0.00394555926322937 128 134 150 187
bottle 0.0010945498943328857 135 139 151 173
bottle 0.0011160969734191895 176 122 194 169
person 0.00257071852684021 339 35 377 164
person 0.04707297682762146 347 26 382 204
person 0.01292121410369873 347 23 377 80
person 0.39420104026794434 293 22 337 220
person 0.035680413246154785 292 27 361 204
person 0.002757549285888672 377 34 435 177
pottedplant 0.001146942377090454 457 33 489 132
person 0.006564319133758545 270 33 308 172
person 0.0022257566452026367 271 32 322 151
person 0.29583969712257385 293 22 336 148
person 0.016530483961105347 396 21 443 120
pottedplant 0.0013147294521331787 494 45 499 87
person 0.008156836032867432 379 31 442 143
chair 0.6671474575996399 97 181 224 234
bottle 0.0017615854740142822 16 90 34 127
bottle 0.012240886688232422 21 92 34 127
person 0.02116680145263672 346 22 425 161
pottedplant 0.0012159943580627441 461 44 490 158
person 0.008812874555587769 463 91 485 135
pottedplant 0.0030162930488586426 472 86 499 133
person 0.9158100485801697 175 34 238 209
pottedplant 0.006241738796234131 490 74 499 132
person 0.8601315021514893 422 26 486 203
person 0.9176012277603149 6 28 83 229
bottle 0.0028009116649627686 357 127 379 173
person 0.8454346656799316 80 48 129 221
pottedplant 0.015542924404144287 475 105 500 186
person 0.7114314436912537 270 32 320 212
pottedplant 0.005663484334945679 470 72 499 130
pottedplant 0.18126201629638672 482 70 499 129
pottedplant 0.040386855602264404 76 46 104 87
person 0.0013459324836730957 131 138 154 192
person 0.11476749181747437 280 69 325 212
person 0.0011248290538787842 358 84 387 211
person 0.001680910587310791 359 80 402 212
pottedplant 0.013689994812011719 475 110 499 213
pottedplant 0.003664344549179077 475 83 499 145
tvmonitor 0.0013617873191833496 0 99 8 140
pottedplant 0.026964962482452393 485 74 499 113
pottedplant 0.004591643810272217 489 55 499 112
pottedplant 0.005384683609008789 77 62 101 86
person 0.19682586193084717 347 24 374 54
pottedplant 0.0026008784770965576 75 59 99 89
person 0.24220746755599976 410 17 441 67
bottle 0.01524651050567627 20 105 34 127
bottle 0.003298431634902954 134 139 152 187
bottle 0.0011603832244873047 137 140 153 162
pottedplant 0.03993484377861023 481 58 499 186
person 0.8832350969314575 126 52 180 198
person 0.81640625 229 38 275 208
pottedplant 0.0019419193267822266 71 130 94 213
person 0.0015977323055267334 84 115 105 222
pottedplant 0.019642621278762817 467 42 497 183
chair 0.0021488964557647705 0 44 8 218
person 0.008611321449279785 64 48 103 224
person 0.0013044774532318115 356 38 381 209
person 0.0011558830738067627 127 50 154 204
person 0.0026520490646362305 175 52 198 203
