horse 0.9289232492446899 65 99 248 374
horse 0.9149011373519897 246 113 475 373
person 0.7114314436912537 276 37 428 343
chair 0.0011424720287322998 455 278 499 364
person 0.20689427852630615 48 97 262 334
person 0.0015010833740234375 198 35 425 350
person 0.030099451541900635 473 341 499 373
person 0.00391504168510437 481 266 499 373
person 0.044683367013931274 481 325 499 373
person 0.005343139171600342 8 334 43 374
person 0.026862531900405884 19 344 43 374
person 0.003160238265991211 492 275 500 383
person 0.005261063575744629 166 31 416 222
person 0.006850332021713257 282 38 426 211
person 0.007816284894943237 493 294 499 373
person 0.01069408655166626 482 302 499 375
person 0.31997090578079224 59 26 287 346
person 0.021370261907577515 490 311 499 373
person 0.6951309442520142 167 26 287 219
person 0.003063589334487915 167 25 285 161
person 0.002415567636489868 453 281 499 373
person 0.20497792959213257 0 333 20 373
car 0.0011971890926361084 439 220 463 234
