chair 0.17441195249557495 0 268 126 374
pottedplant 0.023643463850021362 355 76 454 332
pottedplant 0.060083746910095215 352 -1 481 363
pottedplant 0.0023782849311828613 434 -1 499 365
person 0.9082899689674377 228 68 361 374
pottedplant 0.0017073750495910645 0 159 50 373
person 0.8338658809661865 102 38 272 374
chair 0.002590775489807129 103 141 267 372
diningtable 0.001560807228088379 0 240 102 374
diningtable 0.05500715970993042 0 270 125 374
pottedplant 0.004963308572769165 338 177 400 233
pottedplant 0.004231303930282593 0 218 10 275
pottedplant 0.010170340538024902 1 217 37 274
pottedplant 0.0017615854740142822 425 59 490 233
pottedplant 0.0014608204364776611 350 232 429 297
chair 0.003416001796722412 0 216 35 367
pottedplant 0.0023782849311828613 349 223 453 361
pottedplant 0.00394555926322937 414 181 463 234
pottedplant 0.09842309355735779 433 0 495 235
pottedplant 0.004297584295272827 0 206 12 277
pottedplant 0.013742715120315552 0 2 77 362
pottedplant 0.0027360916137695312 31 229 82 276
pottedplant 0.003678649663925171 336 7 488 245
pottedplant 0.009936809539794922 0 212 16 364
pottedplant 0.0034561753273010254 387 317 406 330
pottedplant 0.001367121934890747 335 158 443 281
chair 0.004198610782623291 0 220 18 368
chair 0.0018103718757629395 0 234 52 370
pottedplant 0.004792630672454834 0 214 36 360
pottedplant 0.04336750507354736 0 215 84 348
chair 0.001028209924697876 20 217 94 365
pottedplant 0.02892547845840454 354 68 459 263
pottedplant 0.04689863324165344 392 1 490 270
pottedplant 0.01627802848815918 0 217 18 276
chair 0.0017007291316986084 384 317 408 359
chair 0.0024344027042388916 0 276 17 379
chair 0.0011424720287322998 0 259 7 366
chair 0.0016355812549591064 0 273 10 382
pottedplant 0.02315419912338257 0 214 16 318
pottedplant 0.006589770317077637 333 177 400 256
pottedplant 0.7592233419418335 0 217 85 276
pottedplant 0.018264353275299072 372 132 461 236
chair 0.007176309823989868 0 276 34 374
diningtable 0.06608361005783081 0 346 127 374
pottedplant 0.0030995309352874756 369 233 425 285
pottedplant 0.0018245279788970947 0 162 16 277
pottedplant 0.0013250410556793213 0 192 38 276
pottedplant 0.002757549285888672 0 199 15 295
pottedplant 0.002453356981277466 333 129 437 261
