bicycle 0.021534323692321777 448 93 499 332
motorbike 0.01090201735496521 219 30 499 295
motorbike 0.00391504168510437 0 15 57 310
motorbike 0.8365548849105835 23 64 458 304
motorbike 0.26435762643814087 448 22 499 332
motorbike 0.0029812753200531006 0 76 97 143
motorbike 0.007038503885269165 356 3 429 32
motorbike 0.0011513829231262207 194 17 252 84
motorbike 0.001367121934890747 424 0 484 41
motorbike 0.0027360916137695312 246 25 316 72
motorbike 0.0018033087253570557 244 22 345 71
person 0.001146942377090454 434 0 490 34
person 0.0021912753582000732 463 0 496 31
motorbike 0.0011971890926361084 314 22 419 71
person 0.006797581911087036 475 0 499 29
car 0.001449495553970337 435 19 499 84
motorbike 0.029648125171661377 0 68 113 190
motorbike 0.03371736407279968 253 58 439 124
motorbike 0.0033501386642456055 230 50 449 112
motorbike 0.0013147294521331787 248 41 312 72
car 0.0030516982078552246 0 75 87 134
motorbike 0.0168512761592865 0 61 161 132
motorbike 0.031736671924591064 249 41 313 122
motorbike 0.001388639211654663 247 42 297 81
motorbike 0.0015487074851989746 249 41 359 122
motorbike 0.003324180841445923 350 6 423 38
motorbike 0.001388639211654663 353 3 435 54
motorbike 0.003222525119781494 228 56 493 146
motorbike 0.0012159943580627441 397 -1 482 63
motorbike 0.009821981191635132 396 12 499 168
motorbike 0.001680910587310791 477 0 499 34
motorbike 0.011596441268920898 467 -15 499 243
car 0.0010817945003509521 0 23 76 188
car 0.003510504961013794 0 67 86 163
car 0.001111745834350586 451 137 499 309
bottle 0.002790004014968872 451 208 499 294
motorbike 0.06754660606384277 374 67 499 180
bottle 0.006615281105041504 477 203 499 298
bottle 0.004848897457122803 485 199 499 299
motorbike 0.003795117139816284 459 36 499 217
person 0.0024824440479278564 250 1 331 62
motorbike 0.0347515344619751 0 73 158 202
motorbike 0.7799931764602661 0 0 208 137
car 0.0012065470218658447 430 31 499 90
motorbike 0.004792630672454834 322 0 423 28
boat 0.0010945498943328857 450 201 499 332
motorbike 0.0012994110584259033 328 0 417 21
motorbike 0.00803142786026001 411 43 500 191
motorbike 0.005774706602096558 365 0 429 25
motorbike 0.009124904870986938 449 198 499 332
person 0.0023875534534454346 472 4 499 88
motorbike 0.0097084641456604 470 29 499 216
motorbike 0.3593648076057434 248 20 427 125
motorbike 0.019418001174926758 324 0 488 48
motorbike 0.1005215048789978 427 14 499 164
motorbike 0.0038546323776245117 467 27 499 309
motorbike 0.5851011872291565 189 0 263 83
bicycle 0.0025807321071624756 451 275 500 333
motorbike 0.0028228759765625 311 21 376 69
car 0.0015487074851989746 427 48 494 95
car 0.0011336207389831543 438 28 499 125
motorbike 0.00257071852684021 410 61 500 269
motorbike 0.0013147294521331787 235 9 301 69
motorbike 0.036357581615448 188 0 328 82
motorbike 0.12002691626548767 233 0 330 78
motorbike 0.13799899816513062 248 21 496 130
motorbike 0.15973952412605286 250 19 499 179
motorbike 0.022629231214523315 357 3 490 74
bottle 0.0013564825057983398 451 209 496 258
motorbike 0.03410175442695618 427 11 492 69
bicycle 0.0032476186752319336 450 304 499 332
bicycle 0.009784013032913208 449 205 499 332
motorbike 0.003298431634902954 133 1 224 106
motorbike 0.01764485239982605 239 12 314 80
motorbike 0.01791679859161377 245 34 317 84
motorbike 0.003736436367034912 246 33 371 81
motorbike 0.16776436567306519 268 10 426 78
motorbike 0.07892298698425293 428 15 499 93
motorbike 0.02169954776763916 136 2 260 84
motorbike 0.0011074244976043701 236 38 430 95
motorbike 0.0018103718757629395 189 0 284 47
motorbike 0.0048677921295166016 250 0 326 41
motorbike 0.01164129376411438 229 0 448 31
motorbike 0.023508936166763306 332 0 488 32
motorbike 0.007938534021377563 404 0 497 30
motorbike 0.004166156053543091 429 0 498 29
motorbike 0.005957245826721191 -1 0 259 42
motorbike 0.001714080572128296 211 0 468 51
motorbike 0.0012065470218658447 245 -6 447 26
motorbike 0.0013778507709503174 319 -16 489 18
motorbike 0.001028209924697876 341 -19 492 13
car 0.0020991265773773193 0 0 183 42
