cat 0.024189800024032593 440 220 499 373
person 0.04885616898536682 441 73 499 373
person 0.030385255813598633 440 194 499 373
person 0.004022836685180664 0 115 25 324
person 0.004905790090560913 411 0 499 374
boat 0.7287482023239136 0 52 484 363
boat 0.0016355812549591064 -8 77 192 139
train 0.0022170841693878174 0 110 99 195
pottedplant 0.0017207860946655273 405 101 470 159
sheep 0.07640942931175232 405 103 449 158
train 0.0038546323776245117 0 144 96 216
person 0.05360129475593567 172 126 191 144
person 0.05360129475593567 442 230 466 372
horse 0.0017410516738891602 405 103 450 158
train 0.0033501386642456055 0 145 97 195
person 0.4167965054512024 0 215 25 319
person 0.058133482933044434 0 218 10 322
train 0.0010860264301300049 0 67 123 218
boat 0.016530483961105347 0 45 474 238
boat 0.0020346641540527344 112 61 227 93
person 0.00955912470817566 442 229 466 293
person 0.01155179738998413 0 217 12 273
boat 0.005865275859832764 0 0 244 142
boat 0.00135117769241333 0 193 17 236
boat 0.11009037494659424 0 13 474 146
boat 0.07396480441093445 0 46 453 151
boat 0.011776894330978394 108 49 352 170
person 0.007260352373123169 170 49 180 69
boat 0.0026110410690307617 110 50 331 98
train 0.0019494593143463135 0 195 26 318
boat 0.0030280649662017822 110 49 340 118
train 0.0011694133281707764 0 172 65 192
boat 0.0011336207389831543 0 217 12 239
boat 0.0034832358360290527 0 186 17 320
train 0.002424955368041992 0 186 38 318
person 0.0010083019733428955 155 126 195 162
person 0.0017963051795959473 172 126 204 156
train 0.0015366971492767334 0 161 54 303
