diningtable 0.004468142986297607 118 6 488 350
chair 0.007636308670043945 159 48 332 301
chair 0.0017547309398651123 195 242 252 324
chair 0.0010860264301300049 180 181 267 234
chair 0.0017410516738891602 196 243 272 312
chair 0.003222525119781494 109 208 181 266
chair 0.791820764541626 194 215 278 340
bottle 0.005554467439651489 166 3 336 303
bottle 0.002003192901611328 301 2 457 370
chair 0.0034832358360290527 36 1 337 311
chair 0.0010733604431152344 139 236 188 271
chair 0.6959580183029175 104 202 188 313
tvmonitor 0.05770769715309143 0 0 391 345
diningtable 0.0013044774532318115 90 204 274 277
chair 0.005040973424911499 188 200 278 302
chair 0.002912372350692749 177 166 326 301
bottle 0.01094403862953186 337 71 394 274
