sofa 0.015602916479110718 0 197 134 373
pottedplant 0.0018604099750518799 404 185 498 374
sofa 0.0023782849311828613 0 183 43 369
sofa 0.9339163899421692 36 166 392 373
pottedplant 0.004468142986297607 477 2 500 253
chair 0.002746790647506714 0 208 6 286
tvmonitor 0.00185316801071167 115 119 153 153
chair 0.0016355812549591064 0 193 13 375
pottedplant 0.2909804582595825 436 0 500 372
pottedplant 0.004007279872894287 481 3 499 123
chair 0.0012544989585876465 0 207 7 322
sofa 0.00955912470817566 0 168 8 288
cat 0.0029237568378448486 13 286 44 324
person 0.035949915647506714 142 23 166 105
tvmonitor 0.02479657530784607 134 123 181 156
bottle 0.0011248290538787842 484 347 499 374
person 0.0014159977436065674 0 198 6 287
person 0.001714080572128296 203 88 234 121
person 0.0010988116264343262 232 100 248 122
person 0.0018822550773620605 244 98 265 126
pottedplant 0.13986852765083313 402 296 497 374
pottedplant 0.0021321773529052734 485 301 499 374
chair 0.0022170841693878174 0 123 9 289
pottedplant 0.0011694133281707764 437 0 472 123
cat 0.24798792600631714 13 287 63 327
cat 0.025564581155776978 13 286 37 317
