chair 0.010571062564849854 0 207 47 357
dog 0.007093280553817749 0 132 47 342
chair 0.0045206546783447266 381 175 419 223
chair 0.0024921000003814697 282 133 316 202
chair 0.012146621942520142 0 168 47 328
pottedplant 0.011201143264770508 454 76 499 176
chair 0.03222090005874634 244 124 301 208
bicycle 0.0030280649662017822 0 227 47 331
bicycle 0.001432657241821289 0 271 46 329
pottedplant 0.0015366971492767334 492 104 499 153
chair 0.001466512680053711 156 179 177 209
chair 0.0022696256637573242 156 179 189 210
pottedplant 0.81640625 186 198 226 269
pottedplant 0.19930782914161682 318 228 355 280
bicycle 0.0025807321071624756 0 243 47 375
chair 0.0052814483642578125 252 132 283 204
pottedplant 0.0064885616302490234 156 180 177 210
chair 0.011418908834457397 250 147 303 209
pottedplant 0.004905790090560913 339 149 365 195
pottedplant 0.007969379425048828 374 151 414 199
pottedplant 0.0013778507709503174 389 150 421 200
pottedplant 0.8044062852859497 315 201 355 280
pottedplant 0.0011031031608581543 490 57 499 162
pottedplant 0.0010817945003509521 432 0 490 29
pottedplant 0.001489490270614624 457 112 499 282
chair 0.002693742513656616 388 159 420 223
pottedplant 0.021452128887176514 325 199 352 236
chair 0.037750810384750366 372 165 408 224
