boat 0.014727562665939331 136 124 499 373
person 0.9199342131614685 54 73 157 353
boat 0.002341538667678833 298 128 420 368
boat 0.049402832984924316 0 27 81 373
boat 0.006145477294921875 300 126 481 369
person 0.8891415596008301 303 44 471 365
motorbike 0.001264333724975586 50 180 71 211
person 0.0012842416763305664 62 144 90 173
person 0.0011160969734191895 60 147 102 182
person 0.0033112764358520508 50 179 71 211
person 0.0026520490646362305 54 98 131 229
person 0.002969682216644287 73 118 85 145
person 0.0010988116264343262 74 107 94 156
bottle 0.0012159943580627441 44 268 66 297
car 0.002757549285888672 233 118 252 135
person 0.783988356590271 469 97 494 160
bird 0.031616777181625366 311 277 337 301
person 0.001964658498764038 57 97 115 213
boat 0.006438493728637695 0 199 82 343
person 0.024235934019088745 73 120 88 153
bottle 0.006027162075042725 45 264 81 296
person 0.0022084414958953857 78 91 116 166
bus 0.09106162190437317 0 0 25 365
person 0.029536426067352295 24 120 32 134
bus 0.21272248029708862 0 1 45 365
person 0.005426615476608276 32 118 39 134
person 0.0017275214195251465 34 117 41 133
bus 0.2193373441696167 0 0 84 368
person 0.0021912753582000732 51 117 59 133
person 0.001335442066192627 54 118 60 133
boat 0.0018245279788970947 0 231 44 373
person 0.005865275859832764 74 105 104 160
person 0.4551987051963806 490 98 500 164
car 0.004886746406555176 153 128 188 148
person 0.002631455659866333 63 143 79 172
person 0.0019876956939697266 63 132 85 169
bottle 0.005080223083496094 50 179 70 212
car 0.001972287893295288 98 63 111 74
pottedplant 0.0025409162044525146 215 57 264 80
person 0.0010004639625549316 63 144 87 168
person 0.001495271921157837 64 127 89 175
person 0.003185272216796875 478 98 494 160
person 0.006930291652679443 65 119 78 143
boat 0.0977327823638916 152 129 190 153
person 0.0012159943580627441 450 97 459 120
person 0.02104562520980835 494 94 500 166
