person 0.00106087327003479 1 24 135 494
bottle 0.0017547309398651123 57 361 382 498
person 0.0011741816997528076 40 356 408 499
bicycle 0.0022873878479003906 37 355 452 499
bicycle 0.003751039505004883 31 394 472 499
person 0.8795605897903442 0 15 377 498
bicycle 0.002958148717880249 24 438 475 500
tvmonitor 0.0016039609909057617 0 0 125 99
cow 0.00462755560874939 -3 0 491 411
car 0.001225501298904419 377 394 440 440
person 0.003824770450592041 260 0 492 489
bottle 0.0026110410690307617 123 336 336 451
bottle 0.04272308945655823 155 372 326 451
