person 0.13707196712493896 0 96 37 329
person 0.03488284349441528 0 106 79 330
diningtable 0.8128677606582642 3 130 432 330
person 0.0019876956939697266 0 106 168 330
chair 0.10087525844573975 0 64 38 329
person 0.9613907933235168 328 9 499 330
person 0.0014438629150390625 0 117 12 224
person 0.0016613304615020752 0 131 22 222
person 0.0020505785942077637 0 128 32 222
chair 0.6723310351371765 262 95 385 145
person 0.0011248290538787842 479 9 499 278
chair 0.0010322332382202148 0 46 14 237
chair 0.002958148717880249 0 60 20 233
chair 0.003123670816421509 0 86 73 221
person 0.00812530517578125 0 133 28 331
person 0.0010567307472229004 0 87 10 211
chair 0.0023968517780303955 -2 122 38 177
person 0.926567792892456 31 43 155 220
chair 0.017577439546585083 0 136 62 334
bottle 0.0011424720287322998 84 106 155 126
bottle 0.00406983494758606 96 101 154 125
bottle 0.004556000232696533 102 95 155 123
chair 0.01196029782295227 0 138 92 330
chair 0.0010043680667877197 0 154 99 280
chair 0.001020193099975586 361 145 439 220
chair 0.04385673999786377 0 109 37 242
person 0.0010485053062438965 0 137 10 201
person 0.0011292099952697754 0 140 14 217
chair 0.0011879205703735352 88 101 163 162
chair 0.0024344027042388916 328 141 438 231
pottedplant 0.0011513829231262207 35 105 158 140
pottedplant 0.0014438629150390625 79 108 148 125
pottedplant 0.001455157995223999 52 106 138 159
pottedplant 0.0010567307472229004 95 104 140 168
pottedplant 0.0025807321071624756 89 101 156 165
chair 0.005865275859832764 0 182 27 331
chair 0.0014104843139648438 0 174 39 225
chair 0.0028009116649627686 0 189 53 331
