tvmonitor 0.8887557983398438 361 216 499 373
chair 0.0015130341053009033 363 159 499 217
chair 0.001012265682220459 0 241 109 374
sofa 0.0017547309398651123 6 288 365 373
sofa 0.6876306533813477 109 190 352 291
tvmonitor 0.00812530517578125 353 202 499 296
person 0.0027360916137695312 0 161 13 244
bottle 0.00952214002609253 63 198 78 225
tvmonitor 0.0019876956939697266 296 149 335 178
bottle 0.0029812753200531006 48 199 78 226
pottedplant 0.0020505785942077637 239 149 258 188
tvmonitor 0.0022519826889038086 296 150 319 177
pottedplant 0.005685538053512573 0 151 10 198
pottedplant 0.019195973873138428 179 116 217 193
pottedplant 0.017243891954421997 172 110 225 193
tvmonitor 0.005301922559738159 294 149 342 194
chair 0.0013564825057983398 351 198 380 313
chair 0.003884732723236084 385 160 456 204
pottedplant 0.0069841742515563965 0 162 12 198
tvmonitor 0.014502942562103271 406 160 456 203
tvmonitor 0.0018103718757629395 345 199 495 271
chair 0.0029812753200531006 0 161 11 257
chair 0.0033763349056243896 0 199 5 258
chair 0.0011971890926361084 0 259 27 361
chair 0.0010650157928466797 351 198 404 314
pottedplant 0.019793838262557983 0 163 17 218
chair 0.00629037618637085 97 287 250 373
sofa 0.007402688264846802 91 287 248 373
sofa 0.0018969178199768066 211 300 320 373
pottedplant 0.001560807228088379 178 128 201 192
boat 0.001674354076385498 245 262 292 278
chair 0.003524214029312134 409 159 455 199
pottedplant 0.03832080960273743 335 87 370 109
chair 0.003285646438598633 204 181 253 195
chair 0.25534260272979736 224 182 271 195
chair 0.002424955368041992 241 185 276 196
chair 0.0011513829231262207 149 349 247 374
tvmonitor 0.0017007291316986084 311 305 365 373
pottedplant 0.37570610642433167 193 163 225 193
pottedplant 0.013172894716262817 194 168 234 194
pottedplant 0.016722261905670166 0 162 28 214
chair 0.0020666420459747314 212 300 318 373
chair 0.003976315259933472 145 175 178 192
pottedplant 0.002018868923187256 194 176 238 194
chair 0.001972287893295288 0 184 7 254
chair 0.05728462338447571 133 172 178 192
pottedplant 0.011418908834457397 179 153 225 193
pottedplant 0.001455157995223999 278 134 291 150
