sheep 0.938576877117157 182 58 499 355
sheep 0.806853175163269 25 249 170 373
sheep 0.920792818069458 69 104 232 311
sheep 0.007606714963912964 58 90 207 163
sheep 0.0011513829231262207 59 103 181 201
sheep 0.00564149022102356 143 69 208 119
sheep 0.017510265111923218 56 63 221 162
sheep 0.0050605833530426025 56 59 228 248
bird 0.0010004639625549316 0 312 10 376
sheep 0.0010988116264343262 493 170 499 318
bird 0.007065832614898682 0 340 12 374
sheep 0.00257071852684021 145 56 269 121
sheep 0.004886746406555176 56 111 112 162
