cat 0.6397355198860168 211 170 500 373
tvmonitor 0.01901298761367798 0 71 155 288
dog 0.5087882280349731 211 169 499 372
bus 0.001714080572128296 421 197 481 219
cat 0.005301922559738159 212 105 243 153
person 0.0038396716117858887 480 152 499 372
train 0.005729943513870239 412 195 499 240
tvmonitor 0.8840374946594238 153 68 305 197
boat 0.004700213670730591 481 220 500 373
cat 0.011201143264770508 211 106 256 163
bus 0.019718080759048462 410 195 499 241
person 0.0013724565505981445 200 333 213 361
person 0.007786005735397339 234 342 251 366
person 0.0021073520183563232 203 108 269 175
