boat 0.009195834398269653 462 24 499 225
boat 0.01524651050567627 278 198 332 218
boat 0.005554467439651489 478 34 499 224
boat 0.001225501298904419 481 129 499 223
boat 0.002011030912399292 487 228 499 340
boat 0.0022084414958953857 322 205 359 231
boat 0.007431507110595703 51 237 94 253
boat 0.00593411922454834 70 238 110 251
boat 0.005685538053512573 51 233 104 252
boat 0.0045206546783447266 62 232 110 250
boat 0.005774706602096558 39 246 55 263
boat 0.0010241866111755371 492 138 500 222
boat 0.0011558830738067627 413 19 499 225
boat 0.21337738633155823 230 220 277 232
boat 0.0024628937244415283 242 218 324 231
person 0.006692379713058472 40 246 54 262
boat 0.49218809604644775 51 243 86 262
boat 0.0013096034526824951 493 229 499 291
boat 0.0025212466716766357 233 200 343 231
boat 0.004247784614562988 53 229 108 249
boat 0.010449320077896118 258 225 278 235
boat 0.0014438629150390625 248 224 281 236
boat 0.8947906494140625 356 204 450 243
boat 0.6370307803153992 273 198 360 231
boat 0.001591503620147705 273 195 436 237
boat 0.001524806022644043 406 112 499 225
boat 0.003565669059753418 470 68 499 224
boat 0.7041603326797485 51 203 110 250
boat 0.011776894330978394 441 62 499 224
boat 0.0015307366847991943 229 218 315 232
boat 0.05582568049430847 274 209 330 230
boat 0.004609555006027222 432 213 500 225
boat 0.0010241866111755371 484 213 499 223
boat 0.06754660606384277 68 203 101 246
