boat 0.7859662771224976 84 77 320 290
boat 0.7697710990905762 84 142 320 289
boat 0.007877200841903687 316 154 350 169
pottedplant 0.005980461835861206 451 333 499 374
pottedplant 0.010289043188095093 441 351 499 374
pottedplant 0.004086285829544067 458 342 499 374
boat 0.001449495553970337 88 19 446 244
pottedplant 0.0017275214195251465 362 324 381 339
boat 0.048675328493118286 84 49 154 250
boat 0.0022170841693878174 106 142 319 239
boat 0.045864373445510864 84 49 183 281
pottedplant 0.0023506581783294678 439 313 499 374
car 0.004848897457122803 280 148 306 158
car 0.009054571390151978 255 142 273 152
car 0.004264324903488159 254 141 278 153
