dog 0.5409238338470459 90 81 373 278
sofa 0.0010322332382202148 76 71 499 320
person 0.00916031002998352 476 -3 500 67
pottedplant 0.0034293532371520996 475 0 499 67
person 0.6178584694862366 19 0 142 245
person 0.16940727829933167 19 1 212 246
person 0.1276499330997467 21 0 399 249
car 0.005261063575744629 54 29 457 289
cat 0.11047384142875671 89 81 374 278
sheep 0.06142312288284302 89 81 375 278
tvmonitor 0.022372186183929443 0 2 21 79
tvmonitor 0.001146942377090454 0 3 35 79
person 0.0018895864486694336 326 2 439 72
bottle 0.0076958537101745605 475 0 499 68
person 0.056032031774520874 149 0 199 43
person 0.008711427450180054 295 0 360 69
person 0.1937563717365265 295 0 401 71
