aeroplane 0.8994784951210022 92 122 500 266
aeroplane 0.0010526180267333984 464 74 499 219
aeroplane 0.013637453317642212 462 161 499 217
person 0.010986179113388062 244 208 256 232
person 0.05051475763320923 232 209 256 234
person 0.8354835510253906 250 209 278 292
person 0.019418001174926758 243 209 256 267
person 0.7759448885917664 226 220 255 293
person 0.030099451541900635 242 209 260 296
aeroplane 0.0010988116264343262 482 125 499 212
aeroplane 0.001972287893295288 384 167 500 240
person 0.002323359251022339 228 186 259 267
person 0.5717664957046509 230 185 257 241
person 0.0025508105754852295 248 197 268 235
aeroplane 0.013955414295196533 401 144 500 220
aeroplane 0.015483170747756958 458 145 499 219
