car 0.9543060064315796 88 103 439 268
car 0.651354193687439 435 99 499 275
person 0.001674354076385498 94 31 133 77
car 0.0013302266597747803 483 58 499 185
bus 0.0032476186752319336 98 97 247 146
car 0.0022873878479003906 390 98 499 163
car 0.004038453102111816 98 97 246 153
car 0.0010241866111755371 485 63 499 153
boat 0.0030045807361602783 97 97 256 145
person 0.0012943148612976074 488 68 500 99
car 0.26894259452819824 407 98 500 276
car 0.003809899091720581 91 97 254 221
car 0.001560807228088379 93 94 376 178
person 0.0010004639625549316 482 68 500 158
person 0.0013564825057983398 487 63 499 152
car 0.001264333724975586 101 123 123 147
car 0.0018676519393920898 102 119 148 147
car 0.0017410516738891602 101 120 155 160
