chair 0.0033632218837738037 28 35 399 298
person 0.0031724870204925537 173 43 301 262
person 0.16291150450706482 0 24 390 299
sofa 0.14804434776306152 0 23 394 300
person 0.7409262657165527 82 33 299 261
cat 0.0022257566452026367 124 40 276 180
dog 0.005865275859832764 178 38 290 137
cat 0.04304414987564087 184 38 289 129
dog 0.08093324303627014 180 37 295 204
cat 0.004468142986297607 141 40 279 144
cat 0.0076958537101745605 181 38 299 195
dog 0.11596250534057617 87 34 300 261
person 0.031318992376327515 74 23 297 199
cat 0.0017007291316986084 81 41 279 108
cat 0.003496825695037842 141 40 280 109
person 0.0011074244976043701 108 72 242 190
cat 0.005729943513870239 216 68 300 197
