person 0.0018103718757629395 337 0 363 58
person 0.2658802270889282 171 10 197 38
person 0.001560807228088379 96 92 108 111
car 0.007204204797744751 98 21 278 104
person 0.003751039505004883 93 93 108 133
chair 0.017848461866378784 0 123 16 180
chair 0.7476164698600769 0 123 33 177
car 0.0019419193267822266 109 23 292 142
chair 0.0064885616302490234 0 121 10 180
person 0.007606714963912964 166 7 215 60
car 0.8679343461990356 343 0 499 74
car 0.924144983291626 88 24 463 304
tvmonitor 0.004573792219161987 0 70 17 89
chair 0.0013250410556793213 0 122 9 165
person 0.04903769493103027 341 0 384 71
person 0.0012447535991668701 172 7 205 33
chair 0.009019583463668823 2 123 30 150
car 0.0024921000003814697 342 0 459 62
person 0.4397474527359009 171 9 204 64
car 0.002115577459335327 160 21 280 69
motorbike 0.0010526180267333984 210 21 305 65
