car 0.9473822116851807 0 131 416 314
person 0.003930270671844482 476 95 499 159
person 0.007373988628387451 491 100 499 160
person 0.006169408559799194 401 90 414 130
person 0.004022836685180664 418 87 436 121
pottedplant 0.14128419756889343 203 85 256 143
person 0.5755879282951355 432 91 449 116
car 0.0060506463050842285 206 84 290 139
person 0.04418569803237915 310 93 322 120
person 0.23793238401412964 322 93 333 121
car 0.0010043680667877197 0 81 16 115
chair 0.0012065470218658447 37 78 68 111
person 0.001040339469909668 0 175 5 273
person 0.0027360916137695312 294 89 306 118
person 0.8322356343269348 461 88 488 158
person 0.0010526180267333984 464 88 499 157
person 0.005774706602096558 319 92 330 120
person 0.17553958296775818 333 93 343 122
person 0.5640987157821655 340 93 352 123
car 0.016091108322143555 19 76 74 102
pottedplant 0.03321123123168945 0 94 23 175
car 0.6791782379150391 246 102 291 138
pottedplant 0.005099952220916748 0 158 6 223
person 0.81640625 415 88 442 171
person 0.003650069236755371 428 113 465 168
pottedplant 0.001560807228088379 204 52 221 90
person 0.08787891268730164 336 93 346 122
person 0.026255786418914795 362 94 372 122
car 0.0011380314826965332 26 91 292 132
person 0.0015189051628112793 416 88 439 140
person 0.004718571901321411 389 101 406 140
person 0.03488284349441528 447 92 460 115
person 0.0011336207389831543 459 89 477 148
pottedplant 0.0116862952709198 219 44 234 89
person 0.6297757029533386 397 91 414 141
person 0.05281311273574829 447 93 464 121
person 0.028437048196792603 446 93 470 150
car 0.01704654097557068 35 59 68 79
person 0.0012447535991668701 424 123 440 220
person 0.001972287893295288 291 89 303 118
person 0.027903079986572266 297 90 306 119
person 0.02333083748817444 431 90 449 157
person 0.020022839307785034 431 91 455 138
person 0.015483170747756958 315 92 326 120
person 0.023598521947860718 446 92 469 135
person 0.002074718475341797 459 90 470 155
person 0.001560807228088379 430 106 454 159
person 0.0014050006866455078 404 93 422 144
person 0.0028561055660247803 248 81 266 103
person 0.006538987159729004 255 81 268 103
pottedplant 0.004848897457122803 278 81 288 114
pottedplant 0.0012742578983306885 283 78 299 116
pottedplant 0.009821981191635132 0 184 5 223
car 0.0023052990436553955 0 62 21 101
person 0.0015487074851989746 492 112 500 182
pottedplant 0.022033512592315674 0 93 24 151
pottedplant 0.0022873878479003906 0 91 13 222
person 0.8848353028297424 424 115 466 224
person 0.0010162293910980225 494 -2 500 13
person 0.0011694133281707764 312 93 329 121
person 0.001957029104232788 366 97 374 125
person 0.0011513829231262207 389 101 401 129
car 0.025957345962524414 35 77 68 103
car 0.21076658368110657 0 80 20 96
