chair 0.0016940832138061523 110 151 357 367
chair 0.0023324191570281982 264 151 353 323
chair 0.0075772106647491455 282 245 492 411
chair 0.0037074387073516846 305 278 498 389
chair 0.6859501600265503 0 126 117 368
diningtable 0.5224458575248718 60 122 285 354
chair 0.8386808037757874 182 151 353 363
chair 0.0012350976467132568 424 78 499 159
chair 0.14706313610076904 471 61 499 175
chair 0.015129566192626953 449 77 499 173
chair 0.8714772462844849 365 67 450 187
chair 0.002746790647506714 0 37 42 228
chair 0.009448617696762085 87 121 282 244
chair 0.010409027338027954 140 122 285 242
chair 0.018616825342178345 489 96 499 187
chair 0.8933094143867493 421 79 499 194
chair 0.0663253664970398 485 65 499 171
chair 0.001674354076385498 424 105 467 161
chair 0.0019419193267822266 0 33 20 135
diningtable 0.002790004014968872 466 73 500 174
chair 0.004982620477676392 0 38 51 336
chair 0.005619615316390991 0 38 86 336
chair 0.001020193099975586 0 107 75 346
chair 0.035814911127090454 154 162 278 340
chair 0.0013147294521331787 0 194 13 304
chair 0.5717664957046509 61 122 284 323
chair 0.0021321773529052734 0 118 15 349
chair 0.0018174350261688232 111 188 253 306
chair 0.0011074244976043701 182 175 294 345
chair 0.00916031002998352 477 87 499 195
chair 0.32595008611679077 0 127 48 239
chair 0.001388639211654663 216 152 353 285
chair 0.0051396191120147705 0 125 30 317
chair 0.0021657347679138184 472 58 499 78
chair 0.0019419193267822266 472 60 500 87
chair 0.00391504168510437 289 152 353 243
chair 0.12378615140914917 171 123 283 294
chair 0.24006345868110657 0 126 48 302
