person 0.0030280649662017822 149 155 275 494
person 0.0016292035579681396 150 185 238 488
person 0.005426615476608276 0 276 144 500
person 0.5048826932907104 131 278 374 499
person 0.0013617873191833496 2 375 269 499
person 0.0021657347679138184 13 360 357 499
person 0.861068844795227 148 114 325 494
person 0.011731505393981934 5 244 22 276
person 0.002790004014968872 66 247 81 292
person 0.004944056272506714 69 247 84 283
boat 0.060083746910095215 112 150 205 212
car 0.001674354076385498 62 136 119 169
bottle 0.0018245279788970947 24 396 39 440
diningtable 0.0015307366847991943 120 330 163 364
chair 0.0010650157928466797 20 455 232 499
person 0.004022836685180664 39 281 129 427
person 0.005468875169754028 28 245 50 298
chair 0.11676490306854248 124 351 162 456
person 0.0029812753200531006 66 265 79 294
person 0.0021912753582000732 65 264 80 288
diningtable 0.0010860264301300049 23 294 72 318
diningtable 0.0016102492809295654 22 294 88 326
diningtable 0.003621727228164673 149 341 223 486
diningtable 0.0024438798427581787 100 292 159 324
bottle 0.0022170841693878174 24 359 38 434
diningtable 0.0018604099750518799 102 300 156 318
person 0.8438971638679504 42 282 131 366
person 0.014502942562103271 0 270 29 428
person 0.0012792348861694336 1 317 38 429
diningtable 0.007260352373123169 22 303 71 331
person 0.0017207860946655273 344 278 374 487
chair 0.18300914764404297 0 415 144 500
person 0.0010526180267333984 354 282 374 396
car 0.005865275859832764 124 182 206 205
diningtable 0.018904060125350952 25 329 56 359
diningtable 0.005301922559738159 93 323 166 362
person 0.0011648833751678467 115 353 160 484
person 0.05541503429412842 51 243 72 297
person 0.001178741455078125 111 249 130 289
person 0.0015307366847991943 121 251 139 287
person 0.0018604099750518799 3 245 35 296
person 0.1250624656677246 16 247 37 298
person 0.052617788314819336 109 248 129 300
person 0.0026008784770965576 0 246 9 276
person 0.0030874907970428467 13 246 35 281
person 0.0022607743740081787 29 245 49 277
person 0.0022519826889038086 71 248 83 266
person 0.006003767251968384 81 246 97 283
person 0.0014438629150390625 84 247 102 283
person 0.002969682216644287 112 248 127 282
person 0.0023506581783294678 114 249 138 282
person 0.0028228759765625 24 334 39 386
person 0.10447552800178528 97 248 119 297
diningtable 0.010571062564849854 20 315 65 355
diningtable 0.019195973873138428 98 315 160 342
bottle 0.005021452903747559 198 310 228 374
chair 0.5525398850440979 31 350 126 458
person 0.002779155969619751 21 325 39 433
bus 0.002901047468185425 147 103 199 146
diningtable 0.015013545751571655 20 310 69 332
diningtable 0.03410175442695618 101 310 159 331
person 0.002314329147338867 73 246 86 279
person 0.06754660606384277 118 250 139 300
