bird 0.0017342865467071533 0 126 12 163
car 0.004718571901321411 0 71 9 132
person 0.01182246208190918 486 185 499 308
person 0.05460202693939209 486 205 499 242
pottedplant 0.006388753652572632 390 198 499 332
car 0.9511438608169556 199 82 350 204
person 0.013848692178726196 486 171 499 256
bird 0.0020505785942077637 0 120 11 188
person 0.011596441268920898 486 139 499 250
car 0.0013995170593261719 0 66 10 102
bicycle 0.004150032997131348 204 38 226 56
person 0.0016419589519500732 192 7 204 28
dog 0.0013564825057983398 0 70 10 174
pottedplant 0.0014215409755706787 153 18 166 41
pottedplant 0.0012792348861694336 151 18 167 47
car 0.003075540065765381 0 76 9 97
