dog 0.9329444169998169 229 104 391 311
dog 0.15713486075401306 144 62 253 261
dog 0.004944056272506714 145 107 286 289
dog 0.8615355491638184 353 111 499 369
dog 0.8568100929260254 12 44 278 367
dog 0.0015729963779449463 139 94 367 302
dog 0.0013995170593261719 89 105 278 350
bird 0.0020666420459747314 96 224 288 340
dog 0.010449320077896118 100 223 282 339
dog 0.019718080759048462 92 8 282 310
dog 0.028870850801467896 9 42 253 295
dog 0.004538297653198242 144 49 296 298
cat 0.001524806022644043 141 56 242 257
