person 0.00517958402633667 174 256 494 361
person 0.009124904870986938 129 241 498 372
person 0.0019191503524780273 108 259 407 374
person 0.6297757029533386 303 75 489 255
person 0.18184199929237366 10 90 235 372
person 0.0013459324836730957 28 152 333 274
person 0.007288604974746704 203 153 476 270
person 0.08479490876197815 200 73 493 357
person 0.0028339028358459473 461 33 499 366
person 0.8572884798049927 0 82 124 372
person 0.10194334387779236 112 328 384 373
diningtable 0.0011694133281707764 40 325 499 373
person 0.008711427450180054 131 197 499 354
person 0.01627802848815918 196 228 495 351
person 0.6766197681427002 11 84 435 374
person 0.09236234426498413 200 9 490 258
person 0.0022170841693878174 99 91 233 312
person 0.0016678273677825928 135 269 374 327
person 0.1666761040687561 116 8 356 161
person 0.11047384142875671 202 8 353 161
pottedplant 0.0018103718757629395 442 130 499 367
person 0.0011603832244873047 315 251 492 344
person 0.04385673999786377 201 8 479 178
person 0.00831615924835205 188 259 360 325
bottle 0.0030162930488586426 20 236 105 279
person 0.0015130341053009033 1 229 119 371
person 0.13799899816513062 17 11 366 160
person 0.603931725025177 206 151 320 255
bottle 0.0014722347259521484 18 236 108 302
person 0.0011603832244873047 1 85 125 271
