tvmonitor 0.0015366971492767334 17 78 483 354
tvmonitor 0.0015130341053009033 485 0 499 110
tvmonitor 0.0012544989585876465 483 -1 499 205
person 0.9233152270317078 85 42 388 259
chair 0.3548809587955475 16 25 411 359
bottle 0.0011424720287322998 113 172 181 220
tvmonitor 0.012053072452545166 51 14 432 308
tvmonitor 0.005021452903747559 379 7 486 120
tvmonitor 0.0018822550773620605 477 -1 499 185
tvmonitor 0.002003192901611328 481 -1 499 94
tvmonitor 0.006438493728637695 404 7 486 165
person 0.0010567307472229004 305 152 386 257
tvmonitor 0.001069188117980957 467 0 499 180
