chair 0.0022873878479003906 3 215 111 331
person 0.003185272216796875 269 126 499 275
person 0.038609206676483154 411 126 499 283
person 0.0015010833740234375 0 73 72 328
person 0.001146942377090454 0 97 155 328
sofa 0.04418569803237915 335 127 500 330
sofa 0.47365719079971313 387 127 499 331
sofa 0.6029970049858093 245 126 499 317
person 0.001972287893295288 0 66 29 330
sofa 0.002501755952835083 0 98 162 328
car 0.03321123123168945 162 87 196 109
tvmonitor 0.001225501298904419 0 13 87 144
chair 0.0015853047370910645 0 110 27 332
chair 0.001020193099975586 388 200 500 331
tvmonitor 0.0013044774532318115 0 98 152 240
tvmonitor 0.019122570753097534 0 99 165 312
chair 0.0011292099952697754 414 122 499 311
bottle 0.001040339469909668 80 300 111 331
chair 0.0017007291316986084 460 122 499 327
chair 0.002958148717880249 9 270 109 331
chair 0.009375691413879395 9 302 110 331
person 0.0012943148612976074 436 123 499 340
person 0.001957029104232788 455 120 499 332
bottle 0.00822022557258606 10 301 111 331
bottle 0.20689427852630615 55 304 111 331
person 0.0028897523880004883 477 113 499 271
person 0.0011603832244873047 461 120 499 279
chair 0.018125414848327637 225 121 324 228
