chair 0.004573792219161987 404 129 499 371
person 0.9145961999893188 231 90 290 265
diningtable 0.005980461835861206 149 261 498 373
pottedplant 0.3702242970466614 286 144 439 292
chair 0.006930291652679443 389 131 499 301
chair 0.02245756983757019 447 130 499 360
person 0.0045206546783447266 293 154 338 247
person 0.0014104843139648438 477 117 499 270
person 0.004364967346191406 72 97 137 157
pottedplant 0.0033501386642456055 209 127 230 176
bottle 0.002958148717880249 109 183 124 215
chair 0.0025508105754852295 475 121 499 276
person 0.0014104843139648438 491 119 499 279
chair 0.01094403862953186 276 186 317 248
person 0.01994621753692627 85 101 187 175
pottedplant 0.0022519826889038086 206 115 233 184
person 0.18594691157341003 94 98 135 156
person 0.19193220138549805 92 102 174 157
bird 0.004331141710281372 464 131 499 195
person 0.001040339469909668 64 95 109 159
chair 0.0026727914810180664 279 147 317 237
chair 0.004086285829544067 481 168 499 288
chair 0.001178741455078125 476 141 499 370
person 0.0011424720287322998 62 99 78 147
pottedplant 0.008445650339126587 57 139 80 179
tvmonitor 0.6011253595352173 71 89 190 179
chair 0.004736989736557007 465 60 499 312
person 0.0011603832244873047 1 9 28 36
chair 0.07343220710754395 216 164 246 258
person 0.049402832984924316 130 103 175 158
chair 0.001524806022644043 492 159 499 292
chair 0.01956745982170105 214 165 259 264
chair 0.010652929544448853 271 193 317 258
dog 0.004573792219161987 291 154 338 226
pottedplant 0.0360853374004364 0 0 28 36
chair 0.1716175377368927 463 130 499 288
pottedplant 0.0023324191570281982 283 153 335 241
pottedplant 0.525368869304657 91 40 159 81
pottedplant 0.0038546323776245117 332 145 434 250
cat 0.0018245279788970947 282 153 335 221
pottedplant 0.003123670816421509 57 218 69 240
