boat 0.07185441255569458 169 215 279 276
boat 0.23092201352119446 170 215 497 276
bird 0.0012302696704864502 463 264 499 292
bird 0.002453356981277466 475 261 499 293
bird 0.0015071630477905273 494 257 500 299
person 0.0018604099750518799 218 233 231 256
person 0.018474966287612915 215 236 229 257
boat 0.006589770317077637 173 247 413 276
person 0.004982620477676392 212 239 234 261
boat 0.21535086631774902 169 215 239 276
boat 0.06608361005783081 170 214 364 276
boat 0.03501462936401367 172 250 237 276
