tvmonitor 0.009019583463668823 464 114 499 373
tvmonitor 0.0023875534534454346 303 218 499 373
tvmonitor 0.1212683916091919 305 112 499 374
tvmonitor 0.0016548335552215576 302 276 499 373
tvmonitor 0.9219237565994263 90 90 313 323
tvmonitor 0.008000344038009644 0 48 33 209
tvmonitor 0.0031976401805877686 0 60 51 209
person 0.03234308958053589 452 47 500 111
tvmonitor 0.006850332021713257 424 32 499 218
tvmonitor 0.15558895468711853 423 32 500 123
chair 0.0014438629150390625 466 179 499 374
person 0.17724153399467468 231 185 273 250
person 0.0010485053062438965 486 185 499 279
tvmonitor 0.0012018680572509766 465 30 499 97
tvmonitor 0.001489490270614624 74 144 96 208
tvmonitor 0.03649437427520752 450 40 499 117
tvmonitor 0.0020991265773773193 450 120 499 264
