car 0.9019226431846619 71 38 432 320
person 0.004645615816116333 65 19 91 61
person 0.18713223934173584 177 16 199 45
person 0.002199828624725342 207 24 222 39
person 0.028329521417617798 211 25 222 38
person 0.422504723072052 375 13 397 44
person 0.0031724870204925537 442 28 462 49
person 0.0013044774532318115 450 29 462 49
person 0.22953715920448303 44 15 65 89
person 0.0012447535991668701 339 58 368 87
person 0.0021742284297943115 69 25 92 65
car 0.10374632477760315 383 42 499 106
person 0.013021320104598999 258 54 341 114
bicycle 0.006564319133758545 153 35 198 67
bicycle 0.0045206546783447266 158 18 200 60
person 0.0013778507709503174 210 24 222 42
car 0.004645615816116333 425 40 502 102
person 0.004718571901321411 437 31 461 49
person 0.0011558830738067627 84 47 100 88
person 0.01342916488647461 263 55 322 109
person 0.005199640989303589 405 11 428 103
car 0.004645615816116333 437 35 459 50
person 0.003635883331298828 493 1 500 101
pottedplant 0.0012447535991668701 20 17 67 79
person 0.15304052829742432 59 24 75 80
car 0.0011513829231262207 95 35 412 107
bicycle 0.03397315740585327 152 24 200 65
person 0.002341538667678833 159 18 200 54
car 0.014173001050949097 361 30 413 92
person 0.8459442853927612 406 10 438 104
person 0.007065832614898682 404 12 454 106
bicycle 0.0013564825057983398 68 34 134 101
bicycle 0.25683075189590454 116 39 135 87
car 0.81640625 361 30 499 103
car 0.011596441268920898 463 48 499 109
car 0.006692379713058472 490 47 499 108
bicycle 0.0016292035579681396 147 44 166 75
person 0.8918098211288452 454 0 499 109
person 0.0015010833740234375 80 26 98 124
car 0.03875422477722168 361 21 439 99
person 0.0026727914810180664 84 39 98 127
person 0.008478313684463501 490 0 499 63
person 0.007316946983337402 44 15 64 50
person 0.04831570386886597 61 11 78 63
bicycle 0.005532950162887573 116 40 159 87
person 0.07807624340057373 62 11 80 42
bicycle 0.0051396191120147705 133 43 168 78
person 0.0250818133354187 63 11 85 50
person 0.0030280649662017822 63 11 93 65
person 0.0013044774532318115 55 12 75 33
person 0.0723770260810852 63 11 78 32
person 0.8344064950942993 66 23 97 124
person 0.37570610642433167 178 59 238 110
car 0.003324180841445923 403 9 461 101
car 0.001012265682220459 426 2 499 102
person 0.7690780162811279 313 6 341 58
person 0.0017615854740142822 406 8 456 66
person 0.018194735050201416 62 13 77 83
person 0.0020991265773773193 492 39 499 105
bicycle 0.0021657347679138184 96 38 127 78
bicycle 0.2450861930847168 149 40 177 77
motorbike 0.003063589334487915 102 82 132 124
car 0.001554727554321289 416 54 462 105
car 0.007373988628387451 480 51 499 111
car 0.001225501298904419 418 31 462 70
person 0.0013147294521331787 457 9 482 106
car 0.001432657241821289 102 85 131 126
car 0.001972287893295288 485 62 499 110
bicycle 0.00462755560874939 15 80 47 122
