bicycle 0.00284498929977417 463 71 499 361
bicycle 0.9001824855804443 0 60 465 314
pottedplant 0.005021452903747559 445 102 499 238
person 0.0032476186752319336 409 41 500 181
person 0.003222525119781494 443 32 499 225
person 0.004007279872894287 471 23 499 242
person 0.00803142786026001 441 33 499 155
person 0.0026110410690307617 468 32 499 126
person 0.014841258525848389 470 -3 499 198
person 0.014727562665939331 443 0 499 110
car 0.0015426874160766602 46 39 472 309
person 0.013689994812011719 463 37 499 341
person 0.011287689208984375 440 30 499 116
person 0.0013044774532318115 433 61 459 116
bird 0.0022519826889038086 302 39 327 73
pottedplant 0.0018969178199768066 223 155 264 201
person 0.029648125171661377 469 -11 499 107
person 0.001477956771850586 460 86 499 278
person 0.02748247981071472 467 8 499 91
person 0.001674354076385498 409 72 458 124
boat 0.001560807228088379 469 10 499 87
pottedplant 0.0013564825057983398 460 162 500 270
