horse 0.001264333724975586 72 130 128 224
horse 0.9449928402900696 147 124 313 275
horse 0.852936863899231 265 137 370 247
person 0.5058591365814209 368 156 384 194
person 0.0013147294521331787 493 125 500 216
person 0.010368883609771729 75 113 114 197
person 0.010611921548843384 82 114 118 163
person 0.3665890693664551 286 101 318 168
person 0.8902919292449951 201 74 253 205
horse 0.0022519826889038086 229 109 316 200
person 0.03622123599052429 242 100 318 198
person 0.8757897019386292 73 113 133 201
person 0.0019954144954681396 268 261 295 333
person 0.0396362841129303 265 100 318 200
person 0.47852879762649536 283 101 318 197
horse 0.0016940832138061523 248 119 359 216
horse 0.003123670816421509 169 127 356 248
horse 0.8910531997680664 83 134 120 234
horse 0.010571062564849854 342 164 413 241
person 0.006692379713058472 211 74 254 142
horse 0.004150032997131348 211 124 315 279
horse 0.0026212334632873535 269 142 326 246
horse 0.8333238959312439 342 165 413 215
person 0.01771247386932373 272 101 315 167
horse 0.0016613304615020752 267 119 318 239
horse 0.0026110410690307617 310 138 371 217
person 0.07503995299339294 288 101 309 134
