chair 0.011158108711242676 0 211 102 344
sofa 0.0010043680667877197 0 174 352 344
person 0.009784013032913208 0 117 318 344
person 0.0010775625705718994 236 32 465 268
person 0.007176309823989868 0 14 358 343
chair 0.05521073937416077 0 176 154 294
person 0.8013148307800293 145 36 463 345
person 0.0042809247970581055 416 78 499 344
tvmonitor 0.01949256658554077 226 15 279 53
person 0.0028784871101379395 239 98 268 129
bottle 0.0076660215854644775 249 99 271 128
tvmonitor 0.0013096034526824951 196 0 331 66
tvmonitor 0.013795614242553711 196 7 283 56
bottle 0.0011971890926361084 410 117 427 141
bottle 0.0014722347259521484 450 117 499 139
bottle 0.001264333724975586 417 115 492 144
bottle 0.0035518109798431396 438 117 498 143
bottle 0.0031358301639556885 237 103 273 150
chair 0.0011292099952697754 212 99 286 262
