aeroplane 0.0017684698104858398 20 147 494 215
aeroplane 0.001040339469909668 485 68 499 158
aeroplane 0.006193429231643677 470 127 499 149
aeroplane 0.003795117139816284 488 124 499 149
aeroplane 0.001674354076385498 184 136 213 149
aeroplane 0.005343139171600342 109 133 149 149
boat 0.014282047748565674 288 50 316 64
aeroplane 0.001040339469909668 484 152 499 179
aeroplane 0.0013564825057983398 466 124 499 178
aeroplane 0.0012496113777160645 0 133 21 188
aeroplane 0.047247886657714844 64 56 110 74
aeroplane 0.0010362863540649414 0 134 37 182
aeroplane 0.006217539310455322 0 134 21 156
aeroplane 0.0010485053062438965 459 120 499 150
aeroplane 0.004700213670730591 177 136 210 149
aeroplane 0.0018604099750518799 181 63 234 74
boat 0.0011336207389831543 227 61 315 74
aeroplane 0.004399091005325317 49 89 157 150
aeroplane 0.11124423146247864 94 56 131 74
aeroplane 0.0021912753582000732 95 57 166 74
aeroplane 0.0014104843139648438 182 64 206 73
aeroplane 0.8973388671875 7 88 488 214
aeroplane 0.0029812753200531006 484 130 499 150
aeroplane 0.005888134241104126 0 139 10 155
aeroplane 0.00822022557258606 0 137 14 156
aeroplane 0.0038546323776245117 479 99 499 154
aeroplane 0.001674354076385498 0 124 18 162
aeroplane 0.001674354076385498 469 137 499 151
aeroplane 0.001040339469909668 0 182 23 194
aeroplane 0.00257071852684021 484 137 499 150
aeroplane 0.0010362863540649414 0 186 23 194
aeroplane 0.001455157995223999 490 140 499 151
car 0.00394555926322937 192 195 259 213
aeroplane 0.005080223083496094 484 110 499 145
aeroplane 0.0024824440479278564 494 114 499 137
aeroplane 0.0010650157928466797 0 128 8 154
aeroplane 0.001111745834350586 4 132 16 155
aeroplane 0.15052726864814758 62 56 132 75
boat 0.0011971890926361084 172 55 318 75
aeroplane 0.0034696757793426514 106 124 150 149
aeroplane 0.0011694133281707764 0 142 24 206
aeroplane 0.001335442066192627 0 143 37 205
aeroplane 0.0014104843139648438 465 125 499 213
boat 0.0011603832244873047 0 65 38 97
car 0.002501755952835083 193 193 236 213
