motorbike 0.8832350969314575 63 97 355 302
person 0.0010162293910980225 341 83 382 157
bicycle 0.005911082029342651 207 94 296 150
pottedplant 0.001069188117980957 0 132 51 232
bicycle 0.003736436367034912 163 101 276 206
pottedplant 0.02931046485900879 42 173 64 190
person 0.0022785067558288574 345 82 382 131
pottedplant 0.0018676519393920898 388 182 410 215
person 0.001225501298904419 346 84 382 117
bicycle 0.0022873878479003906 153 102 301 253
motorbike 0.0012350976467132568 159 102 287 242
bicycle 0.00135117769241333 39 173 65 202
motorbike 0.001455157995223999 162 95 327 262
person 0.0013995170593261719 494 180 500 258
