car 0.9606599807739258 240 178 496 297
bus 0.930708646774292 100 110 346 240
car 0.949672281742096 1 176 148 312
person 0.0031115710735321045 111 162 141 193
car 0.002641737461090088 215 183 292 210
car 0.0010322332382202148 251 177 309 213
person 0.027587056159973145 111 142 142 193
person 0.003416001796722412 495 161 499 294
bus 0.6270391345024109 2 112 96 214
person 0.1347770094871521 387 194 403 223
person 0.0015130341053009033 494 158 499 232
person 0.0013044774532318115 304 192 351 215
person 0.0034027397632598877 336 194 351 213
car 0.787930965423584 207 182 300 258
person 0.019269704818725586 385 192 419 225
car 0.0010004639625549316 2 177 98 226
bus 0.0010043680667877197 99 170 262 240
