diningtable 0.732591450214386 2 236 499 374
person 0.00106087327003479 466 97 499 372
person 0.0023324191570281982 0 154 345 327
diningtable 0.006413578987121582 0 244 498 513
chair 0.005119770765304565 0 169 283 322
person 0.0011336207389831543 6 109 302 322
person 0.0024438798427581787 55 156 376 305
diningtable 0.003389507532119751 0 163 62 318
person 0.007816284894943237 478 70 499 287
chair 0.43110501766204834 0 170 106 320
tvmonitor 0.0015487074851989746 211 25 250 52
person 0.0022170841693878174 279 79 365 213
bottle 0.0022519826889038086 463 69 478 110
person 0.2620844841003418 238 76 347 214
person 0.002725452184677124 58 70 142 176
bottle 0.00257071852684021 368 242 389 325
person 0.0021827220916748047 100 70 143 173
bottle 0.13661038875579834 453 69 467 111
person 0.0013459324836730957 286 79 401 245
chair 0.0012065470218658447 0 138 104 265
person 0.9043107628822327 15 44 139 172
chair 0.0011513829231262207 481 149 499 280
person 0.8820229172706604 237 80 401 257
person 0.0019266009330749512 492 138 500 283
person 0.9360548257827759 82 53 309 319
bottle 0.005597800016403198 490 174 500 284
chair 0.019269704818725586 0 167 21 372
bottle 0.0020346641540527344 0 37 7 132
bottle 0.006463468074798584 485 185 499 281
bottle 0.0022963285446166992 0 190 17 373
bottle 0.0013995170593261719 195 222 212 249
bottle 0.0013995170593261719 0 22 9 146
person 0.3098579943180084 101 70 142 128
tvmonitor 0.001489490270614624 200 23 251 54
chair 0.024421334266662598 0 206 22 312
bottle 0.001964658498764038 368 241 389 297
bottle 0.15713486075401306 444 160 455 197
person 0.0033112764358520508 370 74 415 135
bottle 0.004297584295272827 0 284 9 374
bottle 0.003884732723236084 482 159 499 281
chair 0.016530483961105347 0 141 23 313
person 0.0011248290538787842 396 78 415 133
chair 0.0037074387073516846 0 130 17 170
chair 0.001178741455078125 0 222 17 379
chair 0.0010043680667877197 396 161 495 234
bottle 0.03488284349441528 436 159 447 196
person 0.002415567636489868 0 138 48 316
tvmonitor 0.008915573358535767 0 130 17 170
chair 0.0025310516357421875 0 163 65 309
person 0.016786664724349976 238 137 373 251
person 0.002901047468185425 286 84 341 181
chair 0.004247784614562988 0 149 45 309
bottle 0.0022873878479003906 0 232 12 374
person 0.0012350976467132568 215 52 224 67
chair 0.002003192901611328 351 192 386 245
bottle 0.0011424720287322998 474 165 499 284
bottle 0.004364967346191406 492 162 500 287
person 0.0028009116649627686 238 136 322 215
