car 0.4167965054512024 0 80 60 331
car 0.924144983291626 0 88 203 221
car 0.9591560363769531 45 92 360 291
person 0.0025212466716766357 492 116 500 214
car 0.00131988525390625 446 79 482 125
person 0.042883336544036865 50 63 89 115
person 0.0012302696704864502 50 63 112 125
person 0.0023875534534454346 271 121 291 145
car 0.0034832358360290527 400 88 429 100
car 0.0032602250576019287 398 88 436 103
car 0.22135034203529358 144 85 214 117
car 0.001367121934890747 150 89 258 127
car 0.1097080409526825 240 83 318 114
car 0.05203595757484436 238 85 342 118
car 0.0012943148612976074 300 87 359 118
person 0.0017275214195251465 36 69 72 113
car 0.009860128164291382 331 92 443 148
car 0.0010485053062438965 0 90 84 160
car 0.7981867790222168 440 94 478 128
car 0.18713223934173584 465 92 486 118
person 0.010735392570495605 0 97 11 123
person 0.03032785654067993 0 92 22 123
car 0.912433922290802 320 93 429 170
person 0.005619615316390991 65 100 108 126
car 0.603931725025177 398 92 457 143
person 0.008711427450180054 87 101 111 126
car 0.0027042627334594727 489 171 499 204
car 0.0024438798427581787 293 85 317 107
car 0.022033512592315674 143 88 244 138
car 0.002140522003173828 169 89 323 140
car 0.0027042627334594727 295 86 340 112
car 0.008611321449279785 210 87 327 135
car 0.009195834398269653 298 92 342 118
car 0.022976040840148926 233 86 356 127
car 0.005199640989303589 314 90 356 117
car 0.0010362863540649414 244 89 424 146
car 0.009821981191635132 306 93 361 119
person 0.39793843030929565 332 78 357 114
car 0.11716783046722412 351 93 459 142
car 0.002199828624725342 342 91 399 115
car 0.0016355812549591064 397 89 429 109
car 0.004118025302886963 449 89 484 122
car 0.23092201352119446 459 89 486 118
car 0.001335442066192627 86 90 250 166
car 0.01704654097557068 490 173 499 223
car 0.001560807228088379 0 95 43 326
person 0.6020615696907043 50 62 89 94
person 0.0019799768924713135 492 144 499 269
person 0.008881211280822754 50 62 108 105
car 0.0034832358360290527 286 91 344 123
car 0.0023690462112426758 490 160 499 266
car 0.0021321773529052734 317 98 354 117
car 0.25683075189590454 0 92 42 170
car 0.003496825695037842 331 96 418 128
car 0.009124904870986938 98 87 214 143
car 0.017577439546585083 135 86 217 140
car 0.0025508105754852295 136 95 284 145
car 0.0011694133281707764 242 90 374 153
car 0.09106162190437317 471 93 486 118
car 0.0010860264301300049 290 94 389 149
person 0.0012544989585876465 494 111 499 135
car 0.0046637654304504395 292 86 343 119
car 0.027274370193481445 315 100 342 118
car 0.10123014450073242 441 96 458 138
car 0.005774706602096558 334 96 409 117
car 0.002406179904937744 464 96 484 125
person 0.0010362863540649414 0 89 12 161
car 0.019869893789291382 243 84 312 100
car 0.02186596393585205 245 83 318 106
car 0.001466512680053711 357 90 395 101
person 0.01444736123085022 207 82 216 97
person 0.02112632989883423 208 79 218 97
person 0.005752265453338623 174 105 230 138
person 0.0020585954189300537 210 109 236 137
person 0.0031724870204925537 211 109 262 138
car 0.011030197143554688 491 167 499 214
car 0.01518791913986206 491 177 499 203
person 0.0011603832244873047 0 93 16 123
car 0.019418001174926758 0 92 41 124
person 0.004736989736557007 50 66 70 95
person 0.007260352373123169 50 62 76 117
person 0.006692379713058472 145 71 180 105
person 0.0013250410556793213 214 109 246 137
person 0.04603534936904907 234 109 277 141
person 0.5832034945487976 36 69 54 103
person 0.003123670816421509 47 69 62 95
person 0.0012159943580627441 253 117 292 143
person 0.33112019300460815 144 72 166 92
car 0.0011336207389831543 313 99 366 131
