pottedplant 0.8278263807296753 0 174 51 343
diningtable 0.003524214029312134 147 226 245 289
diningtable 0.008511096239089966 175 227 245 288
tvmonitor 0.0015189051628112793 207 197 239 234
tvmonitor 0.0016678273677825928 98 85 250 203
pottedplant 0.003780364990234375 0 179 5 255
pottedplant 0.0021321773529052734 0 180 21 266
chair 0.0015366971492767334 171 228 227 264
pottedplant 0.0019343793392181396 0 205 21 326
chair 0.05749580264091492 168 226 230 295
pottedplant 0.10302171111106873 0 253 31 344
chair 0.0723770260810852 195 225 228 293
chair 0.8984138369560242 148 232 212 309
chair 0.021534323692321777 196 226 226 265
chair 0.0018388032913208008 197 223 245 261
pottedplant 0.00517958402633667 0 176 4 296
chair 0.006903529167175293 103 201 189 253
pottedplant 0.001432657241821289 0 181 22 302
chair 0.6584183573722839 197 223 246 298
pottedplant 0.003635883331298828 0 178 6 331
pottedplant 0.002935171127319336 0 251 29 299
pottedplant 0.021370261907577515 0 200 32 343
pottedplant 0.0015189051628112793 0 66 51 337
chair 0.0015977323055267334 281 242 351 278
chair 0.0010241866111755371 181 201 218 239
chair 0.0010241866111755371 178 219 211 244
chair 0.0018245279788970947 182 221 220 245
chair 0.013742715120315552 196 224 229 249
sofa 0.005957245826721191 105 201 198 254
pottedplant 0.016091108322143555 0 175 51 273
pottedplant 0.006876885890960693 0 185 10 337
pottedplant 0.00564149022102356 0 165 6 261
chair 0.004591643810272217 105 204 157 255
chair 0.001455157995223999 165 210 213 244
