person 0.0075772106647491455 149 193 165 224
person 0.015483170747756958 152 192 169 223
person 0.0030398666858673096 167 188 189 233
person 0.01704654097557068 231 174 276 233
person 0.0069841742515563965 296 179 320 243
person 0.0013147294521331787 324 180 337 242
person 0.001680910587310791 463 178 498 242
person 0.0045206546783447266 217 202 243 234
bicycle 0.004681944847106934 170 215 194 252
person 0.0026212334632873535 259 180 278 249
bicycle 0.004231303930282593 433 256 500 306
bicycle 0.0034293532371520996 452 255 499 309
bicycle 0.0021742284297943115 462 243 499 310
bicycle 0.002199828624725342 488 227 500 313
bicycle 0.5755879282951355 376 230 428 296
bicycle 0.7634811401367188 111 228 158 319
person 0.0026727914810180664 493 186 500 254
bicycle 0.0018388032913208008 132 221 172 278
person 0.004700213670730591 141 191 164 277
person 0.06324738264083862 151 192 173 266
bicycle 0.0017547309398651123 486 209 500 310
person 0.6477978229522705 169 187 190 254
person 0.01627802848815918 491 171 499 308
bicycle 0.005576103925704956 114 229 144 320
bicycle 0.005040973424911499 137 225 159 303
bicycle 0.0023690462112426758 218 229 256 297
bicycle 0.02104562520980835 252 227 279 297
bicycle 0.1841798722743988 265 225 294 279
bicycle 0.7279752492904663 297 233 348 302
bicycle 0.004247784614562988 328 225 371 284
bicycle 0.0024824440479278564 457 211 499 312
person 0.02056744694709778 216 207 239 253
bicycle 0.010249316692352295 130 236 155 308
person 0.007316946983337402 217 187 257 284
person 0.001524806022644043 298 182 331 249
bicycle 0.0022519826889038086 115 220 181 314
person 0.007038503885269165 263 182 282 205
bicycle 0.498046875 220 229 274 306
person 0.0012842416763305664 325 180 341 221
bicycle 0.0012018680572509766 335 219 375 285
bicycle 0.8633896112442017 429 233 499 313
person 0.012674123048782349 170 187 189 224
bicycle 0.0012842416763305664 429 228 500 370
person 0.12002691626548767 264 182 286 227
bird 0.004538297653198242 354 60 368 80
person 0.0010567307472229004 213 201 241 268
person 0.0031976401805877686 264 182 280 199
bicycle 0.001388639211654663 137 222 169 291
person 0.003824770450592041 217 229 267 300
person 0.6636692881584167 325 180 353 282
bicycle 0.012528061866760254 251 225 289 297
person 0.7969253063201904 457 178 499 304
person 0.0011424720287322998 169 211 191 252
person 0.006241738796234131 218 229 244 287
person 0.047604769468307495 216 206 240 277
person 0.009746164083480835 218 228 251 295
person 0.010368883609771729 318 184 339 290
bicycle 0.023598521947860718 320 231 355 286
person 0.8092765808105469 111 173 161 309
bicycle 0.059427469968795776 166 198 205 253
bicycle 0.0017275214195251465 329 229 405 287
person 0.004247784614562988 464 198 499 310
person 0.014502942562103271 487 187 499 314
person 0.7549138069152832 227 174 279 302
person 0.7341197729110718 298 180 333 291
person 0.8783152103424072 365 179 400 291
bicycle 0.5755879282951355 148 219 184 279
bicycle 0.32082176208496094 171 214 216 253
bicycle 0.0011160969734191895 214 211 243 258
person 0.0034027397632598877 299 181 350 286
person 0.0012943148612976074 137 181 161 281
person 0.013480961322784424 153 190 180 268
person 0.0017753839492797852 190 202 211 235
person 0.010328888893127441 194 196 211 230
person 0.0013459324836730957 221 187 247 266
person 0.006538987159729004 380 178 403 290
person 0.0010444223880767822 179 194 213 247
person 0.04240426421165466 260 180 281 289
person 0.34158164262771606 264 182 288 271
person 0.04418569803237915 158 188 188 253
