person 0.009124904870986938 -3 60 310 373
person 0.0016102492809295654 0 54 78 371
bird 0.0011694133281707764 465 95 499 141
bird 0.00421491265296936 475 84 499 146
bird 0.8606008291244507 385 250 432 310
person 0.024235934019088745 272 -69 500 78
person 0.019984513521194458 299 -66 505 51
person 0.010170340538024902 342 -67 510 71
bicycle 0.0031115710735321045 0 -65 441 114
bicycle 0.0019876956939697266 3 -84 494 149
bird 0.732591450214386 40 298 77 356
person 0.07503995299339294 51 -80 496 147
bird 0.010776817798614502 386 265 432 349
bird 0.004182338714599609 395 292 432 348
bird 0.821043848991394 0 113 313 228
chair 0.0023968517780303955 0 0 86 115
bird 0.040386855602264404 151 28 174 57
person 0.010249316692352295 332 0 442 142
person 0.018334269523620605 363 0 436 143
bicycle 0.0018969178199768066 0 -3 406 115
person 0.06097537279129028 311 0 500 144
person 0.15304052829742432 370 0 499 146
bird 0.0030995309352874756 0 0 85 118
bottle 0.003976315259933472 280 127 324 183
bird 0.003960907459259033 469 58 499 152
bird 0.0012692809104919434 460 51 499 147
bird 0.0015010833740234375 0 297 78 374
