sofa 0.001225501298904419 0 115 299 222
person 0.001477956771850586 0 24 42 205
sofa 0.8198937177658081 0 25 299 205
person 0.13846442103385925 272 21 299 174
dog 0.03919273614883423 273 50 299 208
boat 0.0016228556632995605 149 167 193 189
dog 0.0013778507709503174 277 83 299 223
bird 0.037469178438186646 148 166 190 189
chair 0.006169408559799194 0 64 38 210
dog 0.04778146743774414 272 68 299 172
person 0.001432657241821289 260 62 299 172
person 0.0017684698104858398 282 85 299 175
bottle 0.001028209924697876 0 34 42 186
