cat 0.002901047468185425 448 29 499 283
bird 0.9066517353057861 50 112 299 256
bird 0.0026008784770965576 0 30 88 151
bird 0.0020425915718078613 0 39 87 212
bird 0.0023690462112426758 0 8 26 200
bird 0.0019494593143463135 0 13 57 187
pottedplant 0.006615281105041504 0 0 137 134
bird 0.0015977323055267334 0 4 133 228
bird 0.0019876956939697266 155 111 299 234
bird 0.0015487074851989746 0 46 14 161
bird 0.00131988525390625 0 87 41 197
bird 0.0013147294521331787 0 1 37 134
pottedplant 0.004007279872894287 0 0 51 71
bird 0.002115577459335327 0 4 43 170
pottedplant 0.006193429231643677 0 0 33 66
bird 0.002590775489807129 429 74 499 270
