person 0.003524214029312134 55 199 172 344
sheep 0.014898449182510376 18 86 244 335
sheep 0.6636692881584167 134 88 245 234
sheep 0.011418908834457397 76 86 246 305
person 0.0013147294521331787 40 94 171 345
sheep 0.0015487074851989746 31 86 242 237
chair 0.0010817945003509521 294 10 323 61
dog 0.005002021789550781 450 9 485 56
dog 0.0010083019733428955 468 10 485 55
person 0.9346367120742798 14 23 203 337
bottle 0.0021912753582000732 431 217 450 245
bottle 0.0011248290538787842 436 216 451 244
sheep 0.0097084641456604 410 130 431 147
bicycle 0.010611921548843384 249 3 497 260
bird 0.029872894287109375 410 131 431 147
bottle 0.0016548335552215576 423 219 459 251
bottle 0.004450768232345581 424 216 462 245
bird 0.0064885616302490234 450 9 485 54
bird 0.0013778507709503174 470 10 485 54
bird 0.0030995309352874756 450 0 476 28
