person 0.9158100485801697 71 104 334 499
person 0.0011336207389831543 59 161 230 498
person 0.031796813011169434 292 322 374 497
chair 0.001020193099975586 58 440 318 499
person 0.1835937798023224 297 164 374 475
bottle 0.11919951438903809 38 262 48 295
person 0.0015130341053009033 200 147 306 250
bottle 0.07185441255569458 80 257 91 296
person 0.10894683003425598 223 153 300 253
person 0.6242939233779907 253 157 301 242
person 0.014173001050949097 305 206 332 244
pottedplant 0.0015977323055267334 1 349 30 402
person 0.7272009253501892 300 164 374 354
bottle 0.012772411108016968 36 335 60 386
bottle 0.0011694133281707764 69 326 83 367
person 0.5602525472640991 225 183 289 258
pottedplant 0.0010988116264343262 4 437 110 500
bottle 0.002779155969619751 52 261 70 299
bottle 0.07159435749053955 68 259 83 297
bottle 0.02748247981071472 91 256 101 295
bottle 0.0018969178199768066 280 203 303 259
bottle 0.002725452184677124 27 487 47 499
bottle 0.01994621753692627 92 256 102 275
bottle 0.0018245279788970947 94 256 104 269
bottle 0.0012065470218658447 104 253 113 264
person 0.022372186183929443 0 332 41 501
person 0.005240768194198608 250 182 300 243
person 0.09807735681533813 253 156 292 201
bottle 0.1451161801815033 62 258 78 299
bottle 0.08269482851028442 72 257 86 297
bottle 0.0967058539390564 85 257 97 297
pottedplant 0.0015189051628112793 69 317 87 359
pottedplant 0.005685538053512573 0 333 39 501
bottle 0.19012126326560974 46 261 59 301
bottle 0.0019117295742034912 24 431 42 494
bottle 0.07396480441093445 82 257 95 295
bottle 0.00790780782699585 25 480 46 499
bottle 0.0020346641540527344 39 262 53 301
person 0.03622123599052429 66 261 82 298
person 0.012528061866760254 244 184 289 253
