chair 0.0013147294521331787 398 118 499 331
sofa 0.0016874969005584717 0 192 194 332
sofa 0.0017893016338348389 0 175 303 332
sofa 0.003298431634902954 6 226 396 332
person 0.5869963765144348 120 50 499 331
person 0.006823897361755371 243 57 500 332
person 0.23231258988380432 8 152 345 285
person 0.0018245279788970947 343 94 499 331
person 0.002074718475341797 0 120 55 331
person 0.00276830792427063 409 86 499 330
person 0.20946994423866272 6 152 384 332
chair 0.0026110410690307617 186 44 309 156
chair 0.01292121410369873 140 43 272 208
chair 0.005119770765304565 153 44 303 245
bottle 0.0016940832138061523 477 232 499 335
bottle 0.0022607743740081787 486 229 500 334
chair 0.007938534021377563 288 0 493 91
chair 0.1343218982219696 288 0 499 206
person 0.0012447535991668701 32 203 283 266
chair 0.001957029104232788 412 0 499 238
chair 0.03137829899787903 140 41 461 288
chair 0.0013302266597747803 485 256 499 333
chair 0.0010485053062438965 0 178 25 281
chair 0.19497978687286377 288 0 499 328
person 0.00831615924835205 477 113 499 331
chair 0.010818421840667725 190 44 263 104
person 0.0010241866111755371 0 193 43 332
person 0.0011248290538787842 150 198 380 278
person 0.0023968517780303955 154 190 383 321
chair 0.0025409162044525146 189 43 328 105
person 0.0026212334632873535 179 152 384 331
chair 0.007786005735397339 0 138 57 332
chair 0.0013778507709503174 469 165 499 331
chair 0.004022836685180664 477 147 499 331
chair 0.0015668869018554688 397 0 499 170
sofa 0.04995569586753845 4 35 488 337
chair 0.08725422620773315 2 43 488 333
person 0.006339401006698608 34 171 258 263
person 0.004609555006027222 122 163 346 259
person 0.004503071308135986 221 193 334 258
person 0.0013147294521331787 69 171 250 232
person 0.0013250410556793213 243 65 460 255
