car 0.006339401006698608 124 128 289 316
car 0.825588047504425 0 125 291 332
person 0.002560734748840332 98 123 304 305
car 0.0020991265773773193 486 133 500 194
car 0.0017410516738891602 0 93 102 134
bus 0.11596250534057617 45 88 91 108
bicycle 0.003795117139816284 28 85 155 135
pottedplant 0.001554727554321289 75 120 144 176
car 0.0017547309398651123 386 139 397 160
motorbike 0.0030516982078552246 387 140 406 160
pottedplant 0.0030398666858673096 255 211 294 299
person 0.0014050006866455078 84 147 146 177
person 0.0013250410556793213 105 148 136 176
car 0.0010817945003509521 0 95 139 221
person 0.41869673132896423 215 116 298 304
train 0.0013147294521331787 0 103 104 133
person 0.4455294609069824 241 115 299 303
person 0.0012350976467132568 170 77 356 309
bicycle 0.004264324903488159 2 89 140 134
bus 0.9291808009147644 170 72 387 179
boat 0.0018822550773620605 257 178 312 297
person 0.007148534059524536 188 252 264 326
person 0.006564319133758545 390 141 406 160
car 0.001674354076385498 397 142 426 160
car 0.0038396716117858887 404 140 433 159
person 0.0025115013122558594 206 223 289 324
car 0.003416001796722412 420 135 465 153
car 0.005532950162887573 420 127 493 155
car 0.006513714790344238 486 136 499 171
motorbike 0.004792630672454834 402 144 425 166
car 0.005554467439651489 489 134 500 181
person 0.0024824440479278564 209 183 233 202
bottle 0.012821823358535767 275 182 296 219
person 0.5583268404006958 242 116 297 203
bottle 0.0011694133281707764 275 177 299 212
car 0.006797581911087036 391 139 427 162
car 0.0016613304615020752 412 132 496 171
car 0.003621727228164673 385 144 406 161
car 0.009670913219451904 401 146 426 160
car 0.002901047468185425 417 142 436 157
car 0.0015853047370910645 414 136 472 162
bicycle 0.0012544989585876465 252 139 311 301
bus 0.02517762780189514 422 125 493 151
bus 0.003678649663925171 386 112 393 150
bottle 0.003621727228164673 274 179 293 254
bicycle 0.0012742578983306885 275 175 303 259
person 0.0010733604431152344 221 141 276 199
car 0.009231507778167725 113 136 281 204
person 0.0018174350261688232 206 118 295 201
motorbike 0.19930782914161682 386 144 425 162
car 0.0013459324836730957 411 140 443 166
person 0.826710045337677 344 124 368 193
person 0.0012018680572509766 359 130 371 190
car 0.003442734479904175 385 146 414 162
car 0.924144983291626 412 133 499 192
person 0.5983123779296875 205 123 269 200
