bicycle 0.001069188117980957 8 143 298 470
person 0.9102233052253723 346 79 419 278
person 0.8774785399436951 8 75 58 140
bicycle 0.0012447535991668701 12 91 81 142
car 0.0015366971492767334 0 97 10 169
chair 0.00406983494758606 0 86 18 133
diningtable 0.002958148717880249 0 83 18 133
person 0.0014104843139648438 79 60 188 243
person 0.9238649606704712 117 59 187 242
bicycle 0.0022431910037994385 144 166 171 269
bicycle 0.02080520987510681 311 188 337 260
bicycle 0.8624651432037354 352 179 415 304
car 0.012674123048782349 0 98 10 136
bicycle 0.7563560009002686 296 182 341 260
bicycle 0.004102110862731934 66 98 84 143
bicycle 0.9092611074447632 117 139 182 267
bicycle 0.0019954144954681396 66 97 122 148
chair 0.054400503635406494 0 102 10 132
person 0.8732177019119263 290 131 341 249
