person 0.001367121934890747 193 0 215 11
person 0.003496825695037842 167 0 183 12
person 0.0019117295742034912 168 0 208 11
person 0.003765672445297241 187 0 210 11
car 0.0524231493473053 163 108 253 136
person 0.0017615854740142822 287 0 324 42
person 0.0018245279788970947 0 26 16 110
car 0.003272920846939087 161 104 256 159
person 0.0027360916137695312 370 3 398 111
person 0.0029237568378448486 378 4 401 113
person 0.0012692809104919434 307 0 330 39
person 0.006388753652572632 469 11 488 81
person 0.018056362867355347 472 9 497 81
person 0.0894579291343689 477 5 499 92
person 0.0682893693447113 488 4 500 108
person 0.003524214029312134 409 0 435 110
car 0.0168512761592865 207 111 255 133
car 0.9235905408859253 0 10 492 367
person 0.0013995170593261719 266 0 296 20
person 0.009375691413879395 480 1 499 233
person 0.8278263807296753 26 0 76 107
person 0.004645615816116333 325 0 388 99
person 0.09041720628738403 353 0 389 103
person 0.0016548335552215576 270 0 319 35
person 0.07696107029914856 353 0 388 48
car 0.001904308795928955 188 110 256 136
person 0.04385673999786377 422 0 452 115
person 0.590779185295105 383 3 428 111
person 0.6370307803153992 430 0 479 126
person 0.13523343205451965 480 0 499 135
person 0.010409027338027954 51 0 84 56
person 0.003650069236755371 84 0 122 40
motorbike 0.008000344038009644 351 42 387 91
person 0.004944056272506714 474 43 493 81
person 0.3106938600540161 294 0 318 32
person 0.02056744694709778 323 0 361 42
person 0.0013995170593261719 341 0 385 42
person 0.0019419193267822266 492 1 499 65
person 0.8116765022277832 0 0 38 110
