bus 0.0022873878479003906 33 107 155 271
bus 0.953101396560669 36 97 433 302
bus 0.02753472328186035 0 139 22 266
bus 0.0014722347259521484 6 138 123 277
car 0.001367121934890747 0 143 19 228
person 0.0010817945003509521 493 259 500 333
person 0.0013832449913024902 127 145 159 199
person 0.0013778507709503174 489 196 499 332
person 0.003635883331298828 138 171 158 202
person 0.0015010833740234375 137 159 173 209
person 0.8799730539321899 386 187 423 278
person 0.0010162293910980225 137 142 172 202
person 0.002018868923187256 80 150 106 191
bus 0.032465726137161255 0 140 18 245
person 0.0012842416763305664 395 187 422 230
person 0.01090201735496521 0 142 18 235
