bottle 0.8887557983398438 293 271 430 373
bottle 0.3747900724411011 142 23 294 265
bottle 0.002560734748840332 176 268 436 373
bottle 0.8705992698669434 322 134 465 269
bottle 0.0017893016338348389 1 5 474 375
diningtable 0.040386855602264404 -4 -2 476 373
bottle 0.00955912470817566 0 104 175 343
cat 0.004247784614562988 256 -3 351 177
person 0.29259514808654785 0 83 152 276
bottle 0.008511096239089966 256 -1 353 180
person 0.12294173240661621 1 0 297 351
dog 0.052617788314819336 146 2 293 267
person 0.0015853047370910645 0 0 413 241
dog 0.0025115013122558594 0 237 177 341
dog 0.039785295724868774 257 0 353 178
bottle 0.037750810384750366 165 311 279 374
