boat 0.03934001922607422 273 244 463 360
boat 0.0020585954189300537 337 241 463 360
boat 0.6714699268341064 74 239 464 359
boat 0.0018103718757629395 289 127 425 254
boat 0.0060506463050842285 75 185 462 358
boat 0.0016292035579681396 236 173 462 359
boat 0.11397653818130493 78 239 284 350
boat 0.004416227340698242 340 87 422 165
boat 0.0029466450214385986 111 135 158 170
boat 0.007288604974746704 331 109 422 168
boat 0.0011648833751678467 145 23 321 227
boat 0.044516921043395996 223 265 287 307
boat 0.0010988116264343262 213 125 374 204
boat 0.001111745834350586 209 94 390 205
boat 0.002323359251022339 285 63 426 257
boat 0.0033371448516845703 127 238 288 307
boat 0.009860128164291382 175 264 291 315
boat 0.002912372350692749 291 312 368 328
boat 0.7453993558883667 106 25 434 250
boat 0.004982620477676392 224 271 417 355
boat 0.06560257077217102 283 310 469 359
boat 0.019718080759048462 132 238 235 303
boat 0.0018969178199768066 167 241 291 314
boat 0.00208282470703125 231 287 292 324
boat 0.001367121934890747 283 159 333 183
boat 0.0023052990436553955 391 130 422 163
boat 0.0016228556632995605 129 185 320 241
boat 0.0019266009330749512 287 162 323 183
boat 0.002590775489807129 125 164 347 241
boat 0.004982620477676392 228 286 288 307
bird 0.011244326829910278 392 54 409 69
boat 0.007204204797744751 156 237 238 275
boat 0.02779737114906311 340 94 426 256
boat 0.0015729963779449463 109 129 140 168
boat 0.0012399256229400635 120 136 156 165
boat 0.001289278268814087 218 151 364 205
