aeroplane 0.043530017137527466 198 88 486 202
aeroplane 0.5273165702819824 72 152 312 220
aeroplane 0.06301644444465637 52 101 486 249
aeroplane 0.3398268222808838 350 113 499 224
aeroplane 0.34158164262771606 70 150 427 224
aeroplane 0.5243947505950928 76 179 485 256
aeroplane 0.025760233402252197 111 179 372 288
aeroplane 0.0013617873191833496 323 155 499 272
aeroplane 0.8966165781021118 120 225 369 288
aeroplane 0.00443345308303833 262 185 333 204
aeroplane 0.001040339469909668 152 121 459 172
aeroplane 0.39793843030929565 45 75 291 144
aeroplane 0.42155179381370544 49 74 465 178
aeroplane 0.03760969638824463 236 97 481 174
aeroplane 0.005685538053512573 246 108 422 165
aeroplane 0.03027060627937317 59 122 302 218
aeroplane 0.0019266009330749512 347 197 440 216
aeroplane 0.0012544989585876465 349 136 459 164
aeroplane 0.003621727228164673 156 149 332 210
aeroplane 0.00208282470703125 350 148 457 165
aeroplane 0.015723586082458496 101 150 297 204
aeroplane 0.027692049741744995 343 154 499 213
aeroplane 0.0010567307472229004 371 196 439 215
