sofa 0.010328888893127441 1 118 498 323
dog 0.6566590666770935 258 121 499 323
person 0.0018103718757629395 1 234 291 321
dog 0.0026008784770965576 0 230 291 321
dog 0.6406351923942566 30 26 497 317
person 0.006564319133758545 0 9 334 323
chair 0.02333083748817444 482 7 499 213
dog 0.010014057159423828 464 130 499 322
dog 0.7759448885917664 14 27 208 196
chair 0.005080223083496094 98 0 499 321
chair 0.00443345308303833 453 1 499 268
dog 0.012431591749191284 13 26 468 212
sofa 0.2909804582595825 2 1 499 325
chair 0.0028784871101379395 374 0 499 318
chair 0.005099952220916748 425 1 499 315
person 0.004811316728591919 462 76 499 322
chair 0.0033371448516845703 416 0 499 164
tvmonitor 0.00564149022102356 481 11 499 149
