cat 0.04655161499977112 33 182 436 430
person 0.007460415363311768 111 112 436 487
dog 0.025034040212631226 258 115 435 346
cat 0.27904218435287476 51 244 435 465
person 0.021370261907577515 21 228 461 500
chair 0.004364967346191406 0 245 422 500
person 0.8370884656906128 0 35 432 500
chair 0.010328888893127441 140 58 474 499
dog 0.28061643242836 9 140 435 435
chair 0.0017275214195251465 0 319 455 499
person 0.0010362863540649414 4 372 462 499
dog 0.3140498101711273 50 210 376 469
person 0.0011513829231262207 251 114 427 219
bottle 0.808067798614502 415 154 450 227
cat 0.0014050006866455078 262 120 432 322
cat 0.008413106203079224 99 243 329 418
sofa 0.014502942562103271 0 52 468 495
cat 0.012431591749191284 217 296 369 421
cat 0.01444736123085022 263 187 437 330
