chair 0.4244120717048645 367 161 499 373
chair 0.02068600058555603 0 158 66 373
person 0.001367121934890747 0 15 37 363
person 0.005774706602096558 0 21 52 367
chair 0.012288272380828857 0 227 66 373
sofa 0.5650590062141418 367 161 499 373
chair 0.006903529167175293 186 117 213 201
pottedplant 0.01342916488647461 262 88 299 161
chair 0.0011558830738067627 262 93 323 167
chair 0.005729943513870239 458 161 499 384
dog 0.005911082029342651 0 188 34 342
cat 0.0030045807361602783 0 213 34 343
sofa 0.9118072390556335 294 81 499 213
chair 0.0028339028358459473 263 103 304 164
person 0.0021488964557647705 292 110 328 179
pottedplant 0.04849517345428467 263 88 297 117
chair 0.003899872303009033 292 111 327 176
chair 0.0010526180267333984 460 145 499 261
person 0.0026520490646362305 459 130 499 221
person 0.018056362867355347 461 115 499 259
