pottedplant 0.0014438629150390625 301 140 326 210
pottedplant 0.002323359251022339 0 114 9 184
pottedplant 0.0010526180267333984 145 198 204 232
pottedplant 0.002003192901611328 174 203 198 231
bottle 0.0022431910037994385 125 249 144 275
car 0.0026623904705047607 298 209 331 234
car 0.02315419912338257 282 200 333 232
car 0.025957345962524414 282 207 332 229
sofa 0.002415567636489868 78 220 177 276
dog 0.007232218980789185 391 204 429 230
pottedplant 0.0010817945003509521 0 196 10 241
chair 0.0030162930488586426 67 191 88 262
pottedplant 0.0014104843139648438 0 222 10 240
chair 0.002501755952835083 174 214 197 243
chair 0.0010650157928466797 299 211 333 237
car 0.09602698683738708 299 208 331 222
car 0.0028561055660247803 317 207 343 221
sofa 0.0017007291316986084 348 203 416 229
chair 0.0030045807361602783 0 222 9 276
car 0.0029237568378448486 348 204 423 226
pottedplant 0.00391504168510437 205 161 239 216
pottedplant 0.010611921548843384 318 167 346 222
pottedplant 0.10374632477760315 326 167 362 226
chair 0.001069188117980957 0 194 9 258
chair 0.0016355812549591064 96 223 145 277
person 0.8962537050247192 424 161 455 256
bicycle 0.0020346641540527344 124 244 173 277
chair 0.0010775625705718994 0 179 9 245
boat 0.009485304355621338 199 199 278 232
boat 0.004755467176437378 281 198 336 233
pottedplant 0.0016678273677825928 352 202 431 239
boat 0.15052726864814758 210 198 278 222
boat 0.007345408201217651 199 196 331 223
boat 0.013274848461151123 281 196 333 224
pottedplant 0.010652929544448853 322 167 383 233
pottedplant 0.003565669059753418 320 170 431 237
car 0.006692379713058472 353 204 428 237
car 0.005729943513870239 375 203 428 235
car 0.009124904870986938 206 199 273 216
car 0.06804093718528748 220 199 274 220
pottedplant 0.0020505785942077637 478 167 499 277
car 0.0060742199420928955 241 199 276 218
car 0.11919951438903809 281 197 330 221
car 0.0012399256229400635 321 202 343 221
car 0.0028009116649627686 391 204 415 228
car 0.006666600704193115 391 204 426 229
pottedplant 0.0011971890926361084 171 201 197 224
pottedplant 0.006771385669708252 0 116 9 234
chair 0.0019419193267822266 122 221 172 276
chair 0.0011160969734191895 88 220 176 247
chair 0.0026212334632873535 119 221 171 244
pottedplant 0.002323359251022339 289 127 336 225
pottedplant 0.0015729963779449463 145 195 193 224
car 0.001367121934890747 219 198 261 214
pottedplant 0.001524806022644043 316 188 343 222
