person 0.0347515344619751 0 8 78 372
person 0.006364047527313232 0 10 144 372
pottedplant 0.00629037618637085 118 116 475 371
chair 0.0020991265773773193 0 220 150 373
chair 0.0015791356563568115 0 219 316 373
pottedplant 0.006339401006698608 3 10 222 370
pottedplant 0.7905300855636597 225 155 338 256
pottedplant 0.003635883331298828 2 0 467 372
pottedplant 0.0018676519393920898 0 18 34 74
pottedplant 0.0016102492809295654 180 63 300 175
pottedplant 0.01013106107711792 158 80 246 267
pottedplant 0.0027360916137695312 181 71 264 274
pottedplant 0.001225501298904419 166 11 445 258
pottedplant 0.004399091005325317 0 101 39 244
car 0.0016355812549591064 8 -79 460 0
pottedplant 0.0014608204364776611 0 99 20 234
bus 0.0012943148612976074 2 -77 482 0
pottedplant 0.003824770450592041 0 15 29 126
pottedplant 0.1716175377368927 161 36 300 257
pottedplant 0.0010083019733428955 177 32 258 156
chair 0.003185272216796875 0 185 79 374
pottedplant 0.007011294364929199 184 8 225 40
pottedplant 0.0011925697326660156 0 7 93 108
pottedplant 0.0034696757793426514 180 0 280 93
pottedplant 0.028707504272460938 0 16 45 270
pottedplant 0.005240768194198608 20 49 47 91
pottedplant 0.026255786418914795 0 18 43 178
pottedplant 0.0018749535083770752 16 0 97 153
bird 0.01627802848815918 370 1 442 105
pottedplant 0.0016483962535858154 107 90 161 113
pottedplant 0.0050605833530426025 106 89 163 124
pottedplant 0.0015668869018554688 103 89 164 138
pottedplant 0.0032476186752319336 182 0 277 48
pottedplant 0.0025310516357421875 371 0 501 92
pottedplant 0.004007279872894287 372 4 443 105
pottedplant 0.03308582305908203 0 18 45 108
