chair 0.9324533939361572 32 245 187 374
pottedplant 0.6893061399459839 64 165 176 277
person 0.16721951961517334 416 66 499 370
person 0.1618485450744629 450 65 499 371
sofa 0.002406179904937744 1 202 54 369
chair 0.04620686173439026 368 260 500 373
diningtable 0.0907389223575592 197 233 301 325
person 0.33112019300460815 369 88 500 373
diningtable 0.003147989511489868 0 211 39 371
tvmonitor 0.004247784614562988 337 189 364 219
chair 0.0018676519393920898 0 174 7 223
chair 0.0010567307472229004 0 177 12 227
chair 0.001477956771850586 0 170 9 233
chair 0.001146942377090454 0 175 13 242
chair 0.8449235558509827 197 225 260 328
pottedplant 0.0076958537101745605 211 190 262 214
pottedplant 0.0067453086376190186 212 190 263 235
pottedplant 0.002003192901611328 234 191 265 237
chair 0.004007279872894287 58 245 159 329
bottle 0.0012742578983306885 0 284 7 366
person 0.05070251226425171 447 165 499 370
diningtable 0.0028897523880004883 0 207 25 267
chair 0.0013406574726104736 64 239 120 283
chair 0.0099753737449646 0 238 35 374
chair 0.0027148425579071045 0 245 60 373
chair 0.0018388032913208008 262 218 318 320
tvmonitor 0.001040339469909668 0 230 38 312
bottle 0.0010902583599090576 0 319 6 361
chair 0.0011031031608581543 67 243 150 305
pottedplant 0.0011336207389831543 63 225 134 262
pottedplant 0.006930291652679443 91 224 138 271
tvmonitor 0.07056248188018799 148 230 197 268
chair 0.001335442066192627 194 221 214 305
sofa 0.0017547309398651123 0 198 24 264
person 0.06584268808364868 467 154 500 373
chair 0.001477956771850586 0 206 24 263
chair 0.0019876956939697266 0 159 10 257
chair 0.0034293532371520996 0 181 25 305
chair 0.0018388032913208008 0 171 16 254
chair 0.03993484377861023 262 218 300 241
pottedplant 0.0034832358360290527 298 221 319 248
chair 0.0019266009330749512 0 319 34 374
chair 0.0012065470218658447 0 316 9 373
chair 0.0010567307472229004 0 248 8 378
bottle 0.011776894330978394 431 223 443 240
pottedplant 0.0033112764358520508 94 227 139 250
pottedplant 0.007786005735397339 92 224 142 257
tvmonitor 0.0011971890926361084 207 223 247 242
pottedplant 0.09301862120628357 302 221 337 248
sofa 0.019869893789291382 0 194 39 318
chair 0.0524231493473053 0 204 40 317
chair 0.6113821864128113 262 218 300 321
diningtable 0.01069408655166626 0 316 32 374
chair 0.002003192901611328 37 313 101 373
chair 0.006771385669708252 38 310 184 373
chair 0.011115282773971558 95 334 188 374
chair 0.008380681276321411 95 346 188 374
car 0.001225501298904419 0 171 9 212
chair 0.0016039609909057617 67 245 138 292
pottedplant 0.0032602250576019287 328 146 364 217
diningtable 0.0057077109813690186 0 281 33 374
tvmonitor 0.0021742284297943115 109 240 138 274
pottedplant 0.0017547309398651123 63 171 103 252
pottedplant 0.0011694133281707764 84 177 154 254
pottedplant 0.0019419193267822266 106 177 172 260
pottedplant 0.0010860264301300049 119 193 181 256
tvmonitor 0.01956745982170105 212 217 250 239
diningtable 0.0027148425579071045 463 71 499 322
bottle 0.0021742284297943115 431 214 443 242
chair 0.0011424720287322998 0 155 14 264
pottedplant 0.0028009116649627686 62 182 92 249
pottedplant 0.0042809247970581055 64 200 97 249
pottedplant 0.0030162930488586426 66 184 117 251
chair 0.0028784871101379395 0 159 24 262
pottedplant 0.003795117139816284 64 217 96 248
pottedplant 0.007232218980789185 89 209 153 260
