person 0.8973388671875 102 179 148 345
pottedplant 0.002725452184677124 286 5 500 375
pottedplant 0.001432657241821289 383 39 499 374
bird 0.0031358301639556885 457 149 499 247
bird 0.0033763349056243896 486 133 499 249
pottedplant 0.0320991575717926 218 252 243 311
bird 0.002935171127319336 435 162 499 226
person 0.0016102492809295654 243 241 270 321
pottedplant 0.0019117295742034912 218 266 241 308
bird 0.003930270671844482 490 152 500 261
car 0.0013459324836730957 0 236 18 316
car 0.0019191503524780273 0 248 25 316
car 0.002406179904937744 0 209 16 318
dog 0.0013147294521331787 0 257 32 314
person 0.8633896112442017 12 187 54 344
person 0.0021657347679138184 0 233 9 366
person 0.0010322332382202148 0 223 16 302
bird 0.0011160969734191895 438 66 499 249
bottle 0.0015071630477905273 3 253 23 286
pottedplant 0.019869893789291382 219 249 239 290
bird 0.001554727554321289 483 109 499 246
bird 0.0016483962535858154 489 107 500 246
person 0.8783152103424072 185 178 228 324
person 0.8705992698669434 228 179 274 320
pottedplant 0.00185316801071167 269 211 306 249
pottedplant 0.00208282470703125 457 272 499 374
bird 0.002115577459335327 477 154 499 265
bicycle 0.002115577459335327 0 243 15 288
bird 0.009124904870986938 422 116 497 225
