car 0.24944737553596497 0 82 210 301
car 0.08663347363471985 204 108 356 255
aeroplane 0.0015853047370910645 0 35 94 53
car 0.021207362413406372 388 191 406 207
person 0.0015791356563568115 452 189 467 204
person 0.003930270671844482 494 189 500 207
car 0.0012065470218658447 354 192 389 211
boat 0.20561525225639343 0 81 213 296
train 0.05051475763320923 204 107 356 255
person 0.0011648833751678467 495 79 500 123
car 0.0020666420459747314 388 187 403 206
car 0.0025409162044525146 201 180 355 256
car 0.6688798069953918 391 186 430 206
car 0.007065832614898682 404 184 450 204
car 0.002314329147338867 416 184 474 202
car 0.0012399256229400635 440 179 477 203
bus 0.16885823011398315 353 173 390 212
bus 0.009231507778167725 414 172 499 206
car 0.2774733304977417 353 174 390 212
car 0.004700213670730591 443 171 492 189
car 0.0025310516357421875 403 180 431 201
car 0.0020666420459747314 439 171 495 206
car 0.0017342865467071533 388 182 483 206
car 0.006121635437011719 410 173 498 205
