boat 0.016403794288635254 158 194 361 269
sofa 0.0019494593143463135 0 150 83 327
boat 0.8283824920654297 159 43 361 268
sofa 0.001178741455078125 0 91 45 327
boat 0.002415567636489868 354 172 409 208
chair 0.00394555926322937 0 95 24 200
person 0.001674354076385498 188 215 210 236
boat 0.1801062822341919 102 249 166 267
boat 0.00803142786026001 97 254 214 267
boat 0.007460415363311768 258 -25 432 253
person 0.07640942931175232 189 223 206 236
boat 0.002323359251022339 356 220 390 246
boat 0.01791679859161377 254 17 397 256
boat 0.00874510407447815 85 221 125 261
boat 0.0034293532371520996 163 55 260 267
boat 0.014727562665939331 102 237 165 267
boat 0.0011424720287322998 100 237 200 267
boat 0.018904060125350952 162 212 359 263
boat 0.004331141710281372 232 180 390 249
boat 0.007260352373123169 279 183 390 248
boat 0.001674354076385498 112 246 162 262
boat 0.005911082029342651 246 146 391 250
boat 0.007232218980789185 84 221 143 263
boat 0.011731505393981934 86 221 164 266
chair 0.009936809539794922 0 154 24 199
sheep 0.008984774351119995 0 155 25 199
chair 0.006145477294921875 0 154 25 253
chair 0.0016228556632995605 0 155 71 200
boat 0.013326108455657959 187 56 257 240
aeroplane 0.00131988525390625 85 222 121 257
boat 0.008611321449279785 284 100 393 249
chair 0.0013564825057983398 0 155 77 263
boat 0.001714080572128296 199 53 242 295
car 0.0023506581783294678 85 221 121 263
sofa 0.0021657347679138184 0 156 71 198
boat 0.0012065470218658447 244 30 322 246
