chair 0.026964962482452393 0 277 319 500
person 0.0012447535991668701 115 124 333 498
diningtable 0.06779336929321289 0 234 321 500
chair 0.004247784614562988 1 112 159 469
person 0.8868098258972168 40 26 300 498
diningtable 0.004450768232345581 0 380 318 499
person 0.008062601089477539 -9 241 332 499
diningtable 0.011072665452957153 1 435 329 499
chair 0.009485304355621338 40 180 147 282
chair 0.007518589496612549 97 27 318 366
chair 0.021493196487426758 26 28 318 402
chair 0.08093324303627014 2 167 185 387
chair 0.1716175377368927 4 138 302 465
chair 0.009124904870986938 40 52 316 301
chair 0.001120448112487793 37 101 203 349
chair 0.0024344027042388916 41 182 159 418
chair 0.004924893379211426 39 178 222 328
chair 0.0012399256229400635 57 144 252 388
