tvmonitor 0.920792818069458 148 213 278 352
chair 0.0011380314826965332 239 403 374 500
person 0.6261249780654907 29 33 51 106
pottedplant 0.00874510407447815 166 191 202 224
pottedplant 0.001388639211654663 167 190 222 227
person 0.022543251514434814 304 61 325 88
person 0.006027162075042725 49 31 65 105
person 0.03321123123168945 218 36 272 104
person 0.2173374891281128 2 30 32 106
chair 0.0013564825057983398 238 443 373 500
pottedplant 0.0013250410556793213 0 375 28 405
pottedplant 0.09268999099731445 0 365 65 405
tvmonitor 0.0017410516738891602 352 290 374 397
tvmonitor 0.00517958402633667 160 99 191 146
person 0.004150032997131348 0 33 14 75
person 0.004736989736557007 5 30 19 59
tvmonitor 0.003736436367034912 300 289 374 400
tvmonitor 0.0025508105754852295 362 289 374 396
person 0.001524806022644043 0 29 18 56
person 0.008984774351119995 28 32 38 106
person 0.007260352373123169 6 30 19 47
person 0.004503071308135986 17 31 28 47
person 0.004086285829544067 32 33 62 104
person 0.0015853047370910645 20 32 31 47
person 0.0020585954189300537 93 109 121 171
person 0.592666506767273 71 32 110 67
person 0.0050605833530426025 101 102 139 170
person 0.004886746406555176 112 98 141 171
bottle 0.0021238625049591064 280 488 308 499
person 0.024891287088394165 284 28 305 89
person 0.004133999347686768 236 13 275 62
person 0.009898394346237183 0 31 14 92
person 0.03904598951339722 1 30 26 91
person 0.11838340759277344 13 31 32 94
