chair 0.0016483962535858154 321 145 499 311
chair 0.017177879810333252 0 43 47 371
person 0.004297584295272827 0 33 45 366
tvmonitor 0.002641737461090088 321 145 499 312
chair 0.0010162293910980225 443 173 499 374
bottle 0.0023506581783294678 276 315 360 374
tvmonitor 0.0012399256229400635 0 3 31 246
tvmonitor 0.9278846979141235 4 50 158 224
chair 0.00564149022102356 474 197 499 323
chair 0.003751039505004883 486 193 500 323
bottle 0.0011074244976043701 490 282 499 316
chair 0.015663117170333862 273 312 369 373
tvmonitor 0.0031115710735321045 483 180 499 325
tvmonitor 0.00564149022102356 218 146 293 218
tvmonitor 0.06441459059715271 374 143 500 262
