diningtable 0.0060742199420928955 7 200 447 390
chair 0.0010083019733428955 57 201 439 391
chair 0.0020585954189300537 181 194 449 390
chair 0.0030280649662017822 191 137 472 387
diningtable 0.0015426874160766602 356 105 500 387
diningtable 0.0019954144954681396 369 198 499 390
chair 0.010170340538024902 3 168 138 301
chair 0.12421029806137085 4 167 230 304
person 0.8216167688369751 77 132 217 270
person 0.0020505785942077637 178 132 390 277
chair 0.011418908834457397 281 110 467 378
person 0.0018174350261688232 177 136 424 307
person 0.3504211902618408 284 110 438 381
sofa 0.21272248029708862 5 169 227 320
sofa 0.0022431910037994385 42 140 294 294
sofa 0.0014608204364776611 42 138 303 352
chair 0.0012447535991668701 174 175 427 328
chair 0.002631455659866333 343 133 497 373
sofa 0.0012159943580627441 8 135 435 389
person 0.001449495553970337 51 132 376 390
chair 0.005468875169754028 2 168 146 380
diningtable 0.03359013795852661 43 295 473 391
diningtable 0.0021742284297943115 216 293 472 391
diningtable 0.0033371448516845703 295 284 480 390
chair 0.006097882986068726 439 221 499 391
tvmonitor 0.008846968412399292 478 172 496 239
tvmonitor 0.01196029782295227 224 208 347 307
chair 0.0025115013122558594 324 199 448 384
person 0.5679367780685425 284 110 422 262
bottle 0.0018388032913208008 74 277 81 296
chair 0.028329521417617798 1 252 65 390
chair 0.0015487074851989746 278 110 466 267
chair 0.0012065470218658447 427 192 497 364
bottle 0.013689994812011719 308 361 361 391
person 0.7819973230361938 174 136 285 270
person 0.0017410516738891602 290 183 382 389
person 0.002323359251022339 214 136 284 213
person 0.013071656227111816 465 131 497 365
chair 0.0011424720287322998 1 170 39 378
chair 0.019718080759048462 464 189 498 365
chair 0.0011971890926361084 490 219 499 372
bottle 0.001674354076385498 64 276 83 296
chair 0.001972287893295288 77 168 209 269
chair 0.0011380314826965332 223 176 364 309
person 0.0010043680667877197 470 193 498 332
person 0.0011336207389831543 302 268 377 387
bottle 0.006339401006698608 195 374 278 391
bottle 0.0011074244976043701 236 371 279 391
chair 0.0012159943580627441 67 168 169 271
