pottedplant 0.4320632219314575 189 252 313 373
pottedplant 0.01186823844909668 0 256 162 373
pottedplant 0.0011694133281707764 248 115 413 369
pottedplant 0.048675328493118286 0 147 44 367
pottedplant 0.008846968412399292 190 133 305 369
train 0.003736436367034912 365 104 499 226
pottedplant 0.12421029806137085 0 148 43 293
pottedplant 0.5282900929450989 61 254 162 373
pottedplant 0.001028209924697876 51 251 314 373
train 0.0014722347259521484 274 123 498 368
train 0.001146942377090454 357 152 500 362
pottedplant 0.0011160969734191895 0 195 154 371
pottedplant 0.0027360916137695312 60 253 224 373
person 0.0018676519393920898 0 168 9 245
bird 0.0011694133281707764 2 160 39 249
pottedplant 0.0022873878479003906 210 134 286 220
pottedplant 0.23511099815368652 1 150 40 258
pottedplant 0.0013617873191833496 0 265 12 312
pottedplant 0.0019343793392181396 0 271 29 298
pottedplant 0.0011879205703735352 33 292 73 369
pottedplant 0.0017207860946655273 77 288 133 358
pottedplant 0.0018245279788970947 188 253 288 329
pottedplant 0.0020666420459747314 234 201 348 356
pottedplant 0.17106285691261292 264 201 361 366
pottedplant 0.0013459324836730957 0 226 58 365
pottedplant 0.0015729963779449463 0 261 7 372
pottedplant 0.0015977323055267334 0 257 10 323
pottedplant 0.003621727228164673 0 266 31 319
pottedplant 0.00276830792427063 0 275 26 373
pottedplant 0.003160238265991211 0 211 9 277
pottedplant 0.0026212334632873535 0 211 35 271
pottedplant 0.0010083019733428955 0 2 65 303
pottedplant 0.017510265111923218 0 61 41 294
pottedplant 0.00386965274810791 277 305 318 371
pottedplant 0.002453356981277466 114 255 221 374
pottedplant 0.0010988116264343262 0 234 8 343
pottedplant 0.002406179904937744 0 256 25 335
pottedplant 0.0018245279788970947 0 246 13 309
pottedplant 0.0013564825057983398 165 256 250 336
pottedplant 0.003780364990234375 1 221 36 293
pottedplant 0.0011248290538787842 375 134 443 198
pottedplant 0.004331141710281372 0 150 31 244
bird 0.008252084255218506 180 292 230 338
pottedplant 0.0032476186752319336 243 291 314 373
pottedplant 0.0726395845413208 0 276 51 373
pottedplant 0.013742715120315552 117 331 153 373
pottedplant 0.011914163827896118 113 252 175 373
pottedplant 0.00916031002998352 0 213 25 372
pottedplant 0.018056362867355347 0 217 45 372
pottedplant 0.001674354076385498 117 259 232 345
pottedplant 0.02396056056022644 117 306 153 374
pottedplant 0.0021827220916748047 0 193 30 268
pottedplant 0.0026008784770965576 135 302 189 376
pottedplant 0.005729943513870239 57 277 115 373
train 0.021207362413406372 370 206 499 226
pottedplant 0.0010241866111755371 3 159 37 231
pottedplant 0.04707297682762146 303 163 351 196
pottedplant 0.0011694133281707764 0 214 18 301
pottedplant 0.0011336207389831543 285 289 319 332
pottedplant 0.0024724602699279785 57 272 142 373
pottedplant 0.024514615535736084 117 292 170 373
pottedplant 0.017510265111923218 120 308 187 373
pottedplant 0.00443345308303833 0 185 9 243
pottedplant 0.007176309823989868 130 302 223 373
pottedplant 0.013172894716262817 209 136 287 292
train 0.13523343205451965 369 167 499 226
