chair 0.026106178760528564 1 289 278 500
person 0.93744295835495 37 288 263 500
person 0.9181903600692749 114 0 374 500
dog 0.00874510407447815 37 351 256 499
chair 0.008511096239089966 9 62 373 498
chair 0.024749338626861572 0 350 283 500
sofa 0.014392048120498657 0 359 275 499
person 0.002406179904937744 24 358 216 499
bottle 0.04304414987564087 102 398 145 437
tvmonitor 0.0016292035579681396 43 33 235 345
dog 0.001455157995223999 59 466 317 499
bottle 0.0076958537101745605 92 370 157 408
bottle 0.0021742284297943115 111 376 157 405
person 0.005597800016403198 66 382 258 500
tvmonitor 0.023508936166763306 43 1 379 323
tvmonitor 0.00438198447227478 43 31 167 383
bottle 0.004150032997131348 102 382 156 408
bottle 0.00208282470703125 112 384 156 406
bottle 0.04193025827407837 97 377 149 437
bottle 0.0012594163417816162 0 0 14 32
person 0.010611921548843384 57 464 157 500
person 0.01467105746269226 60 466 195 500
bottle 0.11476749181747437 40 365 164 500
bottle 0.14854195713996887 88 370 158 436
bottle 0.07920721173286438 102 372 180 437
bottle 0.14608708024024963 51 369 160 440
