sheep 0.651354193687439 269 301 472 499
bird 0.9039729833602905 135 233 256 354
pottedplant 0.0011648833751678467 157 373 312 499
pottedplant 0.0011248290538787842 143 370 407 499
sheep 0.007011294364929199 241 372 470 499
pottedplant 0.3951342701911926 2 421 168 499
pottedplant 0.01518791913986206 179 410 311 500
pottedplant 0.0013724565505981445 337 148 406 238
pottedplant 0.002341538667678833 339 149 414 286
sheep 0.002359837293624878 412 302 471 366
bird 0.0028897523880004883 138 0 254 45
pottedplant 0.001524806022644043 233 421 292 502
pottedplant 0.001591503620147705 0 431 36 499
bird 0.0010083019733428955 127 0 307 38
pottedplant 0.005729943513870239 224 448 276 499
pottedplant 0.001040339469909668 190 452 298 499
pottedplant 0.0026727914810180664 328 0 473 103
pottedplant 0.0011031031608581543 244 404 404 499
pottedplant 0.001178741455078125 50 437 167 499
pottedplant 0.001388639211654663 54 442 216 499
sheep 0.019418001174926758 347 304 471 424
pottedplant 0.07892298698425293 273 148 420 310
pottedplant 0.0010004639625549316 397 196 430 249
pottedplant 0.0013302266597747803 415 211 431 248
chair 0.0014608204364776611 224 473 290 499
pottedplant 0.015602916479110718 183 434 292 500
pottedplant 0.021949589252471924 235 412 307 499
pottedplant 0.0015130341053009033 162 491 224 500
pottedplant 0.0012350976467132568 154 490 266 500
pottedplant 0.0010526180267333984 0 451 41 499
