chair 0.00284498929977417 263 86 496 355
person 0.9133665561676025 0 35 281 355
person 0.9108598232269287 266 53 452 355
chair 0.0022344589233398438 461 84 499 353
chair 0.0012112557888031006 474 79 499 349
chair 0.004348009824752808 447 94 499 354
person 0.0017342865467071533 146 54 453 354
bottle 0.005343139171600342 336 121 367 253
bottle 0.10016891360282898 341 135 367 230
bottle 0.16344508528709412 340 135 362 188
cat 0.0021238625049591064 278 202 377 290
bottle 0.026255786418914795 335 193 365 251
bottle 0.01764485239982605 342 214 365 251
bottle 0.039487868547439575 337 178 366 254
bottle 0.17106285691261292 328 183 365 252
person 0.0010322332382202148 275 120 374 289
bottle 0.4610167145729065 324 136 373 252
bottle 0.011072665452957153 346 136 363 153
chair 0.0016355812549591064 439 106 499 281
bottle 0.01342916488647461 238 158 280 176
bottle 0.031736671924591064 233 314 279 355
