diningtable 0.7505526542663574 0 62 500 330
person 0.07503995299339294 421 3 499 329
person 0.008711427450180054 383 9 499 330
chair 0.012006610631942749 0 20 49 252
chair 0.005797207355499268 0 44 137 247
person 0.0210859477519989 0 0 72 186
pottedplant 0.006797581911087036 199 70 351 179
bottle 0.0012943148612976074 250 219 484 329
person 0.005343139171600342 0 1 122 185
person 0.29910558462142944 249 0 500 245
chair 0.0017478764057159424 0 241 6 335
bottle 0.001455157995223999 251 241 330 331
chair 0.012971192598342896 0 144 35 306
chair 0.0017547309398651123 1 161 83 287
person 0.009019583463668823 0 1 76 284
person 0.00369301438331604 0 1 165 232
person 0.08449193835258484 336 0 499 278
chair 0.0010733604431152344 0 114 47 184
chair 0.005842477083206177 276 227 456 331
person 0.003795117139816284 0 0 131 318
chair 0.007316946983337402 279 268 458 331
person 0.0010526180267333984 474 150 499 331
person 0.025613337755203247 192 -1 332 69
chair 0.007288604974746704 0 95 20 331
chair 0.0010733604431152344 0 51 155 199
chair 0.011115282773971558 0 158 35 269
chair 0.004755467176437378 1 163 48 247
person 0.036357581615448 190 1 293 67
chair 0.017310142517089844 268 285 447 331
chair 0.010986179113388062 0 102 36 248
chair 0.004573792219161987 1 112 82 244
person 0.0015130341053009033 471 2 499 269
chair 0.0017893016338348389 0 132 9 277
bottle 0.008062601089477539 223 170 252 228
chair 0.0030516982078552246 0 141 29 257
chair 0.016029298305511475 2 173 35 238
chair 0.012006610631942749 0 57 41 258
