chair 0.514644205570221 193 210 329 415
chair 0.0011603832244873047 243 210 332 444
person 0.04535484313964844 152 119 240 452
chair 0.001495271921157837 101 181 330 490
chair 0.2853715419769287 0 245 52 411
person 0.9176012277603149 173 148 302 453
chair 0.7969253063201904 282 211 330 415
diningtable 0.0011248290538787842 0 26 85 280
chair 0.007518589496612549 72 321 203 419
person 0.006217539310455322 174 151 291 335
person 0.8836368322372437 0 21 181 459
person 0.16940727829933167 149 111 231 384
chair 0.0017615854740142822 88 325 196 437
bottle 0.004830062389373779 9 16 19 50
diningtable 0.0017893016338348389 0 29 74 107
person 0.7697710990905762 151 110 231 265
diningtable 0.0010860264301300049 145 256 306 414
chair 0.015364378690719604 38 324 200 429
chair 0.0010775625705718994 62 301 193 448
chair 0.001020193099975586 141 257 278 420
chair 0.001289278268814087 0 274 23 400
chair 0.0010362863540649414 36 336 112 416
chair 0.0024724602699279785 2 272 40 383
chair 0.0013406574726104736 0 247 40 323
chair 0.004007279872894287 0 245 35 388
person 0.0026110410690307617 150 133 225 320
