diningtable 0.001028209924697876 0 217 71 373
cat 0.0020425915718078613 46 146 365 373
diningtable 0.009485304355621338 304 204 499 374
chair 0.0017275214195251465 396 15 499 372
cat 0.859188973903656 50 23 352 373
cat 0.001489490270614624 36 200 421 373
diningtable 0.002901047468185425 12 209 471 375
diningtable 0.008284062147140503 31 264 486 376
diningtable 0.0011741816997528076 444 219 499 374
chair 0.007120847702026367 418 147 499 371
pottedplant 0.02717086672782898 0 147 57 371
cat 0.0021321773529052734 2 178 201 372
chair 0.014392048120498657 401 201 499 373
pottedplant 0.003147989511489868 0 212 85 363
chair 0.05770769715309143 454 190 499 366
tvmonitor 0.035680413246154785 0 0 136 186
tvmonitor 0.011596441268920898 0 0 305 188
pottedplant 0.0010322332382202148 0 204 28 290
person 0.001680910587310791 0 0 448 188
tvmonitor 0.020528078079223633 300 0 468 177
diningtable 0.0019799768924713135 455 238 500 366
