car 0.0014722347259521484 260 259 279 279
car 0.012240886688232422 0 253 13 268
car 0.0016613304615020752 29 254 65 268
car 0.9136754274368286 201 251 279 286
car 0.0018969178199768066 297 240 340 255
car 0.8991247415542603 294 251 373 288
train 0.03371736407279968 345 249 498 277
car 0.003537982702255249 0 267 5 291
car 0.002115577459335327 0 247 11 269
bus 0.001455157995223999 0 247 15 268
car 0.0019876956939697266 0 255 8 272
car 0.0030162930488586426 92 253 122 271
car 0.0015366971492767334 57 257 67 267
car 0.0012742578983306885 0 257 9 298
car 0.0022696256637573242 257 255 278 280
bus 0.008252084255218506 0 252 14 268
bus 0.001449495553970337 0 251 21 268
car 0.8311417698860168 80 251 116 272
car 0.6601731777191162 116 253 139 270
car 0.0018388032913208008 137 252 155 270
car 0.8244603872299194 138 252 173 272
car 0.0014050006866455078 294 251 334 270
