dog 0.9597643613815308 99 67 305 294
person 0.1889212727546692 0 8 122 331
tvmonitor 0.003736436367034912 364 48 455 107
dog 0.001560807228088379 0 202 121 331
chair 0.00106087327003479 264 53 493 275
pottedplant 0.001674354076385498 301 83 331 128
bottle 0.0017007291316986084 0 263 125 331
sofa 0.5058591365814209 0 44 461 329
pottedplant 0.001554727554321289 147 1 302 287
chair 0.009267330169677734 363 49 496 197
chair 0.002115577459335327 433 22 499 274
pottedplant 0.012383639812469482 151 9 271 171
chair 0.004007279872894287 462 38 499 264
chair 0.002115577459335327 470 98 499 282
pottedplant 0.10266110301017761 151 7 272 89
person 0.0010902583599090576 474 4 499 292
