dog 0.007402688264846802 0 65 239 291
dog 0.7041603326797485 432 82 499 293
cat 0.0010444223880767822 351 37 507 183
person 0.0028784871101379395 453 1 499 241
dog 0.01196029782295227 437 77 499 188
dog 0.0020346641540527344 0 96 108 268
dog 0.003272920846939087 86 85 197 259
person 0.0411514937877655 278 0 345 95
person 0.0010817945003509521 0 244 13 330
dog 0.4416731297969818 350 6 500 294
dog 0.8976983428001404 0 53 112 292
pottedplant 0.001388639211654663 268 18 285 86
dog 0.5964333415031433 84 80 374 265
dog 0.6654106378555298 81 81 373 366
person 0.002011030912399292 0 246 7 332
person 0.0012842416763305664 0 247 20 334
chair 0.00284498929977417 463 121 499 391
dog 0.4687906503677368 351 5 499 180
person 0.17497506737709045 350 4 499 282
person 0.16344508528709412 366 1 499 167
chair 0.0010860264301300049 0 118 51 326
chair 0.0015853047370910645 0 144 73 315
person 0.0015130341053009033 0 41 81 247
person 0.0020666420459747314 0 52 109 221
sofa 0.001178741455078125 0 7 441 298
bottle 0.0010945498943328857 0 239 10 296
person 0.0013147294521331787 324 0 385 27
person 0.040843963623046875 279 0 373 95
dog 0.001524806022644043 62 108 191 263
person 0.0026110410690307617 314 0 385 90
person 0.0013147294521331787 490 3 499 124
person 0.00391504168510437 381 0 499 58
