car 0.912433922290802 57 259 388 374
motorbike 0.0020425915718078613 463 152 500 366
aeroplane 0.0010162293910980225 393 8 499 313
aeroplane 0.02169954776763916 455 7 499 319
car 0.038609206676483154 461 75 499 321
car 0.07531079649925232 462 141 499 334
aeroplane 0.0016419589519500732 423 53 499 154
aeroplane 0.003222525119781494 448 15 499 189
aeroplane 0.0023690462112426758 403 61 499 223
aeroplane 0.001831650733947754 475 88 499 135
aeroplane 0.003272920846939087 450 100 500 135
car 0.0024438798427581787 454 106 500 135
car 0.0010083019733428955 470 106 499 134
boat 0.0013044774532318115 452 106 500 135
aeroplane 0.8204694986343384 0 8 497 323
person 0.0020666420459747314 479 219 499 273
person 0.0018676519393920898 461 64 499 312
person 0.006145477294921875 479 238 498 261
person 0.00276830792427063 482 212 499 268
person 0.0012943148612976074 485 160 500 297
car 0.007038503885269165 462 216 499 309
bus 0.006438493728637695 461 88 499 311
aeroplane 0.0021912753582000732 475 60 500 138
person 0.001466512680053711 463 229 499 307
