cow 0.8836368322372437 154 110 445 315
boat 0.0019117295742034912 441 49 499 346
horse 0.001554727554321289 437 62 499 363
boat 0.0017275214195251465 483 68 499 288
boat 0.0010241866111755371 472 137 500 266
boat 0.0014215409755706787 108 195 143 375
cow 0.0010902583599090576 432 197 499 319
boat 0.0018604099750518799 481 106 499 307
cow 0.004944056272506714 434 173 499 365
cow 0.001367121934890747 470 141 499 378
boat 0.0017410516738891602 439 124 499 336
boat 0.001028209924697876 472 115 499 354
bird 0.019793838262557983 0 249 18 268
boat 0.001225501298904419 433 176 499 308
boat 0.00406983494758606 482 139 499 219
cow 0.0013147294521331787 493 218 500 367
aeroplane 0.0035518109798431396 0 131 24 145
bird 0.0038546323776245117 0 130 25 146
person 0.001477956771850586 492 224 500 378
boat 0.0010650157928466797 455 124 499 310
