pottedplant 0.6011253595352173 223 168 363 332
chair 0.7534657716751099 1 124 180 266
sofa 0.05184340476989746 174 122 478 249
sofa 0.9073100090026855 173 123 487 331
chair 0.0018388032913208008 174 123 461 252
chair 0.23793238401412964 163 89 192 162
pottedplant 0.00257071852684021 202 60 238 154
chair 0.0010043680667877197 201 61 264 157
chair 0.001111745834350586 224 59 302 133
chair 0.003075540065765381 52 125 119 162
chair 0.5698527097702026 227 89 272 158
chair 0.0029928982257843018 143 7 177 160
chair 0.0015130341053009033 256 90 286 116
chair 0.0013617873191833496 272 69 301 121
chair 0.009124904870986938 198 93 272 159
chair 0.002003192901611328 283 62 306 130
chair 0.0012350976467132568 179 183 254 248
pottedplant 0.004038453102111816 472 236 499 331
diningtable 0.16237932443618774 172 104 284 162
chair 0.006666600704193115 268 95 289 127
pottedplant 0.0012350976467132568 49 44 75 84
chair 0.0015130341053009033 273 78 306 130
chair 0.8587157726287842 167 100 221 174
diningtable 0.007011294364929199 173 105 282 230
diningtable 0.013532936573028564 173 106 282 187
chair 0.01164129376411438 58 89 84 130
person 0.0025310516357421875 474 241 499 330
chair 0.00593411922454834 472 239 499 330
chair 0.0015307366847991943 483 240 499 330
pottedplant 0.003607630729675293 448 239 499 331
tvmonitor 0.0018676519393920898 490 225 499 256
bottle 0.0025115013122558594 490 224 499 271
chair 0.13206565380096436 241 88 271 114
diningtable 0.013742715120315552 205 103 272 160
pottedplant 0.08418995141983032 48 62 67 85
pottedplant 0.0026520490646362305 223 167 344 268
pottedplant 0.0020666420459747314 0 154 12 217
pottedplant 0.004755467176437378 49 56 72 86
chair 0.0012943148612976074 174 102 220 156
chair 0.011331260204315186 236 88 273 126
chair 0.010986179113388062 236 90 288 127
pottedplant 0.16451644897460938 142 1 173 124
pottedplant 0.00321003794670105 202 60 237 113
pottedplant 0.001020193099975586 398 299 497 331
pottedplant 0.002406179904937744 252 59 305 126
pottedplant 0.002323359251022339 271 59 306 126
chair 0.03622123599052429 163 89 192 117
pottedplant 0.044351041316986084 446 298 495 330
chair 0.0030398666858673096 162 90 192 105
chair 0.0013147294521331787 0 132 12 250
chair 0.009303301572799683 234 93 288 138
chair 0.0034561753273010254 246 97 288 127
chair 0.0012065470218658447 149 83 168 141
chair 0.004102110862731934 156 88 185 145
chair 0.0018459856510162354 159 88 178 146
