car 0.9522185325622559 376 118 499 216
car 0.001020193099975586 484 163 499 219
car 0.0010083019733428955 491 157 500 222
car 0.012479722499847412 232 78 295 182
car 0.0018969178199768066 443 119 499 175
car 0.003185272216796875 476 117 499 187
bus 0.013480961322784424 218 80 294 178
bus 0.007725805044174194 227 80 293 151
car 0.003650069236755371 211 81 262 189
car 0.0011336207389831543 197 75 250 192
car 0.008846968412399292 200 79 295 191
car 0.00517958402633667 0 127 10 217
car 0.005021452903747559 238 117 257 125
car 0.9173051714897156 30 68 246 229
car 0.9304561614990234 247 112 355 204
car 0.0015791356563568115 481 123 499 147
car 0.0012842416763305664 491 122 499 150
car 0.0026832520961761475 235 117 260 162
person 0.0020267367362976074 0 117 11 221
person 0.0063148438930511475 0 123 10 201
car 0.0013044774532318115 97 209 122 234
bus 0.011287689208984375 227 82 286 124
car 0.002359837293624878 385 128 408 145
car 0.02931046485900879 0 131 10 182
car 0.0012350976467132568 479 123 499 224
car 0.00955912470817566 233 117 261 191
car 0.003565669059753418 243 116 268 185
person 0.003442734479904175 0 115 10 182
car 0.001957029104232788 227 115 252 190
car 0.011914163827896118 243 120 261 179
