bus 0.5039061903953552 0 157 140 288
bus 0.9410066604614258 110 102 390 288
bus 0.0020346641540527344 0 180 17 232
bus 0.0022257566452026367 0 181 28 231
person 0.004755467176437378 492 201 499 231
person 0.0014837086200714111 493 191 499 230
pottedplant 0.0027042627334594727 388 175 405 226
pottedplant 0.30074605345726013 411 187 437 210
bicycle 0.0018895864486694336 493 215 499 243
car 0.005261063575744629 121 196 158 225
motorbike 0.0033763349056243896 489 214 499 233
car 0.040538668632507324 491 217 499 234
pottedplant 0.0011971890926361084 392 226 405 246
pottedplant 0.001972287893295288 388 237 414 256
pottedplant 0.0030280649662017822 391 235 411 252
pottedplant 0.0019876956939697266 391 232 414 253
person 0.002453356981277466 392 225 405 244
bicycle 0.0018388032913208008 489 215 499 238
person 0.0023506581783294678 11 152 21 163
bus 0.0011925697326660156 102 180 167 274
car 0.05089092254638672 491 211 499 233
pottedplant 0.0025310516357421875 489 201 499 233
car 0.001069188117980957 130 199 164 228
