person 0.006339401006698608 156 0 196 46
person 0.0012943148612976074 330 0 356 42
motorbike 0.0011336207389831543 356 0 375 25
motorbike 0.004150032997131348 360 0 392 41
person 0.0015487074851989746 402 0 454 45
person 0.18653884530067444 482 3 499 209
person 0.0017547309398651123 96 0 138 80
person 0.005384683609008789 463 114 500 211
person 0.0013995170593261719 487 103 500 212
chair 0.002323359251022339 320 0 343 46
person 0.0017684698104858398 105 30 141 96
chair 0.0010444223880767822 331 0 356 42
person 0.0011879205703735352 362 0 392 41
car 0.00118333101272583 308 28 486 228
car 0.0015977323055267334 429 40 499 208
person 0.4687906503677368 465 12 499 213
motorbike 0.7994424104690552 83 34 413 325
person 0.012971192598342896 204 0 240 63
chair 0.0013724565505981445 323 1 357 44
person 0.0023968517780303955 378 0 411 71
car 0.0010241866111755371 1 10 271 204
motorbike 0.004331141710281372 0 57 128 160
car 0.0031976401805877686 342 31 447 174
car 0.007938534021377563 368 30 453 172
motorbike 0.37845903635025024 0 2 128 195
person 0.017243891954421997 195 0 241 75
car 0.002912372350692749 313 30 448 190
car 0.002341538667678833 368 21 497 213
person 0.002779155969619751 455 1 499 99
person 0.005511492490768433 483 3 500 146
chair 0.001388639211654663 464 102 499 330
motorbike 0.0013564825057983398 258 0 297 70
person 0.004503071308135986 388 0 412 32
person 0.11124423146247864 485 5 499 99
motorbike 0.01596766710281372 236 5 272 60
person 0.0010567307472229004 116 0 199 87
person 0.013955414295196533 155 0 199 80
person 0.01186823844909668 156 0 221 80
motorbike 0.0017753839492797852 0 0 108 62
chair 0.004054129123687744 318 14 340 50
motorbike 0.0034696757793426514 236 11 293 60
motorbike 0.14415043592453003 283 17 321 68
person 0.0024344027042388916 471 0 499 95
car 0.0015010833740234375 0 1 111 63
person 0.0011648833751678467 94 0 164 93
motorbike 0.0017684698104858398 99 1 192 94
person 0.0011971890926361084 233 0 265 59
person 0.13341552019119263 257 0 294 70
motorbike 0.0011879205703735352 254 1 318 69
