person 0.8360199332237244 213 156 342 373
chair 0.030442774295806885 3 235 336 373
person 0.961100161075592 347 220 496 374
chair 0.0019494593143463135 347 210 499 373
sofa 0.008915573358535767 223 144 477 372
chair 0.005865275859832764 276 137 485 367
sofa 0.42919015884399414 13 155 501 374
sofa 0.001714080572128296 297 123 499 375
person 0.8370884656906128 443 33 499 375
chair 0.0075772106647491455 1 238 172 373
chair 0.006145477294921875 1 169 307 373
person 0.8181580305099487 321 136 497 374
person 0.9022672176361084 26 83 302 373
chair 0.008511096239089966 444 114 499 372
person 0.001554727554321289 444 33 499 166
chair 0.001335442066192627 458 217 499 342
chair 0.0019343793392181396 319 135 455 277
person 0.004348009824752808 11 82 470 372
chair 0.009746164083480835 0 235 54 374
bottle 0.0017823278903961182 430 332 470 373
person 0.13117218017578125 152 156 183 192
person 0.0048677921295166016 488 203 500 368
person 0.0031358301639556885 164 188 260 357
chair 0.004231303930282593 3 232 121 373
bottle 0.014009058475494385 173 200 231 258
person 0.0023875534534454346 320 137 451 299
person 0.0013302266597747803 483 180 499 322
person 0.005597800016403198 457 198 500 339
chair 0.0019799768924713135 489 274 499 376
bottle 0.003222525119781494 197 206 230 259
person 0.0013995170593261719 472 234 499 374
tvmonitor 0.001335442066192627 253 10 340 103
person 0.23161658644676208 275 32 313 100
person 0.059427469968795776 296 38 317 96
chair 0.002424955368041992 465 212 499 371
