horse 0.9268327951431274 47 211 300 430
horse 0.007636308670043945 109 191 298 433
horse 0.0051396191120147705 341 88 416 452
person 0.002199828624725342 134 165 204 276
person 0.0016355812549591064 126 151 201 255
person 0.0020991265773773193 147 151 208 267
horse 0.001225501298904419 111 151 167 241
person 0.14128419756889343 157 122 237 267
person 0.6688798069953918 190 122 237 258
person 0.8322356343269348 135 153 203 340
horse 0.0011971890926361084 144 268 238 405
horse 0.017443329095840454 110 151 221 275
horse 0.1422344446182251 110 151 208 324
horse 0.29583969712257385 111 150 261 329
