dog 0.013637453317642212 125 239 318 434
dog 0.05877736210823059 1 247 260 499
dog 0.0011648833751678467 30 254 336 435
person 0.1666761040687561 171 113 373 451
person 0.007431507110595703 1 116 260 417
dog 0.15405568480491638 121 152 373 443
chair 0.04535484313964844 6 293 373 500
dog 0.022672325372695923 0 117 214 375
dog 0.12378615140914917 0 116 360 467
person 0.6918100118637085 1 116 366 492
person 0.1783832311630249 10 224 309 499
chair 0.0021827220916748047 6 422 372 500
chair 0.0010083019733428955 13 451 372 500
dog 0.16131919622421265 119 255 250 433
chair 0.0010733604431152344 169 106 375 483
person 0.002746790647506714 149 128 352 270
person 0.01764485239982605 205 119 346 243
dog 0.04193025827407837 103 255 226 423
dog 0.004556000232696533 194 315 315 448
dog 0.031024068593978882 130 325 290 432
person 0.011201143264770508 129 270 255 430
chair 0.0011031031608581543 264 0 374 185
bottle 0.006388753652572632 115 249 248 424
dog 0.028544962406158447 153 172 315 389
tvmonitor 0.001012265682220459 250 475 373 500
person 0.5078119039535522 141 0 372 464
chair 0.003298431634902954 55 0 374 271
chair 0.001020193099975586 123 0 374 194
bottle 0.0013250410556793213 93 295 146 364
person 0.009124904870986938 228 120 374 204
bottle 0.0019419193267822266 141 336 207 399
person 0.009089648723602295 138 329 252 430
dog 0.0370461642742157 138 330 254 430
tvmonitor 0.002115577459335327 274 318 374 499
dog 0.13707196712493896 175 173 312 303
