boat 0.920507550239563 168 80 256 276
boat 0.8582413196563721 229 56 345 304
boat 0.0021573007106781006 57 196 108 264
boat 0.009670913219451904 90 184 120 263
boat 0.0011160969734191895 168 233 258 276
boat 0.009784013032913208 58 249 106 264
boat 0.0012496113777160645 184 236 354 301
boat 0.0023782849311828613 228 164 346 304
person 0.0012159943580627441 231 273 248 291
boat 0.002935171127319336 229 274 262 299
boat 0.0069571733474731445 228 274 285 301
boat 0.0015189051628112793 57 239 120 265
boat 0.13799899816513062 229 271 347 304
boat 0.001489490270614624 229 278 271 301
boat 0.0014215409755706787 232 198 257 263
boat 0.0010485053062438965 63 171 99 264
boat 0.0011694133281707764 76 169 108 264
boat 0.003824770450592041 99 174 121 261
boat 0.01711207628250122 215 171 255 264
boat 0.0012447535991668701 242 84 311 274
boat 0.007260352373123169 258 98 316 278
boat 0.011158108711242676 259 95 338 280
boat 0.0033371448516845703 287 97 343 284
boat 0.0010526180267333984 71 163 95 266
boat 0.8824281692504883 57 168 120 265
boat 0.0011248290538787842 201 76 256 267
boat 0.0010650157928466797 275 50 338 351
person 0.012674123048782349 293 247 309 275
boat 0.0030516982078552246 167 253 244 276
boat 0.0011558830738067627 161 246 269 275
boat 0.0022696256637573242 77 166 96 264
boat 0.006339401006698608 82 170 105 261
boat 0.005040973424911499 86 171 112 256
boat 0.0030280649662017822 91 174 113 249
boat 0.008677929639816284 95 185 116 249
boat 0.0022873878479003906 220 168 239 261
boat 0.002901047468185425 222 169 244 258
