chair 0.0016228556632995605 2 328 90 476
chair 0.0018822550773620605 2 371 90 473
chair 0.0025212466716766357 1 410 89 474
person 0.9043107628822327 91 90 206 492
person 0.9414379596710205 257 99 367 460
diningtable 0.00118333101272583 1 423 89 497
diningtable 0.013223767280578613 1 471 101 499
diningtable 0.010091900825500488 1 471 152 499
diningtable 0.004348009824752808 0 460 232 499
tvmonitor 0.0017478764057159424 127 210 283 392
pottedplant 0.002199828624725342 100 74 129 135
pottedplant 0.009267330169677734 17 156 58 271
bottle 0.6224589347839355 181 204 202 248
pottedplant 0.0022785067558288574 218 72 298 147
chair 0.0024724602699279785 0 473 121 500
bottle 0.001957029104232788 0 441 64 499
tvmonitor 0.025273829698562622 186 219 354 362
diningtable 0.00208282470703125 0 472 63 499
person 0.001714080572128296 0 483 57 499
car 0.001560807228088379 134 103 242 154
car 0.005343139171600342 159 104 240 143
bottle 0.0015977323055267334 0 439 25 500
bottle 0.0010362863540649414 148 132 185 181
tvmonitor 0.22953715920448303 183 211 281 361
person 0.00394555926322937 4 488 32 499
person 0.00803142786026001 9 488 37 499
person 0.014841258525848389 7 473 63 499
chair 0.002958148717880249 14 473 66 500
bottle 0.005240768194198608 9 473 62 499
bottle 0.004609555006027222 183 194 194 233
bottle 0.0015010833740234375 257 164 278 207
bottle 0.0012943148612976074 135 386 150 411
bottle 0.07030656933784485 183 195 195 246
chair 0.001020193099975586 0 413 44 473
