person 0.8464525938034058 0 179 191 331
person 0.8074612021446228 372 91 500 239
person 0.0028118789196014404 0 94 44 333
person 0.0031115710735321045 67 247 190 332
person 0.02275875210762024 0 179 59 331
person 0.7302901148796082 62 180 178 330
person 0.6540116667747498 369 152 499 331
diningtable 0.8198937177658081 146 228 446 332
person 0.026913702487945557 0 177 95 331
person 0.06324738264083862 358 147 394 202
person 0.001069188117980957 371 91 481 160
person 0.04272308945655823 358 147 383 201
person 0.00462755560874939 356 152 381 219
person 0.002090960741043091 352 150 403 244
person 0.0024824440479278564 357 149 390 231
chair 0.0033763349056243896 414 156 486 220
chair 0.008445650339126587 435 156 486 229
person 0.0028009116649627686 0 188 9 344
chair 0.0019494593143463135 0 243 16 333
bottle 0.0010485053062438965 307 208 321 250
chair 0.006145477294921875 477 188 499 337
person 0.0029237568378448486 118 174 194 318
person 0.001495271921157837 141 184 202 310
chair 0.011244326829910278 486 181 499 331
bottle 0.7943847179412842 306 209 326 278
chair 0.0022607743740081787 66 225 134 294
bottle 0.003635883331298828 484 171 499 272
person 0.001388639211654663 142 227 166 272
person 0.04485040903091431 0 183 23 332
person 0.004700213670730591 0 206 15 341
person 0.003496825695037842 144 177 179 257
bottle 0.0012399256229400635 210 212 220 243
bottle 0.003991752862930298 253 205 268 251
person 0.0021912753582000732 144 187 173 263
chair 0.002790004014968872 441 205 499 331
bottle 0.003416001796722412 262 209 275 252
bottle 0.0011879205703735352 282 220 302 262
bottle 0.004538297653198242 253 194 265 235
person 0.010986179113388062 118 176 169 270
person 0.004944056272506714 371 91 436 160
person 0.0022344589233398438 0 43 10 231
person 0.7931057214736938 144 169 202 248
bottle 0.005532950162887573 484 201 499 269
person 0.8386808037757874 342 146 418 279
chair 0.0076958537101745605 435 140 499 313
person 0.0011424720287322998 141 216 192 271
bottle 0.0021073520183563232 281 220 307 288
bottle 0.001680910587310791 306 208 336 279
person 0.0010988116264343262 161 182 205 239
bottle 0.0013995170593261719 308 208 320 240
chair 0.005099952220916748 484 134 499 277
person 0.0019419193267822266 375 150 477 288
person 0.01904943585395813 482 120 499 342
person 0.0030162930488586426 85 179 164 278
person 0.498046875 279 151 366 243
person 0.7185944318771362 310 151 365 242
person 0.004982620477676392 391 149 437 277
chair 0.01094403862953186 434 138 491 263
person 0.010611921548843384 467 96 499 292
person 0.001714080572128296 0 160 25 297
person 0.006719321012496948 485 97 499 240
person 0.003884732723236084 144 206 180 260
bottle 0.020488768815994263 260 209 271 250
bottle 0.005080223083496094 264 208 277 260
person 0.0250818133354187 484 181 499 271
person 0.004297584295272827 0 75 15 306
person 0.7476164698600769 86 167 127 229
person 0.0024921000003814697 86 169 147 234
person 0.0017073750495910645 390 141 412 196
person 0.7606483697891235 269 149 321 228
person 0.0010650157928466797 390 141 424 195
person 0.002501755952835083 490 91 499 239
person 0.0016483962535858154 142 213 204 262
person 0.002912372350692749 144 170 182 234
person 0.001432657241821289 287 155 324 229
person 0.0010322332382202148 344 149 384 246
chair 0.0013940632343292236 450 139 499 241
person 0.0017275214195251465 0 222 6 334
person 0.004399091005325317 143 246 196 315
chair 0.005957245826721191 431 126 488 241
person 0.0051396191120147705 444 117 499 265
chair 0.010052919387817383 451 148 487 236
person 0.12940073013305664 57 167 127 244
person 0.0010733604431152344 480 121 499 260
