chair 0.05644682049751282 22 235 176 374
tvmonitor 0.00593411922454834 296 149 342 179
tvmonitor 0.21337738633155823 326 140 373 175
tvmonitor 0.003650069236755371 366 189 419 246
chair 0.8697161674499512 46 135 117 230
chair 0.0015487074851989746 28 130 111 220
chair 0.038034677505493164 127 143 163 169
tvmonitor 0.12591978907585144 29 267 176 373
chair 0.003442734479904175 20 246 80 295
tvmonitor 0.0012065470218658447 174 148 231 205
dog 0.006364047527313232 28 270 152 350
chair 0.001028209924697876 20 246 122 300
cat 0.0020991265773773193 28 268 172 349
chair 0.0018033087253570557 18 207 98 266
chair 0.020293354988098145 14 127 84 239
chair 0.0018388032913208008 92 212 148 268
chair 0.002018868923187256 17 173 98 265
chair 0.0013724565505981445 160 138 183 171
cat 0.005021452903747559 16 173 66 220
chair 0.004314333200454712 91 137 151 268
diningtable 0.005842477083206177 174 305 340 374
chair 0.0014215409755706787 113 145 178 241
tvmonitor 0.0015791356563568115 277 125 322 167
chair 0.5640987157821655 13 126 69 226
tvmonitor 0.6477978229522705 174 147 258 207
