bicycle 0.0019117295742034912 281 217 425 374
motorbike 0.7648890018463135 142 5 463 369
horse 0.34864580631256104 0 0 278 372
person 0.2450861930847168 197 82 285 283
motorbike 0.7248698472976685 258 8 459 372
horse 0.00276830792427063 0 17 129 370
motorbike 0.00443345308303833 161 21 326 227
person 0.0022344589233398438 0 -28 92 237
person 0.0033763349056243896 0 55 96 236
person 0.0013995170593261719 0 183 21 305
horse 0.0016874969005584717 0 38 57 267
horse 0.0249863862991333 0 60 101 247
person 0.0011879205703735352 66 67 256 282
motorbike 0.0011424720287322998 163 203 264 342
motorbike 0.4834044873714447 -1 1 287 368
motorbike 0.43110501766204834 80 3 286 292
person 0.027067720890045166 0 24 85 333
person 0.0019266009330749512 0 4 157 361
person 0.05686435103416443 163 15 285 284
car 0.001560807228088379 52 0 307 179
car 0.0010733604431152344 32 2 476 210
person 0.002725452184677124 53 0 285 248
motorbike 0.0019419193267822266 35 1 464 307
person 0.02280205488204956 0 0 286 347
person 0.0015487074851989746 0 168 33 303
person 0.003884732723236084 0 67 79 294
person 0.002323359251022339 141 90 254 296
person 0.004198610782623291 175 93 254 289
bird 0.0019117295742034912 0 39 50 295
bird 0.0015977323055267334 0 66 96 256
motorbike 0.0010485053062438965 146 93 255 305
person 0.11919951438903809 225 96 285 283
person 0.04402092099189758 0 59 54 309
