chair 0.6343173384666443 200 154 499 373
person 0.003160238265991211 434 37 499 368
sofa 0.007120847702026367 430 134 500 369
chair 0.005099952220916748 428 150 500 369
tvmonitor 0.001831650733947754 122 48 198 136
tvmonitor 0.001225501298904419 470 -21 499 163
tvmonitor 0.0015366971492767334 465 51 499 170
tvmonitor 0.25312113761901855 67 56 194 200
bottle 0.0035935938358306885 298 85 316 148
chair 0.001714080572128296 459 148 499 376
tvmonitor 0.5438323616981506 347 0 499 150
tvmonitor 0.0032602250576019287 9 66 195 202
chair 0.001674354076385498 248 240 434 374
tvmonitor 0.9546451568603516 0 78 127 272
bottle 0.002115577459335327 364 128 413 156
person 0.0014438629150390625 39 152 60 182
bottle 0.0010043680667877197 74 25 101 64
tvmonitor 0.0060506463050842285 111 13 187 69
person 0.0010043680667877197 470 33 499 310
chair 0.00391504168510437 0 283 96 374
