diningtable 0.5535054206848145 0 273 495 373
pottedplant 0.00142708420753479 2 89 164 372
bottle 0.0011160969734191895 401 167 412 207
person 0.0011603832244873047 316 160 330 188
person 0.006615281105041504 333 162 346 189
person 0.0010162293910980225 381 158 394 180
person 0.008846968412399292 383 161 396 182
person 0.004297584295272827 233 159 258 219
person 0.10338345170021057 475 146 499 257
bottle 0.0019266009330749512 343 249 384 320
chair 0.016530483961105347 462 223 499 303
chair 0.02920001745223999 479 215 499 309
chair 0.005865275859832764 343 229 403 287
chair 0.0037074387073516846 345 228 423 277
chair 0.0014050006866455078 365 227 460 293
person 0.0012350976467132568 234 154 263 248
chair 0.1436695158481598 466 190 499 304
chair 0.0010945498943328857 92 241 145 323
chair 0.006692379713058472 176 209 242 345
chair 0.002757549285888672 230 226 308 317
tvmonitor 0.020845085382461548 17 1 221 305
chair 0.0015366971492767334 253 237 326 331
pottedplant 0.00391504168510437 54 223 101 308
person 0.008711427450180054 470 45 499 354
chair 0.01186823844909668 484 159 499 314
bus 0.008380681276321411 16 2 370 303
chair 0.0012447535991668701 315 228 391 318
chair 0.018904060125350952 342 235 388 321
chair 0.0020267367362976074 340 228 452 321
person 0.0013302266597747803 464 45 499 259
chair 0.0524231493473053 412 228 458 312
chair 0.02931046485900879 175 238 234 345
pottedplant 0.0019117295742034912 32 177 90 251
chair 0.0034832358360290527 252 242 305 329
chair 0.005219787359237671 343 231 388 277
chair 0.07290294766426086 91 248 147 358
chair 0.0016355812549591064 133 210 242 303
chair 0.004609555006027222 179 182 240 303
chair 0.035680413246154785 184 158 254 301
person 0.0030995309352874756 383 162 403 195
chair 0.004718571901321411 191 183 265 302
chair 0.0021827220916748047 263 211 309 299
chair 0.0016228556632995605 461 218 499 363
person 0.732591450214386 184 154 247 298
person 0.012383639812469482 198 152 290 299
person 0.8397353291511536 242 146 304 297
person 0.8333238959312439 342 156 401 278
diningtable 0.0010322332382202148 379 190 472 269
pottedplant 0.0021321773529052734 411 185 473 274
pottedplant 0.0013564825057983398 412 172 478 288
person 0.1955936849117279 472 126 499 321
pottedplant 0.002453356981277466 20 159 113 311
pottedplant 0.011244326829910278 39 159 160 319
pottedplant 0.003510504961013794 295 151 353 281
diningtable 0.001477956771850586 382 210 463 274
chair 0.0013564825057983398 412 216 466 281
bottle 0.002424955368041992 316 160 328 194
person 0.002779155969619751 384 161 402 210
chair 0.0010817945003509521 0 222 29 315
chair 0.0013778507709503174 23 224 65 298
person 0.002011030912399292 487 151 499 283
chair 0.0022873878479003906 178 232 235 304
diningtable 0.0016874969005584717 479 239 499 336
pottedplant 0.0025310516357421875 21 157 84 230
person 0.002757549285888672 457 132 499 289
chair 0.002018868923187256 0 104 41 325
pottedplant 0.0018969178199768066 21 151 90 279
