sofa 0.8670357465744019 125 244 396 373
chair 0.6740499138832092 16 248 130 373
person 0.0016483962535858154 357 126 499 345
chair 0.0018174350261688232 423 256 499 373
sofa 0.09268999099731445 358 208 499 338
tvmonitor 0.0013459324836730957 0 229 11 339
bottle 0.0011513829231262207 414 277 430 313
chair 0.0019419193267822266 444 320 499 374
bottle 0.0013778507709503174 415 282 428 315
bottle 0.0029466450214385986 483 204 496 242
bottle 0.003780364990234375 493 200 499 247
chair 0.0010241866111755371 55 256 132 374
chair 0.00443345308303833 78 254 193 373
person 0.0011248290538787842 471 196 499 373
bottle 0.0099753737449646 490 282 500 340
chair 0.0017963051795959473 0 198 13 373
chair 0.004399091005325317 242 243 396 328
chair 0.09842309355735779 121 249 192 373
chair 0.0024921000003814697 489 241 500 358
tvmonitor 0.001264333724975586 0 232 19 310
chair 0.002003192901611328 477 281 499 376
sofa 0.003075540065765381 357 198 462 261
chair 0.001432657241821289 461 245 499 373
bottle 0.019869893789291382 431 289 445 322
chair 0.001040339469909668 124 295 210 373
chair 0.0017275214195251465 467 212 499 373
chair 0.001831650733947754 0 228 12 382
chair 0.00208282470703125 0 229 18 379
pottedplant 0.009375691413879395 215 200 251 251
