boat 0.0018604099750518799 364 215 499 330
aeroplane 0.03384503722190857 370 82 499 307
aeroplane 0.02479657530784607 370 161 499 297
aeroplane 0.006097882986068726 367 211 499 315
car 0.001178741455078125 204 298 226 314
car 0.0021573007106781006 211 298 233 312
car 0.0017478764057159424 222 298 239 315
car 0.0067453086376190186 241 296 264 327
car 0.0011160969734191895 11 310 28 328
car 0.004450768232345581 12 309 38 328
bus 0.001040339469909668 52 252 217 278
car 0.005752265453338623 39 309 74 330
car 0.0030398666858673096 57 310 75 330
car 0.001289278268814087 80 310 106 331
bus 0.001388639211654663 81 256 127 268
car 0.0012692809104919434 81 255 127 269
car 0.011776894330978394 253 258 279 274
bicycle 0.004556000232696533 258 253 299 272
bicycle 0.0012018680572509766 277 253 299 271
car 0.0035518109798431396 184 301 208 313
car 0.001714080572128296 261 299 278 321
person 0.0018033087253570557 234 267 243 295
aeroplane 0.002199828624725342 372 214 500 262
aeroplane 0.0011879205703735352 438 186 494 236
car 0.003565669059753418 125 309 144 330
bird 0.003565669059753418 462 185 478 202
car 0.003751039505004883 185 303 203 323
car 0.8244603872299194 186 301 225 330
car 0.7981867790222168 222 297 262 329
car 0.8198937177658081 261 293 308 328
motorbike 0.018474966287612915 77 316 103 331
aeroplane 0.005888134241104126 460 185 481 220
person 0.003063589334487915 461 186 481 219
aeroplane 0.0034293532371520996 375 185 500 249
car 0.003537982702255249 0 308 36 331
car 0.740175724029541 8 308 74 331
car 0.03032785654067993 77 317 102 331
car 0.031497299671173096 75 311 125 331
motorbike 0.26511818170547485 77 311 130 332
person 0.011244326829910278 98 309 130 331
car 0.007065832614898682 80 310 142 331
car 0.004556000232696533 143 311 164 330
car 0.8221883177757263 150 307 188 331
car 0.03079017996788025 133 311 155 331
car 0.0021912753582000732 145 311 173 331
bird 0.030099451541900635 462 185 480 220
car 0.0017963051795959473 247 300 264 328
