diningtable 0.002323359251022339 304 169 497 334
chair 0.7279752492904663 282 4 495 286
dog 0.8407841920852661 4 30 347 328
diningtable 0.002341538667678833 19 33 496 334
diningtable 0.0033763349056243896 22 132 495 334
chair 0.00421491265296936 297 7 441 170
chair 0.0010860264301300049 486 111 499 333
diningtable 0.001714080572128296 300 225 507 335
chair 0.016530483961105347 424 38 494 254
chair 0.005597800016403198 440 17 495 265
chair 0.002003192901611328 207 5 487 223
chair 0.004609555006027222 400 6 497 227
chair 0.0034832358360290527 35 7 495 324
chair 0.00438198447227478 351 6 496 249
person 0.0012842416763305664 409 4 495 180
chair 0.023778796195983887 315 18 461 281
chair 0.0010004639625549316 492 136 499 257
