cat 0.9451957941055298 57 131 207 408
tvmonitor 0.0069571733474731445 0 434 302 499
pottedplant 0.0015977323055267334 152 87 197 119
chair 0.0013778507709503174 256 0 292 39
pottedplant 0.05964553356170654 36 94 80 131
pottedplant 0.007402688264846802 56 95 80 132
person 0.001146942377090454 283 0 374 59
pottedplant 0.009124904870986938 7 121 93 223
pottedplant 0.005301922559738159 58 160 94 222
pottedplant 0.009054571390151978 216 296 261 335
cat 0.0028784871101379395 125 130 208 326
pottedplant 0.014784276485443115 79 97 136 150
pottedplant 0.0012350976467132568 232 161 268 214
cat 0.003824770450592041 216 295 260 336
pottedplant 0.0020585954189300537 5 121 88 191
pottedplant 0.003565669059753418 86 97 113 150
pottedplant 0.0013617873191833496 32 184 94 222
pottedplant 0.0014438629150390625 10 187 66 224
