chair 0.24220746755599976 338 198 499 330
chair 0.003123670816421509 340 57 499 330
chair 0.04535484313964844 465 19 499 327
person 0.9586938619613647 162 81 373 330
chair 0.0012112557888031006 0 206 196 330
diningtable 0.01704654097557068 11 281 208 330
chair 0.001455157995223999 475 116 499 237
boat 0.002341538667678833 473 -16 499 218
boat 0.005426615476608276 469 0 499 177
boat 0.0034293532371520996 448 4 499 174
boat 0.0025409162044525146 469 -4 499 264
person 0.004054129123687744 493 67 500 170
pottedplant 0.001674354076385498 250 171 367 333
boat 0.003765672445297241 4 0 494 308
boat 0.0022519826889038086 381 0 499 299
bottle 0.003063589334487915 0 278 15 331
boat 0.0021321773529052734 409 7 499 328
bottle 0.00406983494758606 0 279 26 331
boat 0.017310142517089844 461 7 499 324
bottle 0.0028009116649627686 261 247 322 331
boat 0.0015487074851989746 9 -185 489 186
boat 0.002790004014968872 479 59 499 176
boat 0.0031358301639556885 493 56 500 172
pottedplant 0.005099952220916748 465 148 476 165
bottle 0.009821981191635132 491 134 499 170
bottle 0.001012265682220459 482 135 499 171
tvmonitor 0.002406179904937744 0 283 27 330
chair 0.005554467439651489 466 101 499 233
bottle 0.005240768194198608 0 242 39 330
chair 0.005511492490768433 465 66 499 253
chair 0.007755845785140991 466 166 499 230
chair 0.005554467439651489 467 143 499 234
