sofa 0.06164824962615967 0 211 31 372
diningtable 0.004231303930282593 63 219 259 372
chair 0.6242939233779907 319 224 499 373
sofa 0.0018103718757629395 0 206 63 372
diningtable 0.03410175442695618 89 218 282 321
diningtable 0.028222382068634033 202 196 309 276
chair 0.006339401006698608 0 121 29 373
diningtable 0.45035916566848755 78 220 210 318
diningtable 0.017443329095840454 201 214 301 305
sofa 0.0011971890926361084 1 244 181 373
diningtable 0.00208282470703125 17 263 183 373
pottedplant 0.6288644671440125 323 115 466 218
tvmonitor 0.01530534029006958 421 184 472 217
pottedplant 0.004297584295272827 129 177 166 225
pottedplant 0.0014438629150390625 190 195 223 221
chair 0.0016613304615020752 207 193 244 227
chair 0.0019191503524780273 210 193 272 225
chair 0.003751039505004883 0 200 13 291
chair 0.011158108711242676 238 194 275 233
pottedplant 0.0034696757793426514 202 207 229 290
pottedplant 0.009784013032913208 207 211 227 257
diningtable 0.0017547309398651123 148 219 250 311
pottedplant 0.02386951446533203 158 182 195 225
pottedplant 0.07369807362556458 158 181 212 229
pottedplant 0.0035935938358306885 163 194 217 227
pottedplant 0.001040339469909668 185 195 223 230
chair 0.005576103925704956 145 216 195 290
chair 0.004399091005325317 317 238 499 304
chair 0.0030516982078552246 72 212 106 277
chair 0.011418908834457397 238 194 274 219
chair 0.0026832520961761475 93 217 160 288
pottedplant 0.00369301438331604 81 144 156 225
bottle 0.01048976182937622 326 285 343 329
chair 0.03527957201004028 362 238 481 373
chair 0.08632457256317139 86 215 179 372
chair 0.0019876956939697266 0 225 17 339
chair 0.02405199408531189 203 192 275 280
chair 0.027274370193481445 234 192 280 270
chair 0.002011030912399292 0 176 14 277
chair 0.001040339469909668 0 206 8 236
chair 0.001714080572128296 82 208 125 228
chair 0.912433922290802 204 223 283 327
chair 0.0015487074851989746 365 231 489 325
chair 0.0019266009330749512 0 216 12 326
chair 0.001432657241821289 371 214 481 302
pottedplant 0.022372186183929443 120 153 157 223
pottedplant 0.0034696757793426514 130 175 201 227
bird 0.0018245279788970947 158 181 192 224
chair 0.0010083019733428955 428 243 499 374
chair 0.07949241995811462 470 242 499 373
chair 0.0646505355834961 83 210 131 285
chair 0.8244603872299194 143 218 208 308
chair 0.002935171127319336 157 202 239 306
chair 0.009267330169677734 198 203 251 302
pottedplant 0.005619615316390991 208 213 227 246
chair 0.0010162293910980225 99 168 158 283
chair 0.0034832358360290527 0 187 15 364
pottedplant 0.001264333724975586 219 166 235 192
pottedplant 0.2720247507095337 224 158 245 191
pottedplant 0.0013778507709503174 357 140 428 211
chair 0.19682586193084717 0 275 31 374
chair 0.0010988116264343262 205 216 242 310
chair 0.02517762780189514 80 209 125 238
chair 0.01711207628250122 211 193 272 261
chair 0.044351041316986084 237 194 274 257
chair 0.003285646438598633 244 192 292 268
cat 0.00135117769241333 78 209 125 237
pottedplant 0.0320991575717926 303 282 346 316
pottedplant 0.027692049741744995 118 152 202 283
pottedplant 0.04849517345428467 128 180 215 283
pottedplant 0.0026832520961761475 429 95 466 116
chair 0.0064885616302490234 236 190 314 270
chair 0.9059895277023315 268 191 315 271
chair 0.0013250410556793213 0 137 14 264
chair 0.005040973424911499 0 206 13 250
pottedplant 0.03296089172363281 118 151 162 282
pottedplant 0.0067453086376190186 121 155 222 224
pottedplant 0.018194735050201416 159 156 224 228
