person 0.025225698947906494 421 130 499 372
chair 0.01196029782295227 0 208 98 373
dog 0.003222525119781494 420 218 499 373
chair 0.0024438798427581787 0 57 100 372
person 0.0016355812549591064 311 150 499 373
diningtable 0.007877200841903687 56 291 482 374
diningtable 0.002969682216644287 420 268 499 373
pottedplant 0.042883336544036865 168 78 252 224
pottedplant 0.019984513521194458 271 58 438 301
person 0.002590775489807129 350 38 499 373
person 0.002359837293624878 0 43 99 367
pottedplant 0.0024921000003814697 151 120 438 311
pottedplant 0.02186596393585205 277 128 424 310
person 0.058133482933044434 423 12 499 372
diningtable 0.007176309823989868 4 184 493 371
pottedplant 0.006438493728637695 246 147 444 360
pottedplant 0.01771247386932373 97 98 155 163
pottedplant 0.0010902583599090576 114 40 199 170
pottedplant 0.007518589496612549 0 76 97 231
pottedplant 0.028870850801467896 141 64 255 223
pottedplant 0.004503071308135986 82 186 131 230
pottedplant 0.02405199408531189 3 76 95 149
pottedplant 0.0064885616302490234 39 92 159 199
pottedplant 0.0016483962535858154 108 93 185 180
pottedplant 0.0013147294521331787 134 44 206 211
bottle 0.004924893379211426 407 107 456 145
pottedplant 0.003650069236755371 410 107 456 146
pottedplant 0.0019419193267822266 406 107 457 165
bottle 0.005261063575744629 484 85 498 205
pottedplant 0.021207362413406372 111 99 158 161
bottle 0.0026727914810180664 410 116 437 163
bottle 0.012193650007247925 410 112 448 164
bottle 0.019418001174926758 239 101 293 177
pottedplant 0.7248698472976685 139 1 299 224
dog 0.0013778507709503174 443 270 499 373
pottedplant 0.23440924286842346 145 0 475 227
pottedplant 0.003884732723236084 357 86 408 219
dog 0.00391504168510437 466 219 499 372
bottle 0.003496825695037842 464 256 499 376
pottedplant 0.0037074387073516846 0 10 102 231
pottedplant 0.001964658498764038 34 34 168 230
person 0.00406983494758606 464 151 499 375
chair 0.006823897361755371 419 268 499 374
bottle 0.11516469717025757 489 84 499 212
chair 0.007148534059524536 420 225 500 374
bottle 0.8479689955711365 447 89 493 207
pottedplant 0.5399537086486816 265 0 487 226
pottedplant 0.07159435749053955 63 96 139 229
pottedplant 0.06030997633934021 87 98 150 228
pottedplant 0.002779155969619751 0 26 96 318
bottle 0.01090201735496521 466 147 499 373
pottedplant 0.7416753768920898 97 97 188 228
bottle 0.14033910632133484 239 99 302 227
pottedplant 0.0012842416763305664 92 116 132 237
pottedplant 0.006145477294921875 187 2 297 191
pottedplant 0.0011336207389831543 195 8 345 192
pottedplant 0.0016874969005584717 68 21 340 225
pottedplant 0.001028209924697876 288 0 495 161
pottedplant 0.09467661380767822 283 63 416 224
pottedplant 0.010209739208221436 328 65 415 220
bottle 0.19930782914161682 402 111 455 217
pottedplant 0.0012302696704864502 21 0 183 230
bottle 0.002115577459335327 477 73 499 219
pottedplant 0.03718525171279907 84 98 132 229
pottedplant 0.0015853047370910645 124 103 211 229
tvmonitor 0.0030280649662017822 0 0 65 78
pottedplant 0.0015853047370910645 0 0 89 155
pottedplant 0.008812874555587769 333 158 410 218
pottedplant 0.004166156053543091 95 103 131 183
pottedplant 0.019869893789291382 285 97 362 227
pottedplant 0.003991752862930298 357 156 407 219
tvmonitor 0.0011160969734191895 0 135 75 231
pottedplant 0.08509886264801025 238 99 308 226
