train 0.005490154027938843 15 38 393 320
person 0.0014438629150390625 243 0 500 330
person 0.9509623050689697 0 1 224 332
train 0.0075772106647491455 80 167 379 237
train 0.7295198440551758 236 172 376 233
train 0.003736436367034912 38 166 378 308
person 0.955483078956604 333 1 499 332
person 0.0010004639625549316 0 26 72 332
train 0.0022170841693878174 124 170 378 327
tvmonitor 0.005511492490768433 41 55 84 144
train 0.002359837293624878 276 172 326 195
train 0.001335442066192627 276 172 332 210
train 0.0012496113777160645 155 0 499 324
person 0.0026008784770965576 0 1 134 330
person 0.0021488964557647705 0 0 135 174
dog 0.02186596393585205 220 225 237 240
train 0.0014438629150390625 320 179 375 223
person 0.001714080572128296 429 178 452 203
