chair 0.9629538059234619 365 202 475 350
sofa 0.018867909908294678 0 246 33 372
diningtable 0.0025508105754852295 0 257 33 373
chair 0.957595705986023 100 219 233 363
chair 0.0020346641540527344 0 246 8 328
chair 0.02096518874168396 0 255 31 374
chair 0.031497299671173096 483 235 499 373
pottedplant 0.023688465356826782 0 258 31 374
chair 0.005865275859832764 0 255 10 351
chair 0.00831615924835205 0 256 22 351
chair 0.016530483961105347 0 260 7 299
chair 0.0020666420459747314 0 258 11 301
chair 0.00629037618637085 0 258 7 335
chair 0.003235042095184326 0 258 14 339
pottedplant 0.8438971638679504 270 217 314 247
bottle 0.0012544989585876465 0 275 30 374
diningtable 0.0014104843139648438 0 336 104 373
