car 0.006003767251968384 478 140 499 288
bicycle 0.9227616190910339 274 191 383 294
person 0.015483170747756958 481 177 499 235
bottle 0.00517958402633667 308 186 339 239
person 0.0012594163417816162 130 159 141 182
person 0.005040973424911499 331 143 356 174
person 0.0010083019733428955 466 113 499 246
bicycle 0.003160238265991211 481 179 499 263
dog 0.06779336929321289 479 180 499 252
horse 0.004982620477676392 477 172 499 302
person 0.010052919387817383 478 170 500 307
bicycle 0.005911082029342651 274 190 344 270
person 0.8732177019119263 308 156 369 270
person 0.0013564825057983398 493 185 500 327
cow 0.0012842416763305664 458 177 500 263
cow 0.08449193835258484 479 173 499 263
person 0.012006610631942749 485 144 499 233
person 0.008252084255218506 489 137 500 231
person 0.02211776375770569 485 168 499 221
person 0.013122200965881348 489 169 499 213
car 0.019418001174926758 480 176 499 261
pottedplant 0.0032476186752319336 331 144 356 174
person 0.035546332597732544 480 139 499 256
