car 0.7279752492904663 23 185 171 256
car 0.9348751306533813 366 195 499 373
car 0.21337738633155823 175 172 262 236
person 0.0021488964557647705 309 191 321 213
person 0.0010902583599090576 341 188 351 208
car 0.014062851667404175 125 190 170 223
person 0.09106162190437317 247 196 262 226
person 0.0010817945003509521 285 195 296 213
person 0.0010241866111755371 310 192 329 214
person 0.013021320104598999 334 193 344 228
person 0.0016678273677825928 336 188 351 227
person 0.0010162293910980225 176 199 199 233
person 0.0010650157928466797 201 193 226 223
person 0.0023875534534454346 213 198 227 223
bus 0.0014438629150390625 246 157 396 207
train 0.0012350976467132568 281 154 403 210
train 0.0010362863540649414 312 153 397 210
train 0.001367121934890747 286 151 463 214
person 0.011331260204315186 333 199 348 230
person 0.010735392570495605 215 224 234 248
bicycle 0.002406179904937744 214 227 236 249
motorbike 0.0076958537101745605 215 224 235 248
train 0.004982620477676392 123 150 491 234
car 0.00118333101272583 10 188 120 255
bus 0.0034832358360290527 67 162 139 202
car 0.0033501386642456055 201 172 253 227
motorbike 0.0017963051795959473 125 190 170 239
person 0.0014215409755706787 214 210 236 249
person 0.0010817945003509521 215 204 244 241
bicycle 0.00834837555885315 332 214 351 230
motorbike 0.01956745982170105 332 214 351 230
person 0.02280205488204956 282 221 298 239
bus 0.0015010833740234375 57 162 171 232
bus 0.39793843030929565 202 173 262 229
bus 0.08540382981300354 276 167 319 206
bus 0.0012496113777160645 275 164 384 209
person 0.001554727554321289 126 239 140 261
person 0.0015853047370910645 407 176 415 197
person 0.0019117295742034912 409 177 417 197
person 0.005426615476608276 315 247 333 272
motorbike 0.0017275214195251465 176 193 241 237
person 0.0014382600784301758 219 203 244 233
person 0.0010567307472229004 280 195 298 238
person 0.01069408655166626 332 213 351 230
