person 0.018439680337905884 339 138 459 372
person 0.9312113523483276 156 177 224 374
person 0.9082899689674377 328 134 419 374
person 0.9355853796005249 406 139 498 366
person 0.9199342131614685 203 165 300 369
boat 0.042883336544036865 0 24 241 372
bottle 0.0024628937244415283 460 265 499 300
person 0.014009058475494385 461 256 499 302
person 0.014173001050949097 459 238 500 313
chair 0.0018388032913208008 0 182 13 296
boat 0.0010444223880767822 324 19 500 365
bottle 0.007816284894943237 460 278 499 299
chair 0.0048677921295166016 0 198 13 244
person 0.001524806022644043 189 176 257 377
boat 0.042087674140930176 0 -1 435 366
person 0.23092201352119446 462 168 499 366
person 0.012431591749191284 201 176 227 357
person 0.03197786211967468 325 173 377 371
person 0.003976315259933472 362 171 415 374
person 0.17895618081092834 461 225 499 368
person 0.0030045807361602783 200 175 238 376
person 0.016722261905670166 248 163 305 327
person 0.0012594163417816162 198 178 226 250
chair 0.007460415363311768 0 200 14 277
bottle 0.004297584295272827 459 281 487 300
person 0.02169954776763916 481 217 499 373
chair 0.010209739208221436 0 207 13 259
bottle 0.005426615476608276 361 250 382 276
chair 0.005532950162887573 0 114 13 296
person 0.8991247415542603 240 295 298 373
