diningtable 0.003809899091720581 15 136 492 288
person 0.0017893016338348389 0 125 20 349
person 0.5525398850440979 358 50 477 319
diningtable 0.027744650840759277 0 292 135 374
diningtable 0.0017547309398651123 0 300 445 373
car 0.0019419193267822266 53 314 499 373
person 0.005240768194198608 426 88 498 355
person 0.001560807228088379 0 139 53 371
chair 0.003324180841445923 458 95 498 145
bottle 0.0015729963779449463 0 253 5 374
person 0.4990234375 357 49 477 189
bottle 0.0011971890926361084 0 287 4 374
person 0.008478313684463501 456 94 499 219
bottle 0.9092611074447632 0 248 66 372
boat 0.001489490270614624 38 225 98 262
pottedplant 0.011776894330978394 32 186 77 251
person 0.4158473610877991 462 94 499 339
pottedplant 0.0011879205703735352 125 193 166 227
sofa 0.012053072452545166 3 138 466 285
chair 0.0014438629150390625 357 64 476 186
bottle 0.002199828624725342 0 12 14 149
pottedplant 0.002140522003173828 200 282 230 335
person 0.001489490270614624 481 95 499 149
person 0.0012350976467132568 492 80 500 239
pottedplant 0.012053072452545166 0 18 13 122
pottedplant 0.0011424720287322998 105 181 119 197
chair 0.003324180841445923 205 87 245 142
pottedplant 0.0033371448516845703 179 294 201 331
bottle 0.040997445583343506 0 153 18 291
person 0.0022170841693878174 482 95 499 196
chair 0.0017547309398651123 190 167 265 222
pottedplant 0.010289043188095093 81 198 135 231
bottle 0.005343139171600342 0 108 26 153
chair 0.0013044774532318115 112 0 230 103
person 0.001560807228088379 422 89 481 277
chair 0.00874510407447815 0 137 19 293
chair 0.006003767251968384 0 141 29 292
sofa 0.0020425915718078613 31 140 276 209
chair 0.002018868923187256 353 280 385 327
