diningtable 0.8688278198242188 5 129 497 375
diningtable 0.04995569586753845 0 168 51 373
chair 0.17724153399467468 0 83 51 362
chair 0.2407766878604889 466 33 499 280
chair 0.001335442066192627 0 181 152 374
cat 0.0034561753273010254 469 151 499 228
cat 0.0017823278903961182 478 147 499 232
chair 0.004364967346191406 327 62 411 151
chair 0.0015791356563568115 0 138 19 272
pottedplant 0.008611321449279785 164 62 236 157
sofa 0.0011160969734191895 473 150 499 237
pottedplant 0.00536385178565979 173 85 223 157
chair 0.007846683263778687 328 63 436 188
chair 0.004792630672454834 0 189 116 342
chair 0.021949589252471924 478 18 500 226
chair 0.0012544989585876465 0 267 25 375
bottle 0.001591503620147705 330 25 339 57
chair 0.0012350976467132568 478 214 499 346
chair 0.0026212334632873535 491 208 500 347
pottedplant 0.0021238625049591064 173 110 228 156
pottedplant 0.00106087327003479 323 5 462 190
chair 0.06584268808364868 0 181 50 338
chair 0.005980461835861206 478 87 499 226
chair 0.0012018680572509766 485 84 500 229
chair 0.42919015884399414 0 42 68 178
chair 0.0013564825057983398 0 41 21 281
pottedplant 0.005980461835861206 169 40 330 173
chair 0.002074718475341797 0 189 96 299
bottle 0.0021912753582000732 325 23 340 52
bottle 0.028761863708496094 338 20 349 50
diningtable 0.001489490270614624 329 56 464 191
bird 0.007636308670043945 209 174 228 206
tvmonitor 0.013532936573028564 384 5 446 57
person 0.001560807228088379 489 0 499 176
person 0.0019117295742034912 424 16 433 39
chair 0.0027042627334594727 0 182 36 278
pottedplant 0.004944056272506714 172 74 222 136
chair 0.0015853047370910645 324 61 390 142
pottedplant 0.001178741455078125 208 40 329 138
chair 0.0015010833740234375 321 68 378 135
chair 0.0030516982078552246 0 82 8 193
chair 0.003123670816421509 0 63 27 286
pottedplant 0.0015729963779449463 336 9 354 49
pottedplant 0.00208282470703125 335 5 360 50
pottedplant 0.004645615816116333 333 5 374 51
pottedplant 0.005511492490768433 353 17 377 56
bottle 0.0018245279788970947 329 27 340 65
chair 0.004102110862731934 0 185 20 274
chair 0.003272920846939087 0 193 43 270
chair 0.09807735681533813 288 0 320 49
chair 0.009746164083480835 464 179 500 284
chair 0.013585120439529419 468 155 499 291
chair 0.004573792219161987 484 145 499 294
bottle 0.002779155969619751 338 21 358 65
pottedplant 0.0021827220916748047 312 2 375 50
tvmonitor 0.012383639812469482 5 0 68 46
