horse 0.9092611074447632 97 59 344 500
person 0.001028209924697876 61 241 79 277
car 0.001012265682220459 74 253 110 292
car 0.0014215409755706787 84 252 110 287
bottle 0.007877200841903687 362 206 373 229
person 0.004231303930282593 212 159 358 313
boat 0.002074718475341797 315 177 364 204
pottedplant 0.0021742284297943115 315 168 365 205
person 0.005576103925704956 204 169 354 231
person 0.07807624340057373 267 193 358 233
pottedplant 0.0024921000003814697 317 166 373 232
car 0.0012544989585876465 86 252 112 310
person 0.173289954662323 41 236 56 277
person 0.0010650157928466797 56 244 67 275
person 0.0021321773529052734 66 240 80 271
person 0.004054129123687744 71 237 83 259
person 0.00276830792427063 79 234 92 258
person 0.007402688264846802 84 234 96 257
person 0.0064885616302490234 86 236 108 257
person 0.00834837555885315 94 238 109 256
bottle 0.0060506463050842285 358 206 374 253
person 0.13117218017578125 28 235 43 277
person 0.00438198447227478 68 239 80 260
car 0.48828333616256714 56 253 117 314
pottedplant 0.006003767251968384 349 173 374 229
pottedplant 0.0029466450214385986 362 198 373 228
person 0.001674354076385498 0 245 16 269
person 0.02585861086845398 39 236 51 277
person 0.003524214029312134 75 235 92 260
person 0.005199640989303589 82 234 101 257
person 0.0013778507709503174 244 187 365 314
