person 0.028437048196792603 107 261 225 373
person 0.005774706602096558 98 261 276 373
aeroplane 0.001455157995223999 79 173 490 233
person 0.012528061866760254 46 261 340 373
person 0.004792630672454834 62 261 478 373
bus 0.001367121934890747 346 198 427 212
aeroplane 0.00118333101272583 347 197 428 212
bus 0.004774004220962524 345 199 430 223
aeroplane 0.0010988116264343262 469 204 499 236
boat 0.004982620477676392 479 217 490 236
car 0.7732153534889221 178 201 251 233
train 0.0017963051795959473 343 200 457 225
aeroplane 0.019269704818725586 351 202 454 224
aeroplane 0.009821981191635132 478 215 494 235
aeroplane 0.0034832358360290527 481 215 499 237
aeroplane 0.8376206755638123 95 178 191 234
aeroplane 0.006217539310455322 89 179 252 234
aeroplane 0.005322486162185669 391 205 455 223
aeroplane 0.001264333724975586 473 212 498 236
person 0.002641737461090088 336 273 434 374
person 0.001120448112487793 155 211 174 233
person 0.012053072452545166 392 215 402 235
person 0.008950114250183105 479 215 490 236
aeroplane 0.0019117295742034912 488 214 499 236
