train 0.0012742578983306885 399 57 500 222
horse 0.010209739208221436 485 145 499 203
car 0.0116862952709198 485 146 499 206
train 0.0021073520183563232 396 175 438 192
person 0.004450768232345581 486 148 499 222
train 0.0075772106647491455 481 57 499 222
chair 0.004609555006027222 487 148 499 223
pottedplant 0.0017753839492797852 170 283 215 308
train 0.9196460247039795 59 0 265 243
train 0.03934001922607422 466 40 500 221
train 0.001972287893295288 480 102 499 199
train 0.001466512680053711 440 60 499 220
train 0.0022344589233398438 484 124 499 195
person 0.002790004014968872 486 135 499 181
train 0.001367121934890747 465 143 476 193
person 0.01798534393310547 485 148 499 177
train 0.0035935938358306885 467 129 499 221
train 0.030442774295806885 483 144 499 219
train 0.003751039505004883 396 165 469 193
