diningtable 0.0020666420459747314 18 168 487 331
person 0.02763950824737549 375 44 499 331
diningtable 0.651354193687439 3 41 498 331
person 0.45326197147369385 432 18 499 326
person 0.12210246920585632 0 19 47 326
chair 0.001466512680053711 350 237 499 331
chair 0.004538297653198242 354 188 499 333
person 0.002746790647506714 0 151 173 330
person 0.0030398666858673096 180 0 225 50
person 0.015784263610839844 431 0 477 44
chair 0.004198610782623291 339 4 459 112
chair 0.00208282470703125 457 127 499 229
chair 0.014282047748565674 389 1 463 115
person 0.01094403862953186 421 0 470 125
person 0.0022696256637573242 485 103 500 251
person 0.08914017677307129 0 -19 67 164
person 0.014009058475494385 421 54 463 128
bottle 0.0012302696704864502 214 2 255 50
chair 0.029760271310806274 0 32 69 163
person 0.0012842416763305664 432 54 499 116
person 0.002725452184677124 454 24 500 134
person 0.20689427852630615 436 0 499 173
bicycle 0.0031976401805877686 413 -1 466 69
bicycle 0.0010817945003509521 410 -1 444 60
person 0.7655907869338989 35 0 183 108
person 0.0030398666858673096 0 143 17 266
chair 0.007518589496612549 432 64 499 165
person 0.005619615316390991 462 151 499 294
person 0.003565669059753418 484 144 500 298
chair 0.008478313684463501 0 40 69 225
person 0.10520932078361511 437 41 499 235
chair 0.00185316801071167 0 22 39 237
person 0.0015977323055267334 0 164 15 256
person 0.0021321773529052734 484 29 500 170
person 0.004022836685180664 0 185 29 314
bottle 0.001264333724975586 488 241 500 336
bottle 0.0010567307472229004 461 308 499 331
chair 0.0031115710735321045 456 77 499 195
chair 0.039487868547439575 422 231 500 331
chair 0.0010650157928466797 455 221 499 338
bottle 0.0010567307472229004 429 56 462 92
person 0.00106087327003479 95 0 186 70
chair 0.0011971890926361084 154 21 234 64
person 0.9102233052253723 275 0 419 85
diningtable 0.001335442066192627 29 233 173 332
person 0.0011160969734191895 0 172 14 295
person 0.1276499330997467 0 0 69 223
person 0.010571062564849854 0 -1 158 216
diningtable 0.00438198447227478 14 38 468 225
chair 0.003751039505004883 422 53 463 125
dog 0.001560807228088379 423 53 463 123
person 0.004830062389373779 434 44 499 104
chair 0.012625247240066528 0 175 59 331
bicycle 0.01094403862953186 402 0 477 110
chair 0.001560807228088379 139 0 189 64
chair 0.0010444223880767822 151 11 190 64
chair 0.003524214029312134 403 8 446 78
chair 0.003285646438598633 0 54 39 161
chair 0.0020991265773773193 390 16 448 116
person 0.001674354076385498 34 0 123 109
person 0.06779336929321289 0 83 30 322
person 0.005752265453338623 484 2 499 104
bicycle 0.010328888893127441 405 0 481 79
bicycle 0.0022084414958953857 405 2 443 81
bicycle 0.0050605833530426025 407 1 458 80
person 0.07751670479774475 455 30 499 298
person 0.0015853047370910645 449 57 499 104
person 0.01013106107711792 445 27 499 104
chair 0.0015130341053009033 0 0 62 81
bottle 0.0023690462112426758 436 309 498 331
chair 0.0011336207389831543 145 1 220 63
chair 0.0076958537101745605 442 63 499 248
person 0.0018895864486694336 0 33 33 249
person 0.4282335042953491 424 0 499 106
chair 0.0016355812549591064 0 43 45 292
chair 0.001554727554321289 0 142 39 226
person 0.004811316728591919 460 78 500 225
person 0.002790004014968872 487 76 500 216
person 0.00394555926322937 137 0 187 63
person 0.0021827220916748047 139 0 218 62
person 0.03622123599052429 179 0 258 53
person 0.0017823278903961182 0 0 53 82
person 0.035814911127090454 255 0 297 49
person 0.1495317816734314 261 0 331 49
