diningtable 0.0030162930488586426 0 212 339 373
diningtable 0.017443329095840454 0 201 470 373
person 0.784649133682251 399 0 499 289
person 0.004198610782623291 228 -2 499 283
person 0.017577439546585083 0 88 21 363
person 0.010735392570495605 433 12 499 372
diningtable 0.022543251514434814 0 209 217 373
person 0.003222525119781494 0 134 36 364
diningtable 0.020176976919174194 0 144 222 373
sofa 0.004247784614562988 70 39 500 376
person 0.0018103718757629395 88 64 211 208
person 0.001674354076385498 95 64 184 176
bottle 0.0012594163417816162 494 -4 500 150
person 0.016722261905670166 0 85 22 231
person 0.0010650157928466797 0 130 74 230
person 0.0021488964557647705 0 69 18 162
person 0.7937459945678711 88 64 171 241
person 0.027378231287002563 89 65 243 241
person 0.003976315259933472 161 120 245 221
sofa 0.783988356590271 170 59 500 254
bottle 0.003442734479904175 0 107 13 202
person 0.001020193099975586 486 151 499 304
person 0.002011030912399292 0 0 49 160
bottle 0.0024824440479278564 0 90 6 190
person 0.0099753737449646 0 -3 21 162
bottle 0.0010043680667877197 427 1 459 60
bottle 0.0033112764358520508 0 94 8 199
bottle 0.0030162930488586426 0 124 23 226
bottle 0.0032602250576019287 0 151 24 221
person 0.0011248290538787842 83 117 242 233
bottle 0.0014438629150390625 0 88 5 170
person 0.003991752862930298 163 157 243 220
chair 0.002341538667678833 374 111 500 286
person 0.0022785067558288574 0 27 11 159
person 0.00462755560874939 0 32 18 158
chair 0.001040339469909668 409 86 499 299
person 0.0017478764057159424 441 53 499 298
person 0.010776817798614502 476 34 499 297
person 0.0013459324836730957 0 119 47 296
