person 0.8283824920654297 126 10 287 500
bottle 0.005468875169754028 156 85 190 113
chair 0.31742578744888306 85 148 135 248
chair 0.027587056159973145 116 137 187 249
chair 0.0018676519393920898 94 136 148 153
chair 0.004848897457122803 0 140 15 160
chair 0.00276830792427063 139 175 197 252
chair 0.0017547309398651123 102 144 146 245
chair 0.00208282470703125 109 145 162 246
chair 0.4148988127708435 51 154 112 253
chair 0.005729943513870239 85 138 124 158
chair 0.0177803635597229 0 141 49 194
diningtable 0.0028784871101379395 20 138 82 194
diningtable 0.002018868923187256 24 137 81 162
diningtable 0.005426615476608276 118 155 188 244
bottle 0.1835937798023224 136 93 189 143
diningtable 0.006903529167175293 28 148 80 162
diningtable 0.0019266009330749512 57 130 206 492
diningtable 0.001012265682220459 67 79 262 499
chair 0.03889983892440796 157 184 198 252
diningtable 0.04921990633010864 88 143 191 252
person 0.0014837086200714111 107 15 263 287
bicycle 0.0035935938358306885 101 50 192 257
person 0.0017342865467071533 103 18 227 268
bottle 0.0035518109798431396 125 50 215 179
chair 0.00394555926322937 45 136 81 154
chair 0.0025409162044525146 85 136 147 157
chair 0.005021452903747559 122 162 167 241
chair 0.00118333101272583 94 63 122 108
chair 0.0012159943580627441 0 139 17 176
chair 0.003147989511489868 30 136 81 158
chair 0.004166156053543091 86 138 127 169
chair 0.0030162930488586426 86 136 149 198
chair 0.0013995170593261719 87 93 196 227
tvmonitor 0.005426615476608276 57 267 122 360
chair 0.0010004639625549316 52 153 98 202
bottle 0.0010817945003509521 125 75 147 107
diningtable 0.0019799768924713135 0 150 48 197
chair 0.004038453102111816 85 137 157 238
chair 0.0011424720287322998 119 66 218 251
tvmonitor 0.10158616304397583 0 181 65 313
chair 0.0011160969734191895 32 145 86 198
chair 0.0011074244976043701 70 137 127 197
chair 0.003795117139816284 87 142 134 203
bottle 0.0013406574726104736 132 83 221 149
bottle 0.34687304496765137 122 52 191 114
bottle 0.06324738264083862 122 52 190 144
