person 0.006169408559799194 0 93 48 373
person 0.8158200979232788 290 16 499 372
person 0.2358141839504242 0 53 25 370
person 0.561214804649353 101 19 255 360
person 0.0014215409755706787 245 123 403 370
person 0.9439679384231567 96 123 402 373
person 0.0048677921295166016 190 111 489 372
person 0.004591643810272217 0 63 110 373
person 0.0021742284297943115 2 86 382 373
person 0.0019876956939697266 481 294 499 374
chair 0.004166156053543091 102 232 146 333
person 0.040386855602264404 115 18 256 252
person 0.02280205488204956 71 12 493 373
person 0.0069571733474731445 100 95 216 330
person 0.0010083019733428955 0 94 12 256
person 0.0010775625705718994 0 183 23 320
person 0.006589770317077637 236 121 374 286
chair 0.003795117139816284 0 171 24 373
person 0.0023782849311828613 479 163 499 373
person 0.8572884798049927 0 15 155 373
person 0.46684539318084717 3 17 258 370
bottle 0.0011513829231262207 481 220 499 374
