chair 0.001455157995223999 320 153 499 373
person 0.011418908834457397 0 107 469 372
person 0.0012065470218658447 0 98 37 370
person 0.9286648631095886 305 115 499 373
person 0.8327804803848267 0 112 240 373
diningtable 0.0010775625705718994 63 307 493 373
chair 0.0011879205703735352 316 220 499 373
person 0.005819797515869141 1 11 498 372
person 0.0012350976467132568 483 185 499 233
person 0.003565669059753418 485 162 499 238
person 0.00185316801071167 0 135 18 367
diningtable 0.0011380314826965332 211 250 342 327
bottle 0.005532950162887573 239 357 300 374
bottle 0.0015977323055267334 0 150 18 365
diningtable 0.004297584295272827 217 259 336 351
person 0.0012065470218658447 485 189 499 374
person 0.00118333101272583 432 148 499 378
tvmonitor 0.024655163288116455 2 13 500 372
chair 0.0031976401805877686 486 207 499 295
person 0.0010444223880767822 0 217 19 367
person 0.0022963285446166992 484 199 499 230
diningtable 0.002415567636489868 167 282 333 372
diningtable 0.005261063575744629 210 264 343 374
diningtable 0.0017275214195251465 230 247 352 374
bottle 0.0014104843139648438 274 260 314 299
chair 0.0012112557888031006 481 126 499 251
chair 0.0010083019733428955 240 317 345 373
person 0.0020666420459747314 483 197 499 269
cat 0.00812530517578125 430 141 499 281
person 0.0022344589233398438 433 149 499 283
person 0.003751039505004883 483 100 499 272
