bus 0.0015426874160766602 412 100 487 132
sheep 0.0017823278903961182 -2 144 68 175
bus 0.0046637654304504395 387 111 500 143
car 0.06030997633934021 199 111 230 136
bus 0.004399091005325317 389 101 499 141
car 0.0014215409755706787 392 119 424 133
person 0.0017007291316986084 474 118 490 140
car 0.006121635437011719 473 117 499 143
bus 0.0014104843139648438 317 108 398 147
sheep 0.004982620477676392 170 219 198 305
horse 0.7866226434707642 171 118 348 307
sheep 0.0013147294521331787 0 280 6 359
cow 0.0018174350261688232 48 144 112 173
