train 0.0015791356563568115 254 190 489 275
bus 0.002590775489807129 271 203 492 276
train 0.23301005363464355 1 187 482 276
bus 0.005426615476608276 328 210 491 277
bus 0.0033501386642456055 320 211 444 278
bus 0.11009037494659424 373 217 441 272
bus 0.12085327506065369 378 221 493 267
bus 0.09236234426498413 410 223 491 266
pottedplant 0.0011424720287322998 231 252 247 274
bus 0.002779155969619751 484 219 499 266
person 0.6654106378555298 264 238 279 278
car 0.004182338714599609 384 207 446 227
person 0.5964333415031433 327 238 343 279
person 0.010735392570495605 252 242 270 275
person 0.7606483697891235 445 241 462 284
person 0.006145477294921875 493 262 500 330
bus 0.005343139171600342 442 225 483 275
person 0.7446573972702026 85 228 104 277
person 0.009670913219451904 291 249 313 275
person 0.05623906850814819 302 250 314 276
person 0.00438198447227478 493 288 499 327
car 0.0028118789196014404 494 226 499 252
person 0.0097084641456604 336 239 352 279
bus 0.002003192901611328 374 217 417 277
person 0.005405604839324951 447 241 462 262
person 0.015663117170333862 443 238 463 262
car 0.003635883331298828 437 227 489 265
bus 0.0012350976467132568 484 230 498 252
bus 0.0012065470218658447 479 228 499 270
person 0.002725452184677124 494 229 499 256
person 0.0010902583599090576 331 240 351 279
person 0.0017893016338348389 375 239 405 278
person 0.0022785067558288574 493 239 500 335
person 0.002958148717880249 490 273 499 329
bus 0.006719321012496948 380 204 447 227
person 0.8365548849105835 118 230 137 277
person 0.8643088936805725 145 232 162 277
person 0.8056327104568481 209 235 224 277
person 0.042883336544036865 253 245 263 272
person 0.49218809604644775 277 242 289 275
person 0.32595008611679077 340 240 353 278
person 0.0031976401805877686 368 241 390 273
bus 0.006438493728637695 376 199 467 227
person 0.3830642104148865 375 240 390 280
pottedplant 0.001225501298904419 400 261 418 276
bus 0.02517762780189514 437 226 488 263
person 0.7233090996742249 55 229 71 277
person 0.002003192901611328 369 241 388 260
