person 0.01771247386932373 1 128 225 499
person 0.9139833450317383 0 45 378 499
bottle 0.9343974590301514 41 169 113 393
bottle 0.0016165375709533691 34 344 324 499
diningtable 0.001388639211654663 2 459 333 499
bicycle 0.004007279872894287 28 442 344 499
bicycle 0.003765672445297241 18 421 360 499
bottle 0.0025115013122558594 131 436 276 499
dog 0.0026110410690307617 118 435 315 499
bird 0.0021488964557647705 106 343 151 405
person 0.1495317816734314 2 161 111 489
bottle 0.008252084255218506 128 385 216 499
bottle 0.0010567307472229004 133 448 184 499
bottle 0.006692379713058472 132 429 204 499
bottle 0.01182246208190918 130 405 242 499
bottle 0.00276830792427063 125 386 300 499
dog 0.0023052990436553955 124 401 303 499
bottle 0.0022785067558288574 70 167 97 247
bottle 0.0685386061668396 32 288 205 502
bird 0.0012399256229400635 124 148 148 193
