person 0.9483484625816345 -2 27 321 499
person 0.025760233402252197 221 76 374 498
person 0.014784276485443115 142 44 374 499
person 0.010289043188095093 284 99 374 242
person 0.003678649663925171 316 101 374 270
bird 0.0010162293910980225 82 120 138 286
person 0.0020505785942077637 333 97 375 360
dog 0.0011971890926361084 115 427 305 499
person 0.005576103925704956 2 0 251 54
chair 0.0023968517780303955 0 436 184 499
person 0.003285646438598633 12 56 374 379
chair 0.03015640377998352 0 27 304 460
person 0.3665890693664551 283 100 374 340
bird 0.0014159977436065674 102 121 130 153
person 0.0524231493473053 239 75 325 223
chair 0.0010485053062438965 320 173 373 402
