person 0.6951309442520142 47 272 348 499
chair 0.2845756411552429 -16 61 374 489
person 0.8899096250534058 12 0 331 497
person 0.044351041316986084 77 384 340 487
person 0.005911082029342651 49 271 279 450
tvmonitor 0.0011248290538787842 0 0 93 47
person 0.0019191503524780273 0 0 122 58
person 0.005819797515869141 27 0 134 51
person 0.011201143264770508 64 0 171 45
tvmonitor 0.001120448112487793 0 40 87 93
person 0.004118025302886963 65 0 110 53
tvmonitor 0.002693742513656616 0 0 80 16
person 0.002912372350692749 64 0 244 34
bottle 0.0010485053062438965 180 341 260 419
person 0.008445650339126587 41 0 111 88
bottle 0.03234308958053589 157 372 234 399
person 0.0013302266597747803 150 324 267 415
person 0.0016613304615020752 54 0 170 90
bottle 0.8962537050247192 152 326 228 383
diningtable 0.0051396191120147705 3 39 88 88
person 0.0411514937877655 161 321 326 421
bottle 0.006463468074798584 182 378 254 418
bottle 0.0012943148612976074 110 371 268 410
bottle 0.014955878257751465 157 371 263 412
person 0.01530534029006958 156 360 303 419
sofa 0.19132709503173828 -11 70 373 493
bottle 0.0012159943580627441 182 391 237 416
bottle 0.0017275214195251465 166 316 236 347
bottle 0.0012842416763305664 166 315 250 361
person 0.0012692809104919434 77 0 148 24
person 0.012723177671432495 146 365 330 423
person 0.0013044774532318115 57 373 316 456
person 0.006145477294921875 127 377 328 439
bottle 0.023778796195983887 167 316 230 334
person 0.002560734748840332 63 0 143 34
person 0.0016678273677825928 66 0 170 22
