person 0.008846968412399292 399 110 499 370
diningtable 0.5983123779296875 0 285 501 374
person 0.561214804649353 0 52 44 372
person 0.9383517503738403 257 59 500 366
diningtable 0.0016355812549591064 0 292 501 448
person 0.9365208148956299 15 56 213 315
diningtable 0.00406983494758606 174 326 499 373
pottedplant 0.0028228759765625 439 87 496 169
person 0.0017684698104858398 472 102 499 375
bottle 0.012006610631942749 241 118 257 153
car 0.002090960741043091 270 103 321 148
bottle 0.001020193099975586 483 153 499 174
bottle 0.003416001796722412 494 151 500 176
bottle 0.001432657241821289 208 119 228 158
pottedplant 0.0018103718757629395 306 0 394 142
diningtable 0.001904308795928955 277 332 512 374
pottedplant 0.8104795217514038 306 0 392 47
bottle 0.8791466951370239 332 293 377 374
bottle 0.0022963285446166992 206 128 227 157
