person 0.0024921000003814697 425 120 499 330
person 0.9127457737922668 40 56 325 329
person 0.0013564825057983398 395 73 500 331
person 0.004399091005325317 468 65 500 321
person 0.005343139171600342 344 168 499 328
person 0.00386965274810791 343 165 443 328
person 0.7911761403083801 417 184 499 329
person 0.02245756983757019 67 52 272 129
dog 0.047604769468307495 65 52 279 129
tvmonitor 0.03359013795852661 0 81 55 189
bird 0.010860145092010498 67 52 271 128
tvmonitor 0.003650069236755371 53 67 192 150
tvmonitor 0.017443329095840454 53 69 128 150
person 0.001040339469909668 37 73 275 191
person 0.012099772691726685 490 174 500 330
person 0.0013995170593261719 64 53 317 193
tvmonitor 0.0012994110584259033 54 64 296 163
tvmonitor 0.003510504961013794 65 52 312 271
person 0.24580949544906616 381 215 440 330
person 0.0013564825057983398 384 216 474 329
chair 0.0016874969005584717 418 231 499 329
person 0.0019954144954681396 437 215 499 329
chair 0.12168478965759277 38 51 321 325
person 0.02169954776763916 382 210 496 317
person 0.00809389352798462 469 184 499 324
person 0.0012350976467132568 345 166 449 262
person 0.03308582305908203 438 184 499 253
person 0.0019876956939697266 271 120 324 328
person 0.00952214002609253 438 185 499 297
person 0.019418001174926758 486 187 499 328
person 0.0015010833740234375 468 183 499 258
person 0.0026520490646362305 475 172 499 258
person 0.029089927673339844 485 107 500 220
person 0.0028009116649627686 398 184 499 255
person 0.009485304355621338 481 182 499 265
person 0.006850332021713257 443 156 499 251
person 0.0360853374004364 484 133 499 247
person 0.020646393299102783 484 57 499 263
person 0.0013250410556793213 490 87 500 219
person 0.0026008784770965576 462 104 500 251
chair 0.001560807228088379 485 158 499 239
