diningtable 0.542863130569458 6 267 501 373
person 0.0038546323776245117 236 145 496 297
diningtable 0.05360129475593567 0 260 499 498
person 0.9076376557350159 341 144 499 305
person 0.001335442066192627 325 160 499 371
person 0.0013564825057983398 459 18 499 318
person 0.0012447535991668701 0 22 110 326
person 0.9291808009147644 0 60 236 307
person 0.9244174957275391 221 88 370 282
pottedplant 0.013637453317642212 483 22 499 108
person 0.0034832358360290527 477 210 499 304
pottedplant 0.0016874969005584717 458 10 499 244
sofa 0.016403794288635254 0 19 36 200
chair 0.02080520987510681 0 24 37 211
bottle 0.001972287893295288 360 226 414 320
bottle 0.0013302266597747803 487 0 500 103
bottle 0.006930291652679443 267 211 292 283
person 0.002359837293624878 235 88 339 193
person 0.001432657241821289 341 145 408 226
person 0.025613337755203247 0 13 36 316
bottle 0.0018969178199768066 0 182 26 372
chair 0.001972287893295288 0 186 20 300
person 0.006876885890960693 475 13 499 309
chair 0.002003192901611328 0 221 16 299
bottle 0.0011248290538787842 468 258 499 373
bottle 0.001335442066192627 0 167 51 382
bottle 0.9111766219139099 266 209 322 369
bottle 0.850963830947876 355 226 414 373
person 0.004792630672454834 472 163 499 387
person 0.0015668869018554688 0 89 19 307
bottle 0.0015010833740234375 0 292 8 376
bottle 0.010652929544448853 265 210 321 284
person 0.0479588508605957 0 19 34 136
pottedplant 0.039785295724868774 0 1 34 135
bottle 0.001957029104232788 268 210 290 241
bottle 0.003751039505004883 268 210 290 261
person 0.0025212466716766357 484 29 499 181
pottedplant 0.0020505785942077637 470 4 499 173
pottedplant 0.0249863862991333 483 4 499 209
bottle 0.0063148438930511475 468 314 499 374
person 0.001335442066192627 453 120 499 318
person 0.002958148717880249 476 92 499 330
