diningtable 0.0019799768924713135 43 193 332 499
bottle 0.0022696256637573242 0 259 115 497
diningtable 0.0010860264301300049 110 284 332 500
diningtable 0.0019876956939697266 1 387 116 499
person 0.012431591749191284 121 322 331 499
person 0.00941208004951477 216 322 331 499
person 0.004982620477676392 154 51 332 497
person 0.024655163288116455 216 42 331 498
cat 0.002199828624725342 -179 -1 -3 497
person 0.0033632218837738037 0 3 146 497
chair 0.005080223083496094 0 5 323 500
person 0.0026832520961761475 196 11 331 357
person 0.0019876956939697266 268 3 469 498
diningtable 0.007120847702026367 0 260 115 500
bottle 0.7745829820632935 114 200 226 500
bottle 0.0034832358360290527 117 268 329 499
diningtable 0.0017753839492797852 115 406 331 499
diningtable 0.0012792348861694336 19 92 332 502
person 0.0012159943580627441 5 0 330 186
person 0.0010485053062438965 192 0 331 209
bottle 0.0012742578983306885 79 391 115 471
chair 0.0021657347679138184 200 440 331 500
bottle 0.0177803635597229 95 72 236 261
bottle 0.0022696256637573242 89 77 240 371
person 0.5389832854270935 86 0 330 403
tvmonitor 0.0011694133281707764 -164 2 -2 497
bottle 0.011914163827896118 1 353 55 427
tvmonitor 0.0012692809104919434 7 0 137 174
bottle 0.001120448112487793 0 333 55 399
bottle 0.0010902583599090576 45 338 84 401
diningtable 0.013585120439529419 0 430 114 499
diningtable 0.018334269523620605 1 454 116 499
bottle 0.003884732723236084 96 336 116 440
bottle 0.007011294364929199 0 416 43 474
chair 0.0011513829231262207 131 482 210 500
bottle 0.0018245279788970947 120 0 217 256
bottle 0.0013302266597747803 36 336 65 400
bottle 0.0016940832138061523 35 336 80 401
bottle 0.0015729963779449463 42 329 89 404
bottle 0.0342307984828949 126 93 214 343
bottle 0.005322486162185669 124 136 212 379
bottle 0.34510475397109985 1 354 87 477
