tvmonitor 0.0018033087253570557 43 387 340 499
bottle 0.002018868923187256 177 212 192 286
bottle 0.0010241866111755371 61 328 87 367
bottle 0.0010322332382202148 305 59 333 152
bottle 0.34510475397109985 183 315 209 366
bottle 0.0010162293910980225 50 48 78 102
bottle 0.8652229905128479 212 306 242 366
bottle 0.7969253063201904 271 304 302 366
bottle 0.6943025588989258 241 306 271 367
bottle 0.8548837900161743 117 43 147 162
bottle 0.8577655553817749 148 46 181 161
bottle 0.8705992698669434 181 47 212 162
bottle 0.852936863899231 213 47 246 165
bottle 0.8152326345443726 247 48 279 164
bottle 0.7217429280281067 279 48 311 159
bottle 0.05051475763320923 121 308 147 366
bottle 0.01994621753692627 291 48 342 153
bottle 0.003678649663925171 87 215 118 396
bottle 0.002779155969619751 90 203 149 390
bottle 0.07005152106285095 117 206 150 376
bottle 0.0031115710735321045 205 65 233 165
bottle 0.029648125171661377 148 309 179 372
bottle 0.004681944847106934 246 61 269 159
bottle 0.7563560009002686 118 209 149 298
bottle 0.8459442853927612 149 213 180 301
bottle 0.00106087327003479 64 53 118 164
bottle 0.852936863899231 181 214 212 296
bottle 0.8624651432037354 212 214 243 290
bottle 0.013585120439529419 213 48 246 127
bottle 0.002115577459335327 276 49 347 170
bottle 0.740175724029541 243 214 275 290
bottle 0.368404746055603 82 48 117 161
bottle 0.8386808037757874 60 216 84 280
bottle 0.016091108322143555 49 48 80 159
bottle 0.7461398243904114 307 49 343 150
bottle 0.0010444223880767822 153 213 177 235
bottle 0.0010485053062438965 178 211 193 238
bottle 0.012674123048782349 212 63 237 166
bottle 0.0011031031608581543 241 212 256 236
bottle 0.014502942562103271 88 226 117 299
bottle 0.004468142986297607 87 304 119 373
bottle 0.8322356343269348 274 214 306 279
