pottedplant 0.011115282773971558 396 203 495 369
pottedplant 0.008576959371566772 455 225 495 367
pottedplant 0.05146035552024841 405 75 477 242
pottedplant 0.004150032997131348 470 52 498 288
pottedplant 0.021329402923583984 0 88 23 351
person 0.9286648631095886 169 117 282 370
person 0.9108598232269287 262 142 335 340
pottedplant 0.07343220710754395 0 168 22 335
person 0.950229287147522 71 120 171 374
diningtable 0.0024724602699279785 85 312 491 374
diningtable 0.02892547845840454 181 320 499 373
pottedplant 0.0013724565505981445 326 295 499 374
pottedplant 0.010328888893127441 396 135 466 331
person 0.9210770130157471 328 130 403 342
person 0.06681138277053833 169 119 224 374
pottedplant 0.03032785654067993 0 179 23 217
pottedplant 0.0031115710735321045 419 143 463 239
pottedplant 0.005752265453338623 0 179 23 243
pottedplant 0.008478313684463501 0 32 44 153
pottedplant 0.0027042627334594727 245 69 351 196
pottedplant 0.001957029104232788 0 44 35 264
pottedplant 0.0016102492809295654 367 132 430 191
pottedplant 0.0019266009330749512 415 240 471 326
bottle 0.004811316728591919 131 264 158 293
pottedplant 0.0011424720287322998 430 265 469 324
pottedplant 0.0014722347259521484 311 74 362 213
pottedplant 0.005511492490768433 336 129 410 214
pottedplant 0.0011648833751678467 481 261 493 340
chair 0.0016874969005584717 59 256 85 330
pottedplant 0.0020505785942077637 453 59 496 307
pottedplant 0.010328888893127441 370 143 412 190
pottedplant 0.003678649663925171 294 69 353 194
pottedplant 0.0010485053062438965 409 214 432 243
pottedplant 0.001289278268814087 0 140 18 217
pottedplant 0.0014215409755706787 308 66 407 203
pottedplant 0.0046637654304504395 386 310 408 343
person 0.02396056056022644 393 204 447 323
pottedplant 0.019869893789291382 392 238 425 322
pottedplant 0.0034832358360290527 400 261 451 322
pottedplant 0.0018388032913208008 0 39 40 365
pottedplant 0.014614790678024292 300 1 498 244
pottedplant 0.016153186559677124 380 1 496 244
pottedplant 0.005597800016403198 0 49 29 360
pottedplant 0.0020666420459747314 483 315 499 365
pottedplant 0.0022431910037994385 490 286 499 372
chair 0.0013564825057983398 46 256 85 298
pottedplant 0.0013564825057983398 40 262 85 330
chair 0.0012065470218658447 46 258 88 344
pottedplant 0.010735392570495605 403 316 457 348
pottedplant 0.022629231214523315 400 200 468 321
pottedplant 0.0012842416763305664 414 252 488 319
pottedplant 0.001120448112487793 281 2 428 223
pottedplant 0.004231303930282593 0 184 16 336
pottedplant 0.02211776375770569 393 217 447 322
pottedplant 0.26435762643814087 454 263 492 315
pottedplant 0.005384683609008789 392 273 480 347
pottedplant 0.013901978731155396 399 284 490 351
pottedplant 0.014502942562103271 401 299 495 359
pottedplant 0.6740499138832092 0 270 73 334
chair 0.001178741455078125 45 256 109 335
pottedplant 0.0020505785942077637 351 282 409 343
pottedplant 0.003991752862930298 391 268 422 341
pottedplant 0.022976040840148926 409 269 498 351
pottedplant 0.00421491265296936 370 157 411 192
pottedplant 0.00257071852684021 490 266 499 367
person 0.0016613304615020752 127 124 170 371
person 0.0012842416763305664 211 141 331 317
pottedplant 0.005532950162887573 47 179 68 211
person 0.0016355812549591064 229 141 285 358
pottedplant 0.002074718475341797 401 198 469 246
pottedplant 0.0016678273677825928 0 91 33 163
pottedplant 0.0022170841693878174 311 88 349 181
person 0.023688465356826782 0 178 24 347
person 0.00462755560874939 248 137 282 343
pottedplant 0.6406351923942566 402 204 446 243
pottedplant 0.0011248290538787842 0 84 23 214
bottle 0.004182338714599609 0 180 23 221
pottedplant 0.0020666420459747314 383 168 411 189
pottedplant 0.006719321012496948 388 168 411 199
pottedplant 0.007204204797744751 386 166 412 210
pottedplant 0.006339401006698608 425 131 466 217
pottedplant 0.001554727554321289 439 316 499 373
person 0.0016613304615020752 399 214 438 293
pottedplant 0.0019876956939697266 372 143 405 178
pottedplant 0.7461398243904114 417 269 451 320
pottedplant 0.0020425915718078613 481 255 495 360
pottedplant 0.007011294364929199 370 133 414 212
pottedplant 0.0022607743740081787 482 331 499 361
person 0.001040339469909668 319 129 403 251
pottedplant 0.001972287893295288 480 329 499 373
pottedplant 0.002746790647506714 490 328 499 374
pottedplant 0.001904308795928955 373 132 419 229
person 0.005002021789550781 0 166 18 299
pottedplant 0.03296089172363281 0 178 24 297
pottedplant 0.0026212334632873535 399 145 447 247
pottedplant 0.19314685463905334 403 122 469 243
