chair 0.005980461835861206 0 114 263 396
bicycle 0.001957029104232788 10 145 259 396
person 0.10447552800178528 178 111 264 310
chair 0.018616825342178345 17 239 264 395
chair 0.017177879810333252 21 288 264 395
person 0.8778975009918213 2 21 253 337
person 0.0012496113777160645 47 86 264 370
person 0.0028009116649627686 142 27 264 154
person 0.023778796195983887 154 52 263 341
chair 0.0011292099952697754 2 3 260 347
person 0.003930270671844482 137 25 264 391
person 0.042883336544036865 181 103 264 251
bottle 0.0012943148612976074 141 54 180 88
bird 0.0012544989585876465 141 51 180 91
person 0.002590775489807129 233 278 264 311
