bicycle 0.0030995309352874756 77 218 388 499
bicycle 0.04903769493103027 287 246 388 499
bicycle 0.23092201352119446 0 51 172 489
bicycle 0.0018388032913208008 314 86 388 500
bicycle 0.2407766878604889 1 39 344 484
bicycle 0.00831615924835205 120 82 388 499
chair 0.001432657241821289 165 120 381 413
chair 0.0023782849311828613 331 78 388 382
person 0.007460415363311768 -2 47 329 490
chair 0.001225501298904419 235 97 385 496
bicycle 0.23440924286842346 329 246 388 499
bottle 0.004468142986297607 357 77 389 252
chair 0.0020346641540527344 359 75 389 299
bottle 0.00394555926322937 282 205 300 234
bottle 0.004736989736557007 281 203 326 260
bottle 0.0012544989585876465 266 124 380 285
bottle 0.0021657347679138184 80 155 118 214
bottle 0.019642621278762817 330 247 388 476
bottle 0.0023052990436553955 273 134 329 217
person 0.8464525938034058 139 40 329 491
bottle 0.001289278268814087 357 153 389 229
bottle 0.00391504168510437 375 80 388 146
person 0.023778796195983887 68 6 181 186
bottle 0.015602916479110718 272 168 328 219
bottle 0.005261063575744629 341 255 369 344
person 0.0030516982078552246 69 9 251 418
person 0.6800290942192078 70 7 181 423
chair 0.009195834398269653 21 68 371 449
chair 0.006339401006698608 47 106 375 391
chair 0.004007279872894287 278 78 387 342
chair 0.008812874555587769 345 79 388 336
bottle 0.003160238265991211 79 156 95 193
bottle 0.006823897361755371 85 156 99 198
bottle 0.0025807321071624756 104 207 124 295
bottle 0.003496825695037842 279 201 325 237
bottle 0.0017007291316986084 276 191 353 251
chair 0.0020505785942077637 249 153 357 337
person 0.0013724565505981445 317 170 388 335
bottle 0.0021573007106781006 339 277 388 356
