dog 0.8587157726287842 165 132 386 250
sofa 0.043530017137527466 67 80 501 341
person 0.0013147294521331787 385 -65 502 -1
dog 0.0010945498943328857 267 130 366 229
person 0.003884732723236084 229 6 500 276
person 0.0013832449913024902 343 0 499 359
dog 0.018759876489639282 0 8 310 299
person 0.24798792600631714 0 3 487 368
person 0.010014057159423828 235 83 500 235
person 0.0020505785942077637 121 -63 369 -6
person 0.023419708013534546 100 -101 487 0
person 0.0020267367362976074 195 -129 495 0
person 0.0022607743740081787 279 -122 499 0
person 0.0010567307472229004 387 -108 549 8
person 0.13251429796218872 192 81 499 366
dog 0.057920247316360474 0 11 500 373
person 0.015542924404144287 3 2 413 216
person 0.0015977323055267334 390 0 499 336
person 0.0097084641456604 240 0 399 99
person 0.005774706602096558 20 0 408 108
person 0.02080520987510681 165 0 402 141
person 0.00257071852684021 388 0 499 167
dog 0.0010945498943328857 273 129 401 231
