car 0.0033632218837738037 282 113 499 328
boat 0.0020505785942077637 0 79 124 368
boat 0.003930270671844482 194 113 499 327
car 0.003824770450592041 157 113 499 331
car 0.030042648315429688 0 66 58 362
car 0.004022836685180664 0 42 498 366
person 0.7146284580230713 308 104 473 252
person 0.005119770765304565 375 111 499 312
dog 0.003795117139816284 467 138 499 184
bottle 0.04320555925369263 83 184 106 226
person 0.0018604099750518799 475 50 499 242
dog 0.0017823278903961182 458 167 499 227
person 0.004718571901321411 469 150 499 229
bottle 0.0030045807361602783 82 185 124 244
person 0.008984774351119995 437 96 499 226
person 0.026456594467163086 460 76 499 227
bottle 0.1276499330997467 112 196 155 227
person 0.004982620477676392 479 155 499 230
person 0.0033501386642456055 486 144 500 230
bottle 0.47657960653305054 209 269 244 300
bottle 0.005219787359237671 171 229 200 256
boat 0.06754660606384277 306 16 499 267
person 0.17050957679748535 377 104 475 195
car 0.002501755952835083 8 43 296 332
person 0.0018174350261688232 468 164 499 276
person 0.001972287893295288 483 154 499 284
bottle 0.0019876956939697266 84 185 100 211
person 0.003930270671844482 465 137 499 209
person 0.0045206546783447266 480 120 499 230
person 0.26435762643814087 310 171 458 252
person 0.014062851667404175 455 129 499 281
person 0.020176976919174194 464 122 499 300
person 0.009375691413879395 473 124 499 322
person 0.001466512680053711 67 178 187 234
person 0.11437144875526428 373 104 499 227
person 0.0022785067558288574 485 156 499 244
person 0.07005152106285095 459 136 499 235
person 0.026155948638916016 421 130 499 227
bottle 0.18713223934173584 82 185 139 251
person 0.01596766710281372 81 185 149 250
