sheep 0.9623903036117554 321 207 499 374
sheep 0.0021073520183563232 4 121 204 313
sheep 0.9556489586830139 214 174 403 373
sheep 0.0026832520961761475 422 151 499 366
sheep 0.966154932975769 31 159 282 341
sheep 0.007011294364929199 106 136 207 173
sheep 0.003960907459259033 165 143 209 172
sheep 0.0015130341053009033 138 143 205 172
person 0.8848353028297424 209 90 311 181
sheep 0.9339163899421692 4 123 208 252
sheep 0.001020193099975586 18 138 282 288
person 0.002912372350692749 204 91 318 323
sheep 0.0010444223880767822 478 206 500 320
sheep 0.006903529167175293 9 80 59 106
sheep 0.0013617873191833496 476 175 499 286
sheep 0.0023690462112426758 478 161 499 318
chair 0.0012842416763305664 121 161 278 314
sheep 0.003607630729675293 413 172 499 265
sheep 0.0023782849311828613 0 216 17 245
sheep 0.00135117769241333 0 197 17 246
sheep 0.0010733604431152344 483 169 500 280
sheep 0.0016102492809295654 487 160 499 285
