sheep 0.003510504961013794 137 171 223 215
sheep 0.0011248290538787842 461 95 491 134
sheep 0.003621727228164673 495 94 500 118
sheep 0.0026520490646362305 491 69 499 79
sheep 0.2018132209777832 193 75 214 86
sheep 0.8670357465744019 461 96 491 113
sheep 0.0026520490646362305 495 99 500 127
sheep 0.0012350976467132568 495 105 500 142
sheep 0.6774741411209106 141 149 227 190
bird 0.9005328416824341 431 260 499 339
sheep 0.8895261287689209 134 165 256 231
sheep 0.0010083019733428955 492 68 499 88
sheep 0.0012943148612976074 174 173 226 192
sheep 0.0011694133281707764 167 172 251 192
sheep 0.0012065470218658447 177 165 255 199
sheep 0.6584183573722839 307 86 331 106
sheep 0.0015729963779449463 494 80 500 124
sheep 0.0010004639625549316 168 163 229 182
sheep 0.0051396191120147705 168 173 228 197
sheep 0.001225501298904419 162 173 256 197
sheep 0.00185316801071167 366 136 388 148
sheep 0.0010162293910980225 158 165 252 184
sheep 0.11596250534057617 145 154 256 213
sheep 0.003884732723236084 160 165 256 217
