pottedplant 0.008000344038009644 218 153 238 172
pottedplant 0.0021573007106781006 42 149 61 179
pottedplant 0.5602525472640991 207 114 235 137
pottedplant 0.396068274974823 294 107 324 132
bus 0.003795117139816284 470 227 475 257
car 0.009019583463668823 479 236 490 253
car 0.07185441255569458 485 236 499 255
pottedplant 0.577495276927948 382 107 414 135
bus 0.0023690462112426758 470 238 476 254
car 0.005980461835861206 473 238 481 254
car 0.01422739028930664 481 238 488 253
car 0.3522022068500519 487 238 499 267
car 0.0022873878479003906 486 237 499 291
pottedplant 0.22541701793670654 141 117 169 144
car 0.002018868923187256 197 288 242 310
pottedplant 0.562176525592804 63 129 90 149
bus 0.013274848461151123 463 189 471 271
bus 0.01182246208190918 468 209 473 263
bus 0.006850332021713257 473 231 484 254
bus 0.002757549285888672 476 231 495 253
bus 0.03789246082305908 485 229 499 259
car 0.00933942198753357 482 238 490 254
pottedplant 0.0051396191120147705 203 136 239 171
pottedplant 0.020725667476654053 215 137 239 172
person 0.0010945498943328857 490 229 499 299
car 0.005426615476608276 485 223 499 270
bus 0.012053072452545166 464 206 473 263
bus 0.0035518109798431396 473 221 484 254
pottedplant 0.0016355812549591064 328 95 347 128
bus 0.0018245279788970947 477 223 493 255
pottedplant 0.0015010833740234375 303 129 330 169
pottedplant 0.006640911102294922 293 93 330 130
pottedplant 0.0017893016338348389 283 141 331 169
pottedplant 0.002424955368041992 310 147 326 169
pottedplant 0.0015977323055267334 309 136 329 169
pottedplant 0.0021827220916748047 350 120 371 151
pottedplant 0.0045206546783447266 140 122 173 152
pottedplant 0.00790780782699585 203 118 238 175
