bottle 0.0022963285446166992 229 304 361 332
bottle 0.0022873878479003906 229 304 457 333
bottle 0.0029812753200531006 229 304 486 345
bottle 0.001264333724975586 228 303 495 362
person 0.9049888253211975 58 69 157 367
boat 0.0014050006866455078 0 79 71 159
sheep 0.004963308572769165 335 187 403 213
cow 0.0011248290538787842 363 187 404 211
sheep 0.013274848461151123 363 188 397 210
bird 0.0010860264301300049 478 78 499 93
boat 0.001178741455078125 478 78 499 91
sheep 0.0019876956939697266 352 188 427 235
bicycle 0.007636308670043945 0 259 100 368
bicycle 0.001524806022644043 0 259 196 355
boat 0.0048677921295166016 229 302 389 327
sheep 0.019718080759048462 326 186 427 236
bird 0.002424955368041992 480 261 499 315
cow 0.03889983892440796 326 186 426 236
bird 0.0015977323055267334 480 251 499 329
boat 0.016215503215789795 300 92 329 104
