horse 0.8991247415542603 145 84 383 254
person 0.010409027338027954 224 70 299 135
person 0.0023782849311828613 105 109 128 167
person 0.5 61 103 92 194
person 0.035949915647506714 69 105 104 183
pottedplant 0.002199828624725342 72 104 130 183
person 0.018976598978042603 81 107 97 128
person 0.8122729063034058 223 70 298 221
person 0.07211530208587646 78 106 105 175
person 0.002341538667678833 77 106 127 158
person 0.006538987159729004 62 103 86 152
person 0.021949589252471924 17 102 36 135
person 0.004150032997131348 86 107 126 149
person 0.029985934495925903 104 113 125 144
