sofa 0.01771247386932373 80 192 499 373
car 0.07640942931175232 433 67 499 369
chair 0.0026520490646362305 0 213 94 373
chair 0.007232218980789185 84 191 472 373
chair 0.010652929544448853 402 76 499 373
chair 0.004681944847106934 431 76 499 372
sofa 0.0014215409755706787 96 88 499 372
chair 0.0025310516357421875 129 94 499 373
chair 0.010014057159423828 351 82 499 373
car 0.002757549285888672 365 76 499 373
person 0.6834200620651245 0 118 93 372
person 0.020646393299102783 77 36 282 374
person 0.8852325081825256 77 8 416 373
pottedplant 0.0017684698104858398 3 97 41 196
person 0.0034027397632598877 0 111 13 242
chair 0.004364967346191406 349 230 495 373
person 0.016786664724349976 0 181 39 373
chair 0.001831650733947754 0 231 61 373
person 0.001178741455078125 70 33 99 70
person 0.0017275214195251465 0 119 61 365
person 0.0016874969005584717 0 121 17 302
person 0.0028897523880004883 130 39 222 279
person 0.0031724870204925537 39 34 120 291
person 0.002140522003173828 0 26 66 343
person 0.8181580305099487 64 32 121 291
person 0.8013148307800293 117 41 185 270
person 0.0019266009330749512 68 32 107 79
bottle 0.0013044774532318115 106 112 125 158
person 0.0012943148612976074 0 231 11 373
tvmonitor 0.011201143264770508 434 92 499 359
person 0.003960907459259033 114 49 163 279
