horse 0.6001884341239929 0 87 38 172
horse 0.5515739321708679 22 45 247 185
horse 0.0017410516738891602 306 34 319 200
horse 0.004718571901321411 182 43 242 98
person 0.003537982702255249 307 25 319 139
horse 0.0010043680667877197 0 72 3 156
horse 0.001012265682220459 23 103 56 215
person 0.0013832449913024902 0 42 37 177
horse 0.5292633771896362 113 42 241 179
horse 0.06954386830329895 0 87 38 131
person 0.9199342131614685 116 22 192 114
person 0.0015010833740234375 306 62 319 118
person 0.0011603832244873047 308 58 319 130
person 0.004297584295272827 125 22 192 68
bottle 0.0032602250576019287 309 44 319 112
