tvmonitor 0.008511096239089966 466 48 499 348
tvmonitor 0.0016483962535858154 333 13 499 348
person 0.0026832520961761475 446 28 499 352
bottle 0.025273829698562622 466 15 499 264
tvmonitor 0.011072665452957153 16 0 289 171
tvmonitor 0.8976983428001404 204 55 396 228
chair 0.0015487074851989746 0 0 52 163
chair 0.010170340538024902 466 46 499 354
person 0.0014104843139648438 463 60 499 367
bird 0.0032602250576019287 474 61 499 164
person 0.026964962482452393 284 0 415 86
person 0.0010945498943328857 491 232 500 355
person 0.0076660215854644775 283 0 362 58
person 0.001554727554321289 345 0 414 87
cat 0.002901047468185425 466 31 499 344
person 0.0010733604431152344 475 60 499 168
