person 0.001466512680053711 303 130 499 319
person 0.006589770317077637 139 185 339 318
person 0.11240836977958679 3 41 498 321
dog 0.07056248188018799 303 128 499 318
cat 0.3165799379348755 0 115 207 318
person 0.001524806022644043 91 156 351 319
person 0.052229225635528564 63 131 498 319
dog 0.006193429231643677 200 39 496 252
dog 0.5 0 120 207 318
dog 0.008846968412399292 0 116 315 318
person 0.006797581911087036 3 118 379 317
cat 0.0020505785942077637 261 44 488 153
car 0.022715508937835693 343 15 481 106
dog 0.710628867149353 0 43 492 256
sofa 0.0035518109798431396 -1 -1 497 318
dog 0.10631856322288513 213 45 493 164
