person 0.0022963285446166992 413 130 499 329
chair 0.0010650157928466797 397 236 498 330
chair 0.0010567307472229004 399 192 499 330
pottedplant 0.41964778304100037 0 8 204 321
pottedplant 0.11676490306854248 0 2 329 318
pottedplant 0.04485040903091431 66 2 303 296
pottedplant 0.08540382981300354 183 11 303 270
pottedplant 0.3867633044719696 0 124 205 322
pottedplant 0.19314685463905334 122 35 471 329
pottedplant 0.06441459059715271 381 52 499 329
pottedplant 0.007402688264846802 0 89 69 327
pottedplant 0.01956745982170105 0 120 98 327
sofa 0.003324180841445923 68 49 478 328
pottedplant 0.03384503722190857 23 32 91 135
pottedplant 0.0015977323055267334 83 2 154 157
pottedplant 0.0051396191120147705 132 25 301 132
pottedplant 0.012099772691726685 203 58 309 125
pottedplant 0.0033371448516845703 199 240 260 275
pottedplant 0.0010650157928466797 221 243 261 273
pottedplant 0.00386965274810791 27 33 88 96
pottedplant 0.0027042627334594727 0 80 10 246
pottedplant 0.010818421840667725 0 123 52 328
pottedplant 0.002912372350692749 203 61 307 152
pottedplant 0.013742715120315552 282 49 377 164
pottedplant 0.002018868923187256 205 177 283 275
pottedplant 0.08328992128372192 199 226 260 275
pottedplant 0.0023782849311828613 198 224 290 274
pottedplant 0.010289043188095093 422 122 499 330
pottedplant 0.13028386235237122 282 49 498 259
pottedplant 0.0011424720287322998 479 126 499 326
bird 0.003765672445297241 199 247 226 276
pottedplant 0.004468142986297607 199 192 270 275
pottedplant 0.02396056056022644 159 5 433 280
pottedplant 0.006640911102294922 20 0 309 175
pottedplant 0.0034293532371520996 0 13 69 161
pottedplant 0.0022696256637573242 0 5 39 291
pottedplant 0.05070251226425171 383 125 500 268
pottedplant 0.010368883609771729 25 1 134 141
pottedplant 0.027692049741744995 283 49 488 169
pottedplant 0.0019117295742034912 0 23 21 69
pottedplant 0.0011336207389831543 16 0 212 144
pottedplant 0.07450070977210999 72 131 201 292
pottedplant 0.009054571390151978 188 135 232 231
pottedplant 0.005447685718536377 0 90 13 260
pottedplant 0.0010083019733428955 17 0 132 68
pottedplant 0.0022519826889038086 0 2 22 150
pottedplant 0.00629037618637085 80 0 218 114
pottedplant 0.0018459856510162354 146 0 217 106
pottedplant 0.0030280649662017822 0 10 44 159
pottedplant 0.0012207329273223877 0 177 20 303
pottedplant 0.0018388032913208008 0 106 31 210
pottedplant 0.0015010833740234375 0 93 7 172
pottedplant 0.006121635437011719 37 50 87 129
pottedplant 0.004982620477676392 170 79 240 246
pottedplant 0.006589770317077637 174 75 273 247
pottedplant 0.00421491265296936 245 120 310 234
pottedplant 0.017177879810333252 0 105 28 295
pottedplant 0.017376601696014404 81 0 132 66
pottedplant 0.002415567636489868 189 113 270 237
pottedplant 0.0016228556632995605 164 0 216 66
pottedplant 0.05300912261009216 211 116 323 264
pottedplant 0.00790780782699585 238 117 366 246
pottedplant 0.001146942377090454 424 123 499 261
