horse 0.929437518119812 231 131 479 295
horse 0.0011648833751678467 331 115 492 311
horse 0.0013096034526824951 399 106 499 314
car 0.9304561614990234 12 198 310 298
person 0.0015130341053009033 491 137 500 255
car 0.007431507110595703 0 194 13 217
car 0.0021912753582000732 0 191 16 221
cow 0.003565669059753418 170 184 243 230
car 0.005468875169754028 0 194 14 229
car 0.002406179904937744 0 194 25 230
person 0.06053093075752258 7 184 30 230
person 0.038034677505493164 178 140 200 184
person 0.0010650157928466797 164 122 230 187
cow 0.0014438629150390625 274 142 348 180
person 0.035949915647506714 181 145 202 185
bus 0.0010083019733428955 0 159 31 229
person 0.2233763039112091 153 139 189 192
horse 0.0022519826889038086 275 142 357 180
person 0.0017410516738891602 358 124 478 221
person 0.002406179904937744 359 120 478 261
person 0.0028897523880004883 140 160 191 195
person 0.7217429280281067 204 143 236 192
person 0.0021321773529052734 173 129 191 162
car 0.0010485053062438965 0 182 13 217
person 0.001264333724975586 2 183 27 214
person 0.005159556865692139 8 182 27 205
horse 0.062328606843948364 238 154 399 282
person 0.0019876956939697266 483 110 499 349
person 0.005511492490768433 159 227 185 250
horse 0.003324180841445923 310 153 435 277
car 0.0011031031608581543 0 186 23 214
person 0.0034561753273010254 140 144 209 203
horse 0.008644551038742065 265 142 378 237
person 0.002590775489807129 121 172 205 203
person 0.0024628937244415283 123 167 244 212
person 0.003899872303009033 123 179 240 230
horse 0.003565669059753418 7 196 30 230
person 0.031024068593978882 190 145 208 186
bicycle 0.006145477294921875 10 197 31 229
bicycle 0.0011879205703735352 13 203 32 229
person 0.0022963285446166992 144 198 206 250
person 0.0016355812549591064 131 191 203 251
person 0.010328888893127441 172 132 197 168
person 0.0018822550773620605 175 132 203 178
person 0.0011160969734191895 161 140 182 165
person 0.15610283613204956 162 132 195 178
person 0.00257071852684021 201 143 217 186
