bus 0.9608072638511658 291 0 500 264
bus 0.9447892904281616 0 0 210 296
bus 0.8013148307800293 201 58 257 207
car 0.0029928982257843018 268 167 286 188
car 0.0019419193267822266 288 167 293 189
car 0.003298431634902954 288 166 295 201
bottle 0.0019494593143463135 36 0 96 162
bus 0.0075772106647491455 0 2 121 288
person 0.002115577459335327 443 88 481 148
bottle 0.0011380314826965332 28 0 61 82
person 0.0012742578983306885 432 75 481 142
bus 0.010735392570495605 77 58 258 212
bus 0.003635883331298828 255 137 294 186
car 0.019418001174926758 255 169 278 188
car 0.6424316167831421 255 167 287 188
bottle 0.004133999347686768 0 -1 61 171
bottle 0.001466512680053711 76 1 116 190
bottle 0.003976315259933472 119 0 151 190
car 0.001111745834350586 486 105 499 174
car 0.0026110410690307617 490 124 499 174
car 0.0016228556632995605 447 104 491 151
person 0.0012544989585876465 486 75 499 186
car 0.0029237568378448486 256 167 271 184
person 0.005576103925704956 446 104 486 150
person 0.0011074244976043701 0 83 5 141
person 0.0015366971492767334 33 112 54 140
car 0.0019419193267822266 483 118 499 199
car 0.0017684698104858398 492 125 500 194
car 0.0011248290538787842 487 125 499 176
car 0.0023690462112426758 491 141 499 177
bottle 0.0025115013122558594 78 1 114 116
bottle 0.0010988116264343262 100 0 151 145
bottle 0.005384683609008789 120 0 151 125
person 0.0011074244976043701 53 109 74 140
bottle 0.001264333724975586 9 50 34 138
