horse 0.02025449275970459 198 68 378 232
horse 0.8044062852859497 50 68 378 276
dog 0.0017684698104858398 207 69 379 164
person 0.01524651050567627 206 45 308 225
person 0.0019117295742034912 207 72 365 222
bus 0.0011971890926361084 0 -97 209 -2
person 0.08540382981300354 84 30 381 250
person 0.816990852355957 208 26 380 229
car 0.0017275214195251465 0 0 376 36
horse 0.0069571733474731445 267 68 379 164
car 0.004963308572769165 0 0 60 40
car 0.2901751399040222 0 0 118 39
person 0.00394555926322937 280 26 379 153
person 0.002501755952835083 144 91 232 260
person 0.0011971890926361084 126 94 312 257
