dog 0.0069571733474731445 82 264 266 499
dog 0.0099753737449646 91 255 399 499
chair 0.15713486075401306 1 89 362 497
dog 0.464901328086853 73 93 339 502
person 0.031141668558120728 76 42 399 499
dog 0.0860166847705841 84 354 263 499
chair 0.010368883609771729 1 106 155 497
dog 0.2075360119342804 70 95 284 379
dog 0.08210369944572449 69 354 394 499
dog 0.002018868923187256 63 426 392 499
sofa 0.003809899091720581 1 0 409 303
dog 0.002415567636489868 250 427 397 499
dog 0.8661319017410278 68 95 286 293
chair 0.02006128430366516 0 0 420 418
person 0.003185272216796875 0 0 380 433
dog 0.00208282470703125 94 330 182 497
dog 0.03622123599052429 166 355 263 497
