aeroplane 0.002018868923187256 320 115 388 165
aeroplane 0.0015853047370910645 0 134 41 168
aeroplane 0.0014722347259521484 0 144 46 166
aeroplane 0.003780364990234375 0 106 100 169
aeroplane 0.0033501386642456055 329 112 405 166
aeroplane 0.003222525119781494 0 121 70 170
aeroplane 0.0037074387073516846 0 128 102 169
aeroplane 0.047423362731933594 0 89 461 214
aeroplane 0.003298431634902954 275 112 425 205
aeroplane 0.002590775489807129 300 113 425 190
aeroplane 0.0010083019733428955 0 126 76 198
aeroplane 0.13986852765083313 0 104 160 203
aeroplane 0.0973893404006958 0 136 161 203
aeroplane 0.8727844953536987 69 113 427 217
aeroplane 0.0018822550773620605 0 137 50 161
aeroplane 0.002746790647506714 2 140 80 166
aeroplane 0.0013250410556793213 352 159 424 181
aeroplane 0.0026008784770965576 354 149 425 172
