car 0.001972287893295288 216 92 334 139
person 0.010611921548843384 30 118 38 132
person 0.002867281436920166 36 119 44 132
person 0.0015977323055267334 56 120 67 144
person 0.015723586082458496 60 119 68 145
person 0.0013459324836730957 7 116 20 143
person 0.007232218980789185 40 118 53 140
boat 0.0011160969734191895 36 108 179 144
person 0.09946715831756592 164 85 208 142
person 0.005021452903747559 41 121 54 143
person 0.29421520233154297 8 116 15 144
person 0.01444736123085022 62 119 71 146
car 0.009124904870986938 199 117 227 137
person 0.001040339469909668 0 107 6 150
person 0.0024628937244415283 230 88 322 135
person 0.3398268222808838 45 120 56 143
person 0.0011292099952697754 51 120 66 144
person 0.2877672612667084 66 119 78 146
car 0.9314613938331604 135 88 489 272
person 0.8697161674499512 287 75 321 113
car 0.0015853047370910645 217 92 249 121
bus 0.001225501298904419 322 104 375 120
person 0.0015729963779449463 33 117 43 131
person 0.01798534393310547 164 84 193 143
person 0.005322486162185669 69 109 79 122
