diningtable 0.007816284894943237 385 147 499 373
diningtable 0.001455157995223999 314 1 498 374
diningtable 0.0010362863540649414 234 4 499 370
diningtable 0.0012065470218658447 416 181 499 373
bottle 0.0013096034526824951 320 138 492 374
diningtable 0.025809377431869507 0 149 222 373
diningtable 0.08819276094436646 269 151 500 374
bottle 0.003976315259933472 29 375 453 496
chair 0.001225501298904419 0 41 42 164
chair 0.005842477083206177 423 0 499 171
chair 0.0013617873191833496 471 10 499 176
chair 0.0022257566452026367 0 11 24 164
chair 0.0017963051795959473 0 25 43 289
chair 0.0011603832244873047 0 17 118 284
person 0.5888890027999878 414 0 500 169
bottle 0.9507800936698914 13 0 173 373
bottle 0.9635056257247925 167 0 291 368
chair 0.008950114250183105 0 91 21 165
chair 0.0011424720287322998 0 45 47 204
bottle 0.9591560363769531 317 0 460 373
person 0.06255704164505005 416 0 499 351
person 0.006538987159729004 443 0 499 169
bottle 0.03889983892440796 252 0 369 146
bottle 0.008188486099243164 296 0 371 143
person 0.004905790090560913 421 0 499 113
bottle 0.0011031031608581543 1 0 58 159
bottle 0.0028897523880004883 94 0 201 198
person 0.0015010833740234375 481 34 499 300
