motorbike 0.0027042627334594727 61 194 278 487
horse 0.0026520490646362305 27 203 278 487
car 0.00394555926322937 2 217 286 425
car 0.008062601089477539 1 74 269 478
person 0.8860234618186951 65 34 293 494
person 0.003537982702255249 163 139 297 445
pottedplant 0.004182338714599609 255 86 292 133
bottle 0.009124904870986938 19 63 30 94
bottle 0.0015130341053009033 28 63 37 93
bottle 0.0646505355834961 36 62 45 91
bottle 0.010776817798614502 49 63 58 91
bottle 0.018194735050201416 50 63 59 91
bottle 0.0026110410690307617 61 61 72 93
person 0.0010004639625549316 91 48 116 89
bottle 0.0011248290538787842 295 212 317 255
bicycle 0.0018822550773620605 76 446 268 499
pottedplant 0.0018388032913208008 246 119 292 181
dog 0.0011879205703735352 151 197 288 302
dog 0.009670913219451904 78 197 294 275
dog 0.005554467439651489 160 197 296 276
pottedplant 0.0010485053062438965 224 98 291 135
chair 0.0011879205703735352 73 124 106 177
car 0.0015010833740234375 0 298 110 372
car 0.0013617873191833496 206 98 237 125
pottedplant 0.001674354076385498 171 0 233 126
pottedplant 0.011596441268920898 7 193 69 300
person 0.0023968517780303955 166 172 291 395
bottle 0.0028897523880004883 56 61 64 94
bottle 0.007460415363311768 63 60 74 96
person 0.09434303641319275 86 47 111 118
person 0.0023690462112426758 87 47 109 85
car 0.0014215409755706787 205 95 286 133
person 0.004792630672454834 309 154 332 251
person 0.0037074387073516846 102 54 117 123
person 0.0010567307472229004 103 54 123 122
pottedplant 0.009784013032913208 250 12 303 134
dog 0.0012018680572509766 86 197 300 330
bottle 0.0016419589519500732 52 63 63 100
bottle 0.0010083019733428955 59 60 75 125
person 0.0018245279788970947 161 197 298 279
person 0.0031976401805877686 309 143 332 346
