chair 0.007606714963912964 0 274 185 499
chair 0.1393992006778717 28 303 204 499
diningtable 0.0012544989585876465 15 219 325 361
chair 0.11596250534057617 29 299 358 499
chair 0.0023324191570281982 304 205 349 450
chair 0.03889983892440796 0 255 119 499
diningtable 0.9235905408859253 18 218 346 498
chair 0.14854195713996887 318 244 369 496
chair 0.0014722347259521484 200 219 271 246
chair 0.0019876956939697266 205 219 295 246
chair 0.001178741455078125 82 167 161 289
chair 0.27513012290000916 300 180 331 291
chair 0.010652929544448853 302 179 346 281
chair 0.02605646848678589 31 170 97 278
chair 0.001560807228088379 52 165 159 293
chair 0.03222090005874634 0 287 77 507
chair 0.24580949544906616 321 244 370 362
chair 0.0011380314826965332 191 220 312 362
chair 0.5 305 205 347 350
chair 0.005842477083206177 101 305 204 506
chair 0.0020666420459747314 2 170 183 353
chair 0.525368869304657 0 169 98 323
chair 0.005159556865692139 70 164 144 222
bottle 0.0011971890926361084 17 1 32 28
diningtable 0.0030874907970428467 196 221 316 362
chair 0.0025212466716766357 271 206 348 351
chair 0.001957029104232788 207 196 250 221
chair 0.001714080572128296 0 351 83 499
chair 0.20307472348213196 0 199 67 326
chair 0.003650069236755371 41 170 105 306
