chair 0.006388753652572632 308 257 500 374
chair 0.005597800016403198 24 121 135 296
diningtable 0.053999513387680054 0 124 103 337
chair 0.23864129185676575 141 111 219 286
diningtable 0.002415567636489868 10 126 136 297
chair 0.019085973501205444 307 312 500 374
sofa 0.011418908834457397 303 285 499 373
person 0.022372186183929443 304 66 499 373
person 0.010611921548843384 455 30 499 349
chair 0.0023968517780303955 0 123 99 373
chair 0.02437487244606018 315 84 499 373
chair 0.00916031002998352 36 120 105 180
chair 0.0011248290538787842 179 128 242 231
pottedplant 0.001449495553970337 181 128 253 236
chair 0.644224226474762 35 119 106 262
chair 0.0023875534534454346 480 253 499 353
pottedplant 0.0010322332382202148 184 128 241 197
chair 0.0012544989585876465 86 124 153 257
chair 0.001264333724975586 138 134 164 234
chair 0.014336913824081421 0 201 14 270
chair 0.015845149755477905 0 149 40 375
chair 0.005301922559738159 0 155 19 385
chair 0.00185316801071167 0 178 53 319
chair 0.003298431634902954 453 208 499 353
chair 0.001466512680053711 79 115 218 276
chair 0.0010650157928466797 0 101 22 153
person 0.41774630546569824 149 92 219 263
pottedplant 0.0012112557888031006 177 128 240 181
pottedplant 0.0023782849311828613 193 128 241 176
chair 0.008778899908065796 474 220 499 368
chair 0.0019419193267822266 138 137 161 210
chair 0.0028784871101379395 0 204 29 267
chair 0.004198610782623291 0 171 14 321
chair 0.0023052990436553955 0 166 42 304
chair 0.0013302266597747803 0 185 69 300
chair 0.016403794288635254 0 151 14 270
pottedplant 0.001040339469909668 210 128 241 178
person 0.022629231214523315 295 328 504 373
chair 0.0017684698104858398 166 135 267 279
chair 0.0022170841693878174 199 117 293 288
chair 0.0017753839492797852 74 123 133 258
person 0.002693742513656616 170 132 250 262
chair 0.0015729963779449463 189 126 286 262
person 0.002867281436920166 469 227 499 373
tvmonitor 0.0014215409755706787 90 128 152 169
tvmonitor 0.003621727228164673 84 125 155 158
tvmonitor 0.0012065470218658447 85 125 155 188
chair 0.010368883609771729 48 122 136 256
pottedplant 0.001560807228088379 85 124 142 270
chair 0.0030516982078552246 136 134 194 271
