car 0.949672281742096 20 10 473 222
car 0.0023506581783294678 39 0 227 71
car 0.002746790647506714 76 0 264 59
car 0.002757549285888672 300 0 375 32
car 0.00406983494758606 485 64 499 163
car 0.015602916479110718 0 0 104 59
car 0.0011513829231262207 -1 -129 97 7
car 0.008000344038009644 93 0 256 38
person 0.15405568480491638 258 92 293 126
car 0.0028228759765625 3 -169 474 74
car 0.41395092010498047 0 0 463 62
car 0.0206068754196167 38 0 383 42
car 0.03732478618621826 88 0 381 33
car 0.07503995299339294 200 0 380 32
