person 0.9322066307067871 99 226 193 373
car 0.41395092010498047 99 231 203 286
car 0.15203100442886353 94 231 239 285
car 0.0017547309398651123 361 241 423 270
car 0.002912372350692749 368 240 434 268
train 0.0012544989585876465 0 87 200 172
person 0.001335442066192627 0 136 18 184
car 0.0010650157928466797 400 197 412 212
person 0.0021238625049591064 378 233 405 273
car 0.0025115013122558594 61 243 114 267
car 0.7217429280281067 162 230 241 284
bus 0.0010485053062438965 0 91 42 151
train 0.6460129022598267 0 89 436 209
train 0.006797581911087036 453 43 499 331
car 0.021288663148880005 337 245 376 277
car 0.0010004639625549316 0 223 8 285
car 0.001714080572128296 324 247 342 267
car 0.8688278198242188 292 246 342 278
car 0.012528061866760254 348 245 387 277
car 0.02169954776763916 383 242 414 272
car 0.00517958402633667 357 242 382 255
car 0.21206903457641602 408 238 441 268
car 0.8479689955711365 51 241 114 291
person 0.0018245279788970947 0 134 7 184
bus 0.011596441268920898 442 223 461 258
car 0.6095243096351624 404 244 438 270
car 0.0031724870204925537 0 230 10 295
car 0.0016102492809295654 0 231 21 296
car 0.0016874969005584717 42 238 76 292
car 0.005219787359237671 72 244 117 274
car 0.0396362841129303 395 244 412 272
car 0.9161110520362854 0 229 62 294
car 0.0010485053062438965 15 234 115 292
car 0.0075772106647491455 356 239 401 277
car 0.010860145092010498 374 235 405 281
person 0.0011513829231262207 0 136 17 174
person 0.45326197147369385 153 160 167 201
car 0.05521073937416077 373 239 411 272
car 0.6424316167831421 78 241 139 287
car 0.1212683916091919 127 235 203 284
person 0.2005576193332672 218 169 231 204
car 0.9099035263061523 245 243 304 280
car 0.368404746055603 161 248 199 281
car 0.0015977323055267334 283 247 304 278
car 0.9039729833602905 330 245 370 276
car 0.016029298305511475 356 245 385 271
person 0.6992539167404175 375 234 397 284
person 0.009375691413879395 387 236 411 275
car 0.04958641529083252 398 244 430 271
