person 0.9233152270317078 235 89 296 314
person 0.9341573119163513 390 97 446 307
diningtable 0.007120847702026367 152 156 233 259
person 0.9276229739189148 85 79 151 296
diningtable 0.0026110410690307617 318 170 387 300
chair 0.0015729963779449463 156 154 213 206
chair 0.00933942198753357 293 195 325 263
chair 0.806853175163269 31 190 101 288
chair 0.8233271837234497 149 197 219 303
chair 0.02386951446533203 146 161 199 296
chair 0.0013778507709503174 163 184 226 268
chair 0.0024628937244415283 184 152 213 196
chair 0.0012065470218658447 295 185 384 264
chair 0.005099952220916748 291 162 319 257
chair 0.001367121934890747 54 189 152 291
chair 0.0328364372253418 210 183 253 262
chair 0.0033763349056243896 216 183 293 264
chair 0.011374980211257935 196 179 240 262
chair 0.002641737461090088 289 140 322 264
chair 0.0019266009330749512 123 162 186 296
chair 0.10411036014556885 147 162 187 258
chair 0.16131919622421265 148 162 216 279
chair 0.0010945498943328857 274 158 315 270
chair 0.044516921043395996 324 160 386 300
chair 0.0033763349056243896 170 152 212 196
chair 0.0030280649662017822 34 156 96 281
diningtable 0.0010004639625549316 191 143 240 188
chair 0.0010241866111755371 229 198 257 271
chair 0.005729943513870239 184 145 242 265
