chair 0.0028897523880004883 321 16 497 309
bicycle 0.950229287147522 17 10 496 320
bicycle 0.00831615924835205 329 29 499 322
bottle 0.01542365550994873 487 -1 500 55
tvmonitor 0.003795117139816284 0 69 27 278
person 0.021493196487426758 0 40 20 294
bicycle 0.002779155969619751 391 28 499 312
cat 0.008915573358535767 0 91 19 224
bottle 0.007518589496612549 166 274 197 315
chair 0.001455157995223999 480 222 499 272
chair 0.0021488964557647705 481 203 499 272
bottle 0.14903616905212402 167 272 185 311
bottle 0.004231303930282593 175 273 200 311
bottle 0.0019494593143463135 184 274 200 311
chair 0.001111745834350586 19 152 172 322
chair 0.001449495553970337 483 173 499 273
tvmonitor 0.005819797515869141 485 0 499 54
chair 0.002560734748840332 436 27 499 287
chair 0.0012159943580627441 455 8 499 294
chair 0.018264353275299072 0 76 20 279
tvmonitor 0.0030045807361602783 400 0 492 52
chair 0.0019876956939697266 337 57 489 274
chair 0.0031115710735321045 387 87 499 294
chair 0.001674354076385498 472 54 499 313
