car 0.0021827220916748047 432 47 499 271
car 0.9358205199241638 16 49 465 274
car 0.009089648723602295 141 43 198 58
car 0.0010241866111755371 367 46 500 179
person 0.019718080759048462 451 73 472 91
car 0.15203100442886353 265 44 452 121
car 0.01186823844909668 138 48 279 130
car 0.11240836977958679 262 47 500 185
car 0.8991247415542603 0 35 281 206
car 0.0064885616302490234 136 38 199 58
car 0.7853084802627563 430 47 499 185
car 0.013742715120315552 131 51 282 105
car 0.0076958537101745605 240 42 453 93
car 0.0020991265773773193 482 42 499 107
car 0.0034561753273010254 133 43 203 93
person 0.0021912753582000732 440 62 491 93
person 0.0030516982078552246 446 60 477 93
car 0.003736436367034912 130 42 200 76
car 0.004573792219161987 135 44 230 90
