sofa 0.0019799768924713135 36 130 496 363
person 0.13523343205451965 284 86 367 292
sofa 0.15354740619659424 371 153 499 264
person 0.920507550239563 118 84 212 315
person 0.0037219226360321045 187 92 330 302
person 0.03622123599052429 352 95 447 302
sofa 0.005384683609008789 367 138 467 279
sofa 0.005261063575744629 165 103 347 301
person 0.8238945007324219 297 130 419 328
chair 0.0016548335552215576 0 108 30 355
sofa 0.003650069236755371 33 140 338 312
sofa 0.004007279872894287 131 118 325 304
sofa 0.0018174350261688232 45 125 452 309
person 0.0653633177280426 255 91 375 161
pottedplant 0.0012350976467132568 129 85 211 146
pottedplant 0.001714080572128296 153 89 214 145
chair 0.001388639211654663 465 156 499 244
pottedplant 0.0015307366847991943 122 85 213 178
pottedplant 0.0021488964557647705 142 89 217 170
person 0.0017963051795959473 256 92 314 164
person 0.04903769493103027 264 92 344 210
pottedplant 0.0011074244976043701 123 86 260 201
person 0.0015366971492767334 202 89 316 264
person 0.002453356981277466 473 127 499 244
person 0.003650069236755371 253 90 319 260
person 0.009267330169677734 332 167 420 331
chair 0.0012943148612976074 0 176 38 333
person 0.007816284894943237 333 215 419 329
person 0.013480961322784424 255 42 348 158
person 0.017310142517089844 256 40 389 161
person 0.003416001796722412 309 38 425 243
pottedplant 0.0018676519393920898 0 183 17 313
person 0.005468875169754028 258 38 424 180
chair 0.0014104843139648438 443 150 499 279
person 0.0016613304615020752 29 83 202 315
pottedplant 0.005261063575744629 238 55 312 156
person 0.0017963051795959473 304 38 398 170
person 0.8973388671875 378 34 476 276
person 0.6575392484664917 293 39 455 297
person 0.8787316083908081 27 12 142 330
person 0.9355853796005249 187 93 281 308
pottedplant 0.029536426067352295 0 154 36 316
chair 0.003736436367034912 0 158 49 311
person 0.0012742578983306885 271 120 307 216
bottle 0.018759876489639282 355 228 382 295
pottedplant 0.0011879205703735352 0 119 13 263
pottedplant 0.002958148717880249 0 139 33 252
pottedplant 0.005911082029342651 0 164 13 288
pottedplant 0.001466512680053711 238 69 299 139
car 0.0010083019733428955 493 144 499 169
person 0.0014438629150390625 306 126 387 247
pottedplant 0.001120448112487793 479 125 499 163
pottedplant 0.001560807228088379 0 125 20 245
pottedplant 0.0026623904705047607 0 142 26 230
pottedplant 0.0027360916137695312 0 150 36 218
bottle 0.0013147294521331787 124 109 146 134
pottedplant 0.006615281105041504 174 95 213 141
pottedplant 0.024421334266662598 0 133 41 284
chair 0.014009058475494385 0 134 51 279
person 0.42632174491882324 271 94 346 296
bottle 0.021207362413406372 344 222 379 295
sofa 0.0017275214195251465 471 143 499 248
chair 0.007518589496612549 0 134 73 293
chair 0.007065832614898682 10 134 140 312
chair 0.0018459856510162354 178 97 308 306
