bicycle 0.0019419193267822266 164 179 334 440
person 0.0012112557888031006 1 94 184 446
dog 0.07807624340057373 2 134 323 447
chair 0.0015853047370910645 173 97 335 420
dog 0.7233090996742249 1 129 192 445
dog 0.0012496113777160645 -2 293 311 447
dog 0.0020425915718078613 -2 362 314 447
bicycle 0.0021488964557647705 1 393 328 447
bicycle 0.003537982702255249 9 415 330 447
bicycle 0.0024438798427581787 103 421 332 447
person 0.6610488891601562 107 44 334 448
chair 0.003930270671844482 61 63 213 225
chair 0.0018033087253570557 125 79 335 297
tvmonitor 0.019306659698486328 241 0 335 173
tvmonitor 0.0017963051795959473 241 0 335 69
bicycle 0.007148534059524536 190 432 336 447
bicycle 0.002115577459335327 159 418 308 447
tvmonitor 0.008778899908065796 241 0 335 106
cat 0.0033763349056243896 22 228 185 399
sofa 0.2720247507095337 7 41 337 449
chair 0.2546006739139557 8 42 337 447
person 0.0018388032913208008 156 46 334 287
sofa 0.003751039505004883 67 84 335 398
chair 0.0010650157928466797 27 3 334 258
chair 0.017310142517089844 240 0 335 203
chair 0.001335442066192627 52 47 338 209
sofa 0.004007279872894287 54 45 342 303
bicycle 0.001388639211654663 242 431 342 448
chair 0.001225501298904419 168 432 283 447
bottle 0.002406179904937744 251 433 327 447
