chair 0.004133999347686768 266 208 488 374
chair 0.06255704164505005 279 281 489 373
chair 0.00135117769241333 172 61 486 359
chair 0.05300912261009216 12 319 187 373
chair 0.0017478764057159424 5 184 264 373
person 0.881209135055542 8 48 261 374
person 0.917008101940155 238 62 418 373
person 0.0013096034526824951 0 115 65 371
person 0.0011513829231262207 0 105 88 372
pottedplant 0.0015487074851989746 225 0 242 10
bottle 0.004331141710281372 233 72 242 101
bottle 0.004609555006027222 232 72 243 106
bottle 0.005957245826721191 371 351 416 374
tvmonitor 0.014173001050949097 0 55 333 231
bottle 0.007038503885269165 231 72 244 126
tvmonitor 0.027744650840759277 26 51 290 192
tvmonitor 0.7866226434707642 168 57 290 182
tvmonitor 0.4931645095348358 0 64 109 209
chair 0.0018676519393920898 484 231 499 368
chair 0.0010775625705718994 0 175 14 371
tvmonitor 0.0015426874160766602 484 268 499 362
bottle 0.002641737461090088 168 143 180 154
