sofa 0.5736782550811768 -2 181 491 374
person 0.8013148307800293 2 137 318 321
person 0.8250249624252319 220 131 499 305
person 0.0097084641456604 0 135 188 312
person 0.001264333724975586 221 131 415 307
sofa 0.0076958537101745605 0 134 213 372
diningtable 0.005199640989303589 250 281 499 373
bottle 0.0017342865467071533 398 241 433 305
person 0.04995569586753845 145 49 182 109
person 0.1116311252117157 0 135 163 231
bottle 0.0011336207389831543 387 268 419 370
person 0.0010733604431152344 487 161 499 322
person 0.001455157995223999 484 166 499 347
bottle 0.8697161674499512 389 238 434 368
person 0.001020193099975586 481 198 499 357
dog 0.0010043680667877197 0 134 72 185
chair 0.0020991265773773193 283 153 346 223
person 0.0015130341053009033 429 213 499 373
person 0.0018676519393920898 470 192 499 373
