chair 0.001904308795928955 22 161 159 489
chair 0.18653884530067444 24 159 368 499
tvmonitor 0.004905790090560913 21 159 293 500
bottle 0.002912372350692749 249 471 374 499
chair 0.006771385669708252 128 475 325 500
bottle 0.0013564825057983398 198 475 339 500
cat 0.0012159943580627441 239 462 373 499
aeroplane 0.08725422620773315 28 0 367 497
tvmonitor 0.017577439546585083 42 126 97 177
person 0.0014382600784301758 1 0 167 168
bottle 0.0014837086200714111 3 0 352 218
tvmonitor 0.2233763039112091 10 1 373 498
tvmonitor 0.001560807228088379 -142 4 0 499
chair 0.0016039609909057617 0 128 110 496
chair 0.14804434776306152 24 0 370 498
chair 0.0031358301639556885 210 474 316 499
person 0.002757549285888672 237 474 316 500
bottle 0.005343139171600342 260 475 317 499
bottle 0.0028897523880004883 268 475 336 499
person 0.0022873878479003906 0 4 91 170
tvmonitor 0.04501798748970032 74 185 207 305
