bird 0.003285646438598633 0 203 5 281
bird 0.0013044774532318115 258 319 295 341
bird 0.003123670816421509 180 227 236 264
bird 0.004198610782623291 17 201 52 237
bird 0.002011030912399292 180 227 213 247
bird 0.003976315259933472 19 202 79 257
bird 0.0020505785942077637 18 30 50 49
bird 0.0010004639625549316 0 174 10 290
bird 0.003147989511489868 0 199 61 271
bird 0.9039729833602905 130 160 201 244
bird 0.0011160969734191895 0 156 7 272
bird 0.8969782590866089 253 182 346 248
bird 0.0023324191570281982 0 176 6 267
bird 0.0030516982078552246 17 200 62 254
