person 0.18713223934173584 468 130 481 187
person 0.0020505785942077637 470 32 499 249
person 0.0682893693447113 467 131 486 196
person 0.005865275859832764 470 119 499 213
person 0.005911082029342651 469 132 499 235
train 0.0019876956939697266 30 108 90 134
train 0.0017684698104858398 108 115 178 140
train 0.0022963285446166992 25 107 339 146
person 0.003324180841445923 459 132 481 194
train 0.7620676159858704 13 107 497 231
train 0.4590761959552765 86 15 499 359
person 0.10087525844573975 468 130 481 165
person 0.0017684698104858398 469 129 489 173
person 0.0015071630477905273 474 52 499 341
person 0.0031724870204925537 470 102 500 309
