person 0.17050957679748535 0 25 496 375
cat 0.8973388671875 220 109 499 373
pottedplant 0.010776817798614502 193 0 223 23
person 0.0011971890926361084 219 0 250 24
person 0.0014837086200714111 231 0 252 25
chair 0.0052814483642578125 388 45 484 146
cat 0.11085847020149231 112 38 300 162
dog 0.028329521417617798 113 38 313 155
dog 0.0060506463050842285 78 20 456 287
dog 0.04778146743774414 100 28 492 374
chair 0.0011248290538787842 373 38 500 377
person 0.002323359251022339 0 8 192 369
cat 0.21469154953956604 107 37 498 374
chair 0.001591503620147705 66 16 272 145
person 0.0011879205703735352 66 14 202 151
person 0.003075540065765381 47 10 481 165
person 0.0010902583599090576 0 0 76 116
person 0.005099952220916748 0 0 74 37
dog 0.027956068515777588 68 17 331 162
person 0.003678649663925171 0 2 149 227
person 0.007316946983337402 0 3 213 228
cat 0.021247953176498413 67 16 281 162
cat 0.06560257077217102 67 16 208 149
person 0.0010988116264343262 109 37 454 247
chair 0.0016292035579681396 389 35 498 174
person 0.005261063575744629 0 7 265 291
dog 0.025515884160995483 69 18 436 201
