train 0.0038546323776245117 443 115 500 336
car 0.7676874399185181 1 334 262 374
train 0.001489490270614624 447 205 499 369
bicycle 0.012674123048782349 450 330 484 348
car 0.025564581155776978 453 329 484 349
car 0.001674354076385498 470 328 497 351
person 0.0019419193267822266 494 327 500 368
bicycle 0.014558762311935425 421 330 489 356
bicycle 0.03234308958053589 442 329 487 352
car 0.0018245279788970947 462 330 496 352
car 0.0017410516738891602 411 331 493 357
bicycle 0.0031115710735321045 431 329 492 353
car 0.0022519826889038086 444 329 490 352
person 0.0045206546783447266 494 328 499 353
bicycle 0.001904308795928955 151 342 217 360
pottedplant 0.02096518874168396 399 300 415 314
person 0.0012943148612976074 115 332 146 355
car 0.002935171127319336 391 328 498 375
car 0.5078119039535522 0 334 156 373
car 0.5945513844490051 390 352 499 373
train 0.004264324903488159 443 128 499 244
car 0.0016102492809295654 54 353 262 374
car 0.00933942198753357 67 334 155 370
car 0.0064885616302490234 68 334 194 371
car 0.004755467176437378 427 352 499 374
