chair 0.001178741455078125 475 164 499 372
person 0.009784013032913208 0 73 120 373
person 0.01854574680328369 0 95 214 374
chair 0.005405604839324951 1 110 205 372
chair 0.0012742578983306885 202 181 350 350
chair 0.006193429231643677 1 16 227 368
chair 0.5165955424308777 11 15 357 360
person 0.03191739320755005 0 10 72 367
chair 0.0015977323055267334 116 234 199 298
chair 0.009448617696762085 151 15 351 331
person 0.0028118789196014404 484 163 499 373
chair 0.21469154953956604 41 233 203 371
bottle 0.0037074387073516846 485 264 499 373
pottedplant 0.012674123048782349 37 210 97 293
tvmonitor 0.016916126012802124 0 0 75 151
tvmonitor 0.0010567307472229004 0 0 75 263
bottle 0.02161678671836853 490 269 500 373
chair 0.002641737461090088 202 237 353 350
chair 0.3504211902618408 266 237 348 348
chair 0.022629231214523315 355 211 416 351
person 0.0028561055660247803 480 128 499 372
chair 0.01518791913986206 37 209 96 293
chair 0.0018459856510162354 35 210 151 295
chair 0.001489490270614624 287 236 344 328
chair 0.001289278268814087 36 212 236 296
chair 0.003780364990234375 64 291 202 371
chair 0.0011424720287322998 469 227 499 373
bottle 0.008511096239089966 483 194 499 373
pottedplant 0.00321003794670105 38 252 94 294
chair 0.00955912470817566 357 212 416 303
chair 0.006538987159729004 139 235 186 295
bottle 0.006241738796234131 478 221 499 373
chair 0.0011160969734191895 0 106 68 341
