diningtable 0.6325035691261292 282 306 500 373
person 0.0023968517780303955 207 97 474 354
person 0.9056569337844849 335 92 475 310
chair 0.001560807228088379 0 112 105 371
sofa 0.010249316692352295 0 113 235 372
person 0.9396899938583374 1 74 259 372
person 0.9505971670150757 202 122 340 372
chair 0.003147989511489868 0 97 259 373
chair 0.0010650157928466797 468 178 499 232
tvmonitor 0.0016355812549591064 0 110 96 240
chair 0.002790004014968872 477 161 499 236
chair 0.002501755952835083 493 143 499 237
bottle 0.0034293532371520996 490 280 499 362
person 0.003678649663925171 337 93 486 245
bottle 0.0010526180267333984 493 49 499 198
chair 0.001466512680053711 489 206 499 241
chair 0.0013459324836730957 474 145 499 279
pottedplant 0.0019876956939697266 335 33 411 108
chair 0.0012207329273223877 420 176 489 254
chair 0.009303301572799683 440 175 496 252
chair 0.0021488964557647705 441 150 498 240
chair 0.0020585954189300537 473 115 499 238
chair 0.0018822550773620605 484 197 499 236
chair 0.0020267367362976074 489 195 499 236
chair 0.0028561055660247803 483 180 499 236
chair 0.0030398666858673096 490 166 499 237
