diningtable 0.00369301438331604 8 454 382 499
chair 0.0015729963779449463 31 397 371 499
bottle 0.957595705986023 56 227 128 466
chair 0.0038546323776245117 224 263 374 499
diningtable 0.003524214029312134 0 359 228 499
person 0.0030874907970428467 21 275 374 500
chair 0.010735392570495605 279 272 374 499
diningtable 0.003510504961013794 2 374 376 499
person 0.001554727554321289 22 343 373 499
chair 0.0029466450214385986 100 304 373 499
person 0.9089384078979492 8 17 373 500
bottle 0.0020991265773773193 0 327 19 384
diningtable 0.0015487074851989746 77 439 313 499
chair 0.001289278268814087 97 446 348 499
chair 0.0012207329273223877 2 468 291 499
bottle 0.09106162190437317 0 262 27 384
diningtable 0.003123670816421509 65 477 311 499
chair 0.001972287893295288 76 477 336 499
bottle 0.0028339028358459473 0 296 22 384
person 0.006538987159729004 5 92 134 391
bottle 0.0017073750495910645 0 279 16 386
bottle 0.0011424720287322998 0 270 14 351
bottle 0.6279522776603699 0 264 27 328
bottle 0.0011248290538787842 1 248 23 288
