aeroplane 0.9133665561676025 8 114 493 225
aeroplane 0.0017478764057159424 0 128 43 201
aeroplane 0.0015426874160766602 0 116 28 200
aeroplane 0.006388753652572632 0 192 112 224
aeroplane 0.0025310516357421875 0 177 42 225
aeroplane 0.19620904326438904 170 98 492 223
aeroplane 0.0023875534534454346 0 144 33 209
aeroplane 0.0016678273677825928 2 118 132 217
aeroplane 0.02161678671836853 0 163 124 223
aeroplane 0.06656795740127563 0 150 63 224
aeroplane 0.061874181032180786 0 188 65 223
aeroplane 0.0607527494430542 0 194 60 220
