boat 0.005099952220916748 137 196 443 362
chair 0.004022836685180664 180 180 390 354
boat 0.0022257566452026367 175 165 402 293
person 0.7017127275466919 192 84 382 336
chair 0.005957245826721191 400 16 499 368
boat 0.004231303930282593 176 185 447 278
boat 0.015542924404144287 175 197 415 300
chair 0.0033763349056243896 305 18 325 57
person 0.0015977323055267334 289 0 322 23
person 0.004133999347686768 436 26 452 62
person 0.0029812753200531006 443 16 469 67
person 0.0011648833751678467 448 16 489 68
chair 0.001714080572128296 35 0 89 24
chair 0.0017823278903961182 40 0 87 16
person 0.0020666420459747314 485 22 499 124
person 0.003976315259933472 484 30 499 266
car 0.24653419852256775 278 10 312 30
car 0.0014104843139648438 306 9 325 25
person 0.0026008784770965576 489 24 499 145
person 0.0012350976467132568 0 16 30 194
person 0.24726033210754395 196 89 302 333
person 0.0011031031608581543 9 -73 199 -2
chair 0.01923280954360962 198 56 302 236
tvmonitor 0.0020991265773773193 177 214 215 273
person 0.012240886688232422 447 10 499 358
chair 0.0015791356563568115 206 195 330 328
bottle 0.0012496113777160645 252 35 263 63
chair 0.0013147294521331787 177 208 308 279
chair 0.001524806022644043 209 265 381 373
person 0.004054129123687744 436 5 453 63
person 0.0013617873191833496 448 15 478 66
tvmonitor 0.003664344549179077 456 0 500 30
person 0.00834837555885315 0 0 29 285
tvmonitor 0.004830062389373779 447 1 499 94
car 0.006193429231643677 278 1 316 30
person 0.044683367013931274 447 13 500 232
person 0.0033112764358520508 440 0 499 68
car 0.00822022557258606 449 0 499 72
person 0.0012544989585876465 0 0 72 109
person 0.0020666420459747314 436 0 462 68
person 0.0022431910037994385 448 5 473 61
person 0.0012350976467132568 448 16 482 48
tvmonitor 0.009860128164291382 202 56 286 156
chair 0.0029812753200531006 202 56 286 150
tvmonitor 0.0013459324836730957 177 215 282 274
pottedplant 0.0012447535991668701 199 23 239 40
bottle 0.0010004639625549316 177 214 215 268
tvmonitor 0.005199640989303589 446 0 499 52
person 0.003147989511489868 491 19 500 156
bird 0.003496825695037842 480 16 499 88
person 0.0030045807361602783 483 12 499 90
dog 0.002693742513656616 310 120 347 176
person 0.006589770317077637 445 0 469 41
person 0.01342916488647461 444 0 495 41
car 0.007373988628387451 458 0 500 29
person 0.006615281105041504 0 0 26 41
person 0.014009058475494385 35 0 71 34
tvmonitor 0.0010362863540649414 466 90 500 262
chair 0.0031115710735321045 477 88 500 261
person 0.5486736297607422 448 17 499 87
person 0.6279522776603699 0 0 30 111
car 0.025760233402252197 289 10 312 28
car 0.004591643810272217 307 10 326 28
person 0.006589770317077637 447 0 481 42
chair 0.031736671924591064 267 322 315 374
car 0.0018388032913208008 464 2 499 49
chair 0.0015487074851989746 311 122 346 176
person 0.022888898849487305 197 85 302 224
car 0.020885050296783447 278 10 313 51
chair 0.013689994812011719 189 331 283 373
chair 0.020725667476654053 267 323 383 373
