chair 0.00106087327003479 422 7 499 369
bird 0.002501755952835083 177 181 200 222
bird 0.0020991265773773193 5 78 75 149
pottedplant 0.0011424720287322998 440 129 500 183
bird 0.002935171127319336 0 79 78 204
pottedplant 0.001495271921157837 0 69 28 169
pottedplant 0.0022963285446166992 0 90 32 157
bird 0.021452128887176514 169 181 195 253
bird 0.002757549285888672 15 114 42 141
bird 0.003442734479904175 175 180 204 231
bird 0.8056327104568481 169 180 199 289
dog 0.03410175442695618 270 138 293 213
bird 0.7690780162811279 270 127 307 212
bird 0.006339401006698608 281 127 308 177
