car 0.4804786145687103 284 191 320 206
pottedplant 0.0033501386642456055 0 189 13 206
pottedplant 0.0013250410556793213 11 191 22 207
car 0.008984774351119995 492 149 499 163
car 0.0016165375709533691 282 193 294 207
boat 0.0022785067558288574 366 124 426 144
boat 0.0011424720287322998 478 119 499 167
car 0.019642621278762817 240 343 292 374
car 0.924144983291626 240 287 294 326
boat 0.0034696757793426514 444 185 462 206
car 0.00391504168510437 310 267 324 288
motorbike 0.003824770450592041 300 229 314 251
car 0.0013778507709503174 282 189 292 205
boat 0.0024921000003814697 438 135 479 162
boat 0.007038503885269165 475 132 499 162
car 0.7534657716751099 308 247 342 273
motorbike 0.005619615316390991 298 231 308 251
boat 0.008611321449279785 437 243 499 302
bus 0.7931057214736938 357 224 414 278
person 0.001264333724975586 484 256 499 352
person 0.001455157995223999 488 266 499 351
bus 0.008576959371566772 436 241 499 348
boat 0.0017963051795959473 393 121 422 141
car 0.8887557983398438 279 267 324 297
bus 0.015906304121017456 436 242 499 305
boat 0.0014438629150390625 493 153 499 175
car 0.001964658498764038 132 340 190 361
boat 0.03817746043205261 475 148 499 162
person 0.045864373445510864 211 285 229 315
car 0.0011694133281707764 134 339 209 369
boat 0.00933942198753357 388 127 417 143
car 0.0011879205703735352 277 286 294 310
bus 0.00438198447227478 281 178 312 205
person 0.004792630672454834 492 274 500 355
person 0.003824770450592041 246 125 257 140
car 0.035680413246154785 475 149 499 162
car 0.01422739028930664 491 147 499 163
person 0.008677929639816284 261 119 275 141
car 0.22953715920448303 431 205 475 225
boat 0.06584268808364868 430 205 474 225
boat 0.0028339028358459473 488 142 499 294
boat 0.016215503215789795 384 133 424 145
person 0.0011741816997528076 394 180 401 199
boat 0.0022257566452026367 492 127 499 161
boat 0.003416001796722412 490 136 499 162
pottedplant 0.005619615316390991 0 136 6 173
person 0.0017823278903961182 398 180 405 197
boat 0.14033910632133484 489 160 499 215
pottedplant 0.005343139171600342 0 185 4 206
person 0.002359837293624878 0 113 22 128
boat 0.07185441255569458 488 164 499 237
person 0.0030045807361602783 430 179 437 190
car 0.0011971890926361084 438 210 475 224
person 0.0012399256229400635 0 128 6 174
car 0.001455157995223999 307 249 327 274
car 0.5136684775352478 130 339 239 374
