person 0.009821981191635132 481 128 500 372
car 0.0030045807361602783 348 139 498 238
person 0.8062436580657959 330 75 414 341
car 0.8643088936805725 403 147 499 238
bus 0.7866226434707642 0 83 48 208
person 0.3702242970466614 479 23 499 238
bus 0.002590775489807129 2 133 68 212
car 0.0031115710735321045 327 116 342 135
bus 0.1783832311630249 329 115 408 232
bus 0.20370766520500183 354 117 407 228
bus 0.002867281436920166 361 121 441 228
car 0.0021573007106781006 462 166 499 237
car 0.006097882986068726 492 140 500 237
person 0.001495271921157837 157 110 207 373
person 0.00874510407447815 487 169 499 373
car 0.028437048196792603 473 142 499 239
person 0.002415567636489868 56 -135 478 12
person 0.00406983494758606 494 260 500 372
person 0.0010004639625549316 182 59 315 323
car 0.9263019561767578 32 139 118 217
person 0.0011336207389831543 440 6 499 274
bus 0.004681944847106934 334 91 407 294
person 0.18713223934173584 99 0 240 369
bird 0.001477956771850586 113 0 216 113
person 0.8204694986343384 102 0 348 376
car 0.003930270671844482 469 170 497 192
person 0.03079017996788025 485 122 499 237
car 0.00321003794670105 371 167 401 188
person 0.013274848461151123 462 166 478 186
person 0.00629037618637085 466 165 481 186
person 0.0019419193267822266 472 162 499 220
person 0.026155948638916016 489 70 500 227
car 0.02211776375770569 371 166 406 230
car 0.004905790090560913 469 167 499 211
person 0.0015010833740234375 155 113 189 383
person 0.04256337881088257 479 128 499 239
person 0.07977861166000366 490 125 500 240
bus 0.0011971890926361084 362 118 420 182
person 0.010818421840667725 480 35 500 164
person 0.00185316801071167 469 167 497 191
car 0.003324180841445923 0 161 33 207
bus 0.004118025302886963 362 116 405 192
car 0.03032785654067993 369 149 407 227
person 0.001477956771850586 462 238 499 374
person 0.01048976182937622 484 197 499 374
car 0.004007279872894287 362 118 422 228
car 0.00321003794670105 483 174 499 237
bird 0.0014438629150390625 113 0 208 75
car 0.00831615924835205 330 80 406 329
car 0.1356911063194275 351 117 409 227
