sofa 0.014173001050949097 278 223 499 332
sofa 0.0013250410556793213 399 223 499 331
sofa 0.6279522776603699 0 221 409 334
sofa 0.5048826932907104 7 259 445 333
sofa 0.024189800024032593 183 223 499 332
person 0.003389507532119751 436 45 499 332
person 0.007636308670043945 305 10 500 334
pottedplant 0.0033632218837738037 123 134 145 162
pottedplant 0.0012842416763305664 78 129 145 169
person 0.0012994110584259033 350 261 393 281
chair 0.001674354076385498 0 224 137 329
bottle 0.0024824440479278564 262 145 268 156
sofa 0.0014438629150390625 306 220 471 275
person 0.0021073520183563232 0 223 137 305
car 0.0037074387073516846 128 152 189 182
chair 0.002406179904937744 307 224 498 330
sofa 0.012821823358535767 0 224 136 332
car 0.004485577344894409 190 173 214 192
bottle 0.0010988116264343262 335 182 348 225
chair 0.0018459856510162354 129 154 188 183
pottedplant 0.0016874969005584717 139 120 162 158
chair 0.0026727914810180664 117 155 191 210
bottle 0.001477956771850586 358 130 369 153
tvmonitor 0.577495276927948 213 155 280 217
