chair 0.016658097505569458 -1 428 151 500
person 0.0022696256637573242 249 126 332 352
diningtable 0.9184834957122803 2 122 331 498
person 0.0020666420459747314 233 18 332 373
person 0.00208282470703125 182 0 331 155
person 0.0011648833751678467 242 0 331 160
chair 0.008445650339126587 129 2 225 131
bottle 0.02025449275970459 181 23 225 177
chair 0.006438493728637695 249 132 331 359
chair 0.0032476186752319336 0 0 87 136
bottle 0.0030045807361602783 114 43 149 184
bottle 0.0013778507709503174 191 43 205 131
tvmonitor 0.0011336207389831543 157 0 293 17
bottle 0.005343139171600342 182 15 225 135
tvmonitor 0.0010485053062438965 159 0 289 6
chair 0.001040339469909668 293 138 332 368
