bird 0.692642092704773 88 108 288 261
bird 0.03222090005874634 87 108 290 365
bird 0.25164732336997986 256 47 495 369
bird 0.8519556522369385 54 151 138 351
bird 0.0012544989585876465 24 -103 489 85
bird 0.002011030912399292 245 -138 491 69
bird 0.0013778507709503174 166 287 293 369
bird 0.0037074387073516846 257 286 415 369
person 0.003795117139816284 0 0 31 168
bird 0.0012350976467132568 329 37 496 234
bird 0.005426615476608276 0 2 32 365
bird 0.0014382600784301758 0 2 63 368
person 0.006692379713058472 0 1 31 236
person 0.003664344549179077 0 1 31 353
bird 0.8848353028297424 77 4 282 141
bird 0.10411036014556885 111 143 290 263
person 0.008846968412399292 0 0 31 78
bird 0.0016548335552215576 178 152 288 220
bird 0.0026212334632873535 221 152 288 218
