chair 0.0035935938358306885 491 100 499 120
chair 0.003160238265991211 491 100 500 159
chair 0.004556000232696533 491 101 499 129
sheep 0.06878867745399475 148 97 165 121
chair 0.0012842416763305664 465 191 493 201
dog 0.017310142517089844 324 81 342 99
person 0.0028339028358459473 467 41 499 125
person 0.0031358301639556885 489 32 500 131
sheep 0.850963830947876 74 124 119 168
pottedplant 0.0023324191570281982 488 72 499 119
pottedplant 0.008611321449279785 490 90 499 119
pottedplant 0.0015791356563568115 479 49 499 125
sheep 0.07005152106285095 324 81 342 99
person 0.0012065470218658447 466 59 497 116
cow 0.07476991415023804 324 80 341 99
pottedplant 0.005322486162185669 462 40 499 118
pottedplant 0.0030398666858673096 470 59 499 120
pottedplant 0.010776817798614502 490 55 499 120
sheep 0.0022785067558288574 101 124 119 164
sheep 0.0021657347679138184 75 133 90 145
