bus 0.004118025302886963 0 57 277 371
bicycle 0.0017684698104858398 5 65 456 373
person 0.006930291652679443 65 90 184 193
cat 0.0012065470218658447 57 69 187 189
person 0.011596441268920898 351 0 457 158
person 0.0034561753273010254 403 113 446 160
tvmonitor 0.006438493728637695 344 0 499 225
person 0.0016355812549591064 447 186 499 373
tvmonitor 0.23301005363464355 224 0 499 250
bicycle 0.12210246920585632 -1 65 280 368
bottle 0.0029928982257843018 409 126 431 179
person 0.007120847702026367 388 0 456 131
bottle 0.0024921000003814697 404 117 435 180
chair 0.0050605833530426025 448 260 499 373
chair 0.004364967346191406 447 310 499 373
car 0.018334269523620605 201 336 339 373
