person 0.784649133682251 214 221 453 367
chair 0.03240436315536499 321 138 485 332
person 0.9022672176361084 417 141 499 332
diningtable 0.04849517345428467 18 234 334 352
chair 0.4590761959552765 329 133 434 272
chair 0.0012792348861694336 344 137 499 296
chair 0.0062660276889801025 422 138 499 313
chair 0.09981748461723328 114 130 192 344
chair 0.007288604974746704 0 137 86 347
chair 0.031200677156448364 43 130 117 343
chair 0.0017893016338348389 0 267 176 373
person 0.926567792892456 0 224 229 374
sofa 0.002693742513656616 0 231 365 373
person 0.001560807228088379 6 234 349 372
diningtable 0.004830062389373779 186 227 500 373
chair 0.023419708013534546 43 133 171 342
person 0.0019876956939697266 132 132 313 349
chair 0.0034027397632598877 113 133 293 348
diningtable 0.001335442066192627 111 163 332 339
diningtable 0.0010733604431152344 128 205 333 341
chair 0.02096518874168396 305 181 443 356
chair 0.005729943513870239 474 159 499 209
person 0.001477956771850586 481 146 499 269
person 0.003991752862930298 488 139 499 278
person 0.001495271921157837 475 121 499 209
person 0.008284062147140503 486 110 500 212
bottle 0.0010567307472229004 193 192 207 238
bottle 0.004166156053543091 210 203 226 232
bottle 0.003621727228164673 214 201 229 231
chair 0.014614790678024292 487 146 500 266
chair 0.05089092254638672 0 186 11 224
bottle 0.007402688264846802 220 200 230 230
person 0.00517958402633667 463 157 499 374
chair 0.001831650733947754 444 135 499 204
diningtable 0.002779155969619751 157 233 301 291
bottle 0.0076958537101745605 158 218 183 277
chair 0.0012742578983306885 160 223 303 304
tvmonitor 0.9039729833602905 238 129 325 196
chair 0.0017823278903961182 0 207 57 336
bottle 0.001674354076385498 317 299 339 336
diningtable 0.00941208004951477 156 247 312 298
diningtable 0.0038396716117858887 151 211 315 306
person 0.007402688264846802 338 221 454 335
person 0.008380681276321411 480 78 499 203
chair 0.0012842416763305664 0 218 31 302
chair 0.0012207329273223877 429 169 499 332
bottle 0.0017547309398651123 255 216 276 275
person 0.009860128164291382 283 220 453 354
person 0.001972287893295288 433 186 499 372
person 0.006615281105041504 482 121 499 203
chair 0.002693742513656616 434 116 499 237
chair 0.6893061399459839 113 131 189 235
person 0.003765672445297241 469 151 499 343
bottle 0.005002021789550781 205 202 227 273
chair 0.179530531167984 114 130 189 285
bottle 0.12252146005630493 256 218 272 256
person 0.9036341905593872 40 4 120 265
chair 0.0869433581829071 0 202 30 336
chair 0.01771247386932373 484 125 499 211
bottle 0.004609555006027222 194 193 225 264
person 0.010449320077896118 482 139 499 333
chair 0.03359013795852661 0 141 24 327
chair 0.01949256658554077 0 188 37 290
bottle 0.002912372350692749 208 202 227 253
bottle 0.022287070751190186 304 204 318 258
bottle 0.0015366971492767334 323 144 342 196
bottle 0.6876306533813477 193 192 211 258
chair 0.00386965274810791 0 137 12 230
bottle 0.0023968517780303955 157 218 173 250
bottle 0.0022170841693878174 157 218 174 270
person 0.0011603832244873047 490 103 500 210
bottle 0.0022170841693878174 199 202 225 275
chair 0.25683075189590454 487 160 499 203
bottle 0.005159556865692139 194 228 210 279
bottle 0.006145477294921875 205 239 226 273
person 0.005099952220916748 212 294 430 363
chair 0.0018388032913208008 376 134 494 249
chair 0.0025310516357421875 425 147 499 272
chair 0.011287689208984375 0 140 11 307
bottle 0.001524806022644043 158 218 173 240
chair 0.014955878257751465 485 150 499 328
bottle 0.0010162293910980225 217 200 231 250
bottle 0.003751039505004883 234 192 253 257
chair 0.019195973873138428 0 190 11 269
chair 0.1835937798023224 367 133 434 249
chair 0.0014215409755706787 421 140 499 237
chair 0.003565669059753418 433 152 499 247
chair 0.019793838262557983 483 159 499 261
