car 0.025322049856185913 0 105 487 374
car 0.0014837086200714111 0 242 496 373
car 0.8832350969314575 65 61 498 344
person 0.0012112557888031006 158 0 174 20
person 0.002757549285888672 184 0 197 20
person 0.00321003794670105 327 1 341 16
person 0.0010043680667877197 347 0 361 13
person 0.0035935938358306885 349 0 375 14
person 0.007345408201217651 356 0 377 14
person 0.007011294364929199 358 0 394 15
person 0.022372186183929443 371 0 396 15
bus 0.004054129123687744 1 146 22 244
person 0.13893115520477295 480 78 499 212
person 0.007093280553817749 334 63 362 96
person 0.0034696757793426514 0 104 13 213
person 0.3522022068500519 480 81 499 158
person 0.00321003794670105 493 55 499 126
person 0.012193650007247925 271 0 287 19
person 0.003976315259933472 296 0 313 17
person 0.016530483961105347 32 95 57 184
person 0.0030874907970428467 31 86 43 104
person 0.058133482933044434 52 86 80 155
person 0.00438198447227478 47 88 60 109
person 0.004556000232696533 60 84 80 109
person 0.003537982702255249 68 84 98 134
person 0.003960907459259033 76 85 97 113
person 0.1422344446182251 0 81 40 180
person 0.004314333200454712 95 88 115 112
person 0.002779155969619751 37 88 77 193
person 0.0019954144954681396 485 77 499 115
person 0.018194735050201416 493 78 499 114
person 0.001432657241821289 54 85 98 174
car 0.0010083019733428955 380 72 499 238
person 0.018334269523620605 0 83 9 156
person 0.013223767280578613 0 74 20 249
car 0.17553958296775818 327 57 474 135
person 0.06324738264083862 331 63 369 113
person 0.003416001796722412 328 62 416 116
person 0.001477956771850586 63 87 105 157
person 0.008252084255218506 487 1 499 23
car 0.001367121934890747 0 266 65 372
person 0.0013044774532318115 23 89 37 106
pottedplant 0.001524806022644043 159 0 175 20
person 0.007232218980789185 57 85 79 114
person 0.001714080572128296 73 84 84 113
person 0.0029237568378448486 86 86 101 124
person 0.20307472348213196 93 90 116 128
person 0.007204204797744751 489 85 499 217
person 0.0069841742515563965 0 92 12 198
person 0.045186132192611694 304 100 334 130
person 0.002314329147338867 459 88 484 118
person 0.007846683263778687 0 84 10 184
person 0.23231258988380432 485 79 499 151
car 0.0010902583599090576 0 147 20 238
person 0.0015668869018554688 335 63 361 87
person 0.04161706566810608 0 81 18 157
person 0.0012065470218658447 57 85 98 142
person 0.004231303930282593 342 63 360 82
bus 0.001225501298904419 0 147 55 257
person 0.001264333724975586 30 86 43 118
person 0.0020505785942077637 72 85 89 122
person 0.1250624656677246 76 85 98 124
person 0.06097537279129028 466 89 483 114
person 0.01186823844909668 480 87 496 121
person 0.058133482933044434 492 79 499 151
person 0.0012742578983306885 40 89 59 119
person 0.0013617873191833496 72 85 94 125
