person 0.002693742513656616 81 39 449 329
person 0.955483078956604 0 51 172 331
person 0.9270970821380615 75 43 296 331
person 0.9558143019676208 267 30 500 331
person 0.0012112557888031006 452 36 500 331
person 0.0046637654304504395 0 55 71 330
person 0.007636308670043945 0 38 20 192
person 0.005865275859832764 0 75 39 271
person 0.0013940632343292236 0 38 108 330
person 0.001028209924697876 66 168 162 328
person 0.001040339469909668 0 9 32 314
person 0.006003767251968384 0 24 36 195
person 0.006771385669708252 0 88 36 192
bottle 0.02161678671836853 353 197 394 329
person 0.02405199408531189 477 106 500 332
person 0.01507142186164856 0 85 18 200
person 0.010449320077896118 0 52 20 318
person 0.00952214002609253 0 55 43 312
