boat 0.011418908834457397 319 3 499 362
chair 0.05070251226425171 0 20 132 373
chair 0.0013724565505981445 275 -2 499 372
chair 0.017443329095840454 383 -4 499 368
chair 0.0015130341053009033 48 112 500 373
chair 0.0022344589233398438 259 116 283 227
bottle 0.0013044774532318115 248 161 256 173
person 0.9063211679458618 191 65 248 227
chair 0.002641737461090088 386 118 419 209
chair 0.0024724602699279785 259 116 285 264
chair 0.0050605833530426025 259 116 298 311
chair 0.004331141710281372 260 116 330 315
chair 0.0014438629150390625 31 120 133 288
chair 0.004830062389373779 438 101 499 288
