diningtable 0.8705992698669434 40 195 403 332
chair 0.005865275859832764 456 148 499 331
diningtable 0.0019191503524780273 126 196 374 266
person 0.7627751231193542 0 132 108 332
person 0.8852325081825256 366 139 499 331
diningtable 0.0010162293910980225 242 257 410 332
person 0.24653419852256775 294 167 310 200
person 0.002415567636489868 125 158 159 196
person 0.0011694133281707764 159 171 207 210
person 0.0013250410556793213 0 56 26 202
person 0.05184340476989746 295 167 336 202
person 0.004736989736557007 304 146 350 206
bottle 0.21866926550865173 228 215 249 280
bottle 0.0010817945003509521 88 287 104 320
pottedplant 0.027903079986572266 132 96 167 166
person 0.005865275859832764 308 148 347 196
person 0.0028339028358459473 317 146 350 197
bottle 0.005240768194198608 204 209 222 258
bottle 0.35577577352523804 236 184 249 217
bottle 0.0021827220916748047 269 184 285 212
chair 0.003416001796722412 487 137 499 275
bottle 0.0014438629150390625 87 289 104 330
bottle 0.0033632218837738037 363 197 407 251
bottle 0.003621727228164673 125 158 159 190
person 0.007260352373123169 0 19 20 259
person 0.0012943148612976074 471 53 500 287
person 0.07640942931175232 0 78 18 253
chair 0.010249316692352295 0 204 109 331
person 0.0010004639625549316 0 68 68 324
person 0.21337738633155823 0 82 17 198
person 0.0030280649662017822 0 117 27 334
person 0.0019343793392181396 0 121 40 327
person 0.8056327104568481 127 160 179 246
bottle 0.0022785067558288574 272 192 282 218
bottle 0.005426615476608276 274 198 288 235
bottle 0.8962537050247192 270 201 293 279
chair 0.0075772106647491455 384 195 499 332
chair 0.001466512680053711 413 171 499 333
person 0.08540382981300354 457 106 499 334
chair 0.0011292099952697754 28 200 61 230
person 0.00369301438331604 125 158 157 184
person 0.03462067246437073 473 96 499 348
person 0.0013044774532318115 63 154 182 261
person 0.08093324303627014 362 139 436 261
person 0.8354835510253906 44 147 139 268
person 0.003765672445297241 296 155 319 198
bottle 0.001957029104232788 235 189 250 228
person 0.004231303930282593 329 142 352 204
person 0.8116765022277832 308 141 387 261
person 0.17895618081092834 483 104 500 306
person 0.0022084414958953857 0 97 36 289
person 0.7577925324440002 154 149 197 214
person 0.8679343461990356 223 147 292 201
person 0.0022785067558288574 317 142 384 212
bottle 0.0014050006866455078 45 303 150 331
person 0.022629231214523315 471 106 499 226
bottle 0.007260352373123169 270 186 281 214
person 0.20817920565605164 483 104 499 228
bottle 0.0024628937244415283 273 190 288 217
chair 0.024608224630355835 485 137 499 225
person 0.0015010833740234375 141 172 188 221
person 0.7905300855636597 296 147 336 202
