bicycle 0.0017823278903961182 469 205 499 368
chair 0.01883181929588318 0 201 84 369
chair 0.03846472501754761 0 266 84 369
person 0.9029529690742493 194 64 371 228
person 0.0019191503524780273 0 44 84 369
chair 0.0028897523880004883 0 68 84 370
bicycle 0.22953715920448303 343 213 479 370
bottle 0.0013724565505981445 100 195 112 217
pottedplant 0.0022696256637573242 245 15 287 67
bottle 0.03234308958053589 38 203 49 219
chair 0.018056362867355347 426 -3 499 160
bottle 0.013122200965881348 66 192 96 213
chair 0.002003192901611328 409 -65 503 -1
pottedplant 0.0014104843139648438 157 30 191 72
bottle 0.0020425915718078613 152 100 169 123
bird 0.001264333724975586 292 224 320 262
person 0.0010567307472229004 209 55 234 96
bird 0.05921009182929993 304 223 326 258
bicycle 0.0010567307472229004 341 224 446 330
tvmonitor 0.00443345308303833 477 256 499 314
bottle 0.0116862952709198 384 230 400 253
chair 0.09981748461723328 0 304 84 370
person 0.0012065470218658447 34 207 69 278
person 0.0016039609909057617 99 195 111 219
person 0.0027042627334594727 414 254 436 290
tvmonitor 0.09946715831756592 0 0 120 220
pottedplant 0.0011160969734191895 248 30 289 66
bottle 0.002779155969619751 109 169 128 185
diningtable 0.2062540352344513 419 1 499 160
chair 0.0011971890926361084 441 -64 499 2
person 0.001120448112487793 493 184 499 317
bird 0.08479490876197815 291 223 327 267
bottle 0.003324180841445923 347 230 358 252
chair 0.9268327951431274 277 0 422 124
chair 0.004905790090560913 467 -2 499 178
bicycle 0.0031724870204925537 189 204 231 249
bottle 0.0015977323055267334 26 206 43 271
bottle 0.003976315259933472 83 181 114 203
bottle 0.0012943148612976074 122 175 166 201
car 0.005261063575744629 0 0 119 281
pottedplant 0.0024628937244415283 168 53 190 72
chair 0.007846683263778687 427 1 499 95
bottle 0.0010945498943328857 94 209 125 257
tvmonitor 0.0031358301639556885 492 249 499 304
bird 0.008644551038742065 304 223 319 251
bottle 0.0012943148612976074 354 224 378 252
chair 0.00406983494758606 451 -1 499 164
bottle 0.025662213563919067 38 204 52 222
bottle 0.00421491265296936 39 203 61 221
bottle 0.003123670816421509 183 204 210 230
bottle 0.0018174350261688232 105 170 128 190
person 0.02169954776763916 417 255 435 275
tvmonitor 0.006771385669708252 483 257 499 303
tvmonitor 0.006193429231643677 489 256 499 304
bottle 0.003736436367034912 80 173 128 202
bottle 0.0015729963779449463 108 170 129 201
person 0.007402688264846802 195 54 220 92
person 0.07807624340057373 221 50 241 94
person 0.0018033087253570557 236 57 270 94
person 0.21800264716148376 114 60 166 111
bottle 0.001524806022644043 77 187 98 212
bottle 0.002074718475341797 82 185 101 199
bottle 0.0012350976467132568 82 184 108 200
chair 0.0023506581783294678 437 0 499 74
tvmonitor 0.03817746043205261 0 0 99 88
pottedplant 0.0012943148612976074 235 0 289 65
pottedplant 0.0015487074851989746 167 43 189 72
pottedplant 0.007402688264846802 167 32 190 73
chair 0.001466512680053711 483 10 500 171
person 0.007431507110595703 206 54 219 69
bottle 0.008284062147140503 189 204 217 229
chair 0.0022084414958953857 181 83 214 106
bottle 0.014841258525848389 190 204 229 230
bottle 0.037469178438186646 191 205 230 245
person 0.014009058475494385 205 54 220 89
bottle 0.0021573007106781006 154 100 172 122
bottle 0.0015010833740234375 35 205 48 233
bottle 0.04885616898536682 28 206 41 233
bottle 0.010776817798614502 36 204 54 232
bottle 0.0020346641540527344 38 205 61 228
