train 0.013637453317642212 59 217 357 311
train 0.9246891736984253 191 220 356 310
train 0.0022607743740081787 0 87 27 308
person 0.5983123779296875 361 241 374 279
train 0.014173001050949097 0 115 26 174
person 0.028870850801467896 374 247 384 276
train 0.007345408201217651 0 117 5 175
train 0.01467105746269226 0 116 13 175
train 0.004297584295272827 0 110 26 196
train 0.0015853047370910645 0 115 69 175
train 0.003607630729675293 0 55 36 183
train 0.0034832358360290527 0 87 32 240
train 0.001028209924697876 0 97 90 205
person 0.0017963051795959473 367 244 384 278
person 0.023066431283950806 374 247 384 266
train 0.00593411922454834 0 117 8 175
train 0.0010162293910980225 0 117 11 156
train 0.0011513829231262207 0 88 47 213
car 0.0012112557888031006 0 287 28 331
boat 0.007636308670043945 0 297 28 332
