tvmonitor 0.022715508937835693 71 134 498 393
tvmonitor 0.0021073520183563232 476 8 499 392
person 0.9238649606704712 184 115 329 346
boat 0.001111745834350586 7 294 495 391
person 0.0018033087253570557 300 42 322 58
tvmonitor 0.0013147294521331787 484 3 499 121
person 0.010249316692352295 201 42 240 74
person 0.004755467176437378 303 42 320 56
person 0.00593411922454834 432 162 450 275
bottle 0.040843963623046875 225 76 267 101
bird 0.00406983494758606 217 76 283 107
bird 0.146574467420578 232 77 324 207
person 0.012335866689682007 238 63 332 213
person 0.011244326829910278 190 43 244 205
tvmonitor 0.0012943148612976074 487 10 499 348
person 0.0024344027042388916 302 42 326 59
person 0.0016228556632995605 302 42 332 71
person 0.7563560009002686 174 43 206 174
bird 0.08210369944572449 229 77 316 145
person 0.001714080572128296 306 29 491 241
bird 0.0017007291316986084 225 76 269 116
bird 0.11047384142875671 227 77 305 125
tvmonitor 0.002003192901611328 485 0 499 83
person 0.0016102492809295654 42 270 104 347
person 0.9127457737922668 191 42 333 210
tvmonitor 0.004182338714599609 235 2 490 277
tvmonitor 0.009267330169677734 342 2 490 278
tvmonitor 0.007846683263778687 382 0 496 284
tvmonitor 0.011596441268920898 441 0 499 293
person 0.026507019996643066 190 47 282 248
person 0.7613587379455566 307 42 373 225
person 0.0019419193267822266 335 1 489 281
person 0.007938534021377563 383 2 487 282
person 0.016467034816741943 187 55 269 343
person 0.009124904870986938 423 149 450 294
bird 0.6992539167404175 136 245 221 301
tvmonitor 0.0010322332382202148 486 -1 499 228
tvmonitor 0.0030995309352874756 493 0 500 82
person 0.005729943513870239 422 78 450 282
person 0.0010988116264343262 192 41 231 95
tvmonitor 0.0016355812549591064 487 0 499 187
