bottle 0.0025115013122558594 246 149 471 374
bottle 0.0012994110584259033 148 165 498 374
diningtable 0.0029812753200531006 251 239 499 373
diningtable 0.0028009116649627686 400 236 499 372
diningtable 0.003795117139816284 55 204 499 374
diningtable 0.0037219226360321045 137 244 498 373
person 0.0016228556632995605 451 77 499 366
bottle 0.001432657241821289 305 121 428 307
diningtable 0.001477956771850586 0 86 489 376
bottle 0.00955912470817566 0 -1 57 373
bottle 0.13893115520477295 0 6 198 374
bottle 0.3886178433895111 58 129 214 347
bottle 0.0010444223880767822 39 102 360 374
bottle 0.8031741380691528 331 127 431 366
bottle 0.007316946983337402 0 -5 37 374
bottle 0.8976983428001404 211 173 335 374
bottle 0.001040339469909668 33 364 497 537
bottle 0.0015426874160766602 170 375 497 503
bottle 0.05728462338447571 251 89 319 198
bottle 0.001957029104232788 179 171 335 317
bottle 0.0012943148612976074 471 132 499 359
bottle 0.0017753839492797852 292 394 496 437
bottle 0.021452128887176514 449 231 499 354
bottle 0.009089648723602295 450 147 499 357
bottle 0.00284498929977417 415 231 499 348
bottle 0.008062601089477539 400 275 499 374
person 0.0011741816997528076 0 2 264 374
bottle 0.0018822550773620605 432 254 499 362
bottle 0.17385026812553406 59 131 124 198
bottle 0.013585120439529419 59 131 136 227
bottle 0.0012065470218658447 215 122 338 310
bottle 0.26970988512039185 72 185 213 324
bottle 0.0977327823638916 399 314 499 374
bottle 0.002359837293624878 226 304 400 373
bottle 0.016403794288635254 316 305 401 373
bottle 0.33112019300460815 304 119 382 265
bottle 0.002725452184677124 161 162 234 208
