train 0.7341197729110718 167 127 402 235
train 0.22067788243293762 413 102 500 331
train 0.09138533473014832 0 195 122 315
train 0.2681748569011688 165 145 346 234
train 0.0011513829231262207 198 123 402 199
train 0.09009644389152527 0 143 92 249
train 0.07423233985900879 0 149 75 289
train 0.00208282470703125 0 192 274 313
train 0.004182338714599609 0 168 37 203
train 0.003976315259933472 190 170 241 195
train 0.005426615476608276 192 169 244 201
train 0.0011971890926361084 0 135 53 155
person 0.0028339028358459473 281 173 292 191
train 0.04161706566810608 231 141 267 156
train 0.004755467176437378 341 135 358 154
train 0.007373988628387451 216 139 300 153
train 0.01182246208190918 348 133 375 147
train 0.05460202693939209 346 131 387 152
train 0.0010650157928466797 203 135 338 163
train 0.0012350976467132568 224 134 362 180
train 0.0024344027042388916 286 133 358 168
train 0.047247886657714844 311 131 358 158
train 0.003222525119781494 0 140 33 195
train 0.004416227340698242 0 46 94 182
train 0.464901328086853 2 144 92 174
boat 0.007636308670043945 230 142 267 156
train 0.0920356810092926 319 138 357 158
train 0.0022170841693878174 350 134 381 154
train 0.0396362841129303 0 100 93 184
train 0.14804434776306152 342 130 398 157
train 0.0022696256637573242 286 111 402 160
train 0.021575510501861572 444 102 499 231
train 0.0026212334632873535 0 148 31 173
train 0.15869343280792236 0 139 92 204
train 0.1097080409526825 153 141 211 165
train 0.06584268808364868 445 104 499 165
train 0.015723586082458496 446 111 462 166
train 0.002453356981277466 449 107 468 167
train 0.003123670816421509 151 129 271 165
train 0.0020346641540527344 154 127 319 142
train 0.004830062389373779 195 126 296 142
train 0.005384683609008789 207 127 306 146
train 0.04849517345428467 0 166 39 285
train 0.0017823278903961182 312 144 340 159
train 0.0022170841693878174 284 127 357 161
train 0.11636313796043396 313 130 401 160
train 0.0027042627334594727 0 124 46 175
train 0.0653633177280426 0 128 91 174
train 0.0010162293910980225 166 159 299 235
train 0.0016613304615020752 445 124 452 140
train 0.002018868923187256 447 114 501 142
pottedplant 0.015906304121017456 89 161 103 174
train 0.0012742578983306885 134 156 189 179
train 0.001432657241821289 139 154 199 178
train 0.0020346641540527344 380 117 445 129
train 0.10819017887115479 452 105 499 134
train 0.0010322332382202148 467 112 500 134
train 0.0010988116264343262 480 108 500 133
train 0.001714080572128296 0 151 20 171
pottedplant 0.00438198447227478 91 158 102 173
train 0.0011513829231262207 0 161 89 220
train 0.0011558830738067627 297 149 337 169
train 0.0018969178199768066 311 140 346 162
train 0.02104562520980835 151 138 267 167
train 0.003147989511489868 159 145 277 175
train 0.0023506581783294678 290 150 337 175
train 0.37570610642433167 0 168 37 221
train 0.001040339469909668 0 190 9 216
train 0.004886746406555176 197 127 238 139
train 0.0020991265773773193 349 130 384 141
train 0.0020666420459747314 366 129 400 140
train 0.016658097505569458 283 128 401 194
