chair 0.004963308572769165 311 236 499 364
tvmonitor 0.007316946983337402 6 26 26 53
tvmonitor 0.009054571390151978 11 0 24 14
bird 0.0020666420459747314 226 156 281 183
pottedplant 0.0052814483642578125 0 149 12 243
chair 0.002912372350692749 45 182 62 207
tvmonitor 0.0016102492809295654 0 0 21 17
tvmonitor 0.026862531900405884 11 67 24 92
chair 0.0012447535991668701 68 94 121 143
pottedplant 0.002140522003173828 1 171 28 239
dog 0.07668477296829224 227 156 286 208
bird 0.0016102492809295654 273 227 305 251
pottedplant 0.002199828624725342 83 158 127 221
pottedplant 0.0011380314826965332 75 158 123 202
pottedplant 0.001524806022644043 89 159 124 202
bird 0.05108004808425903 380 199 427 225
pottedplant 0.007120847702026367 40 219 67 246
dog 0.004364967346191406 225 156 280 191
pottedplant 0.0012159943580627441 0 68 9 97
tvmonitor 0.014558762311935425 46 72 62 92
bottle 0.0029237568378448486 11 66 24 93
pottedplant 0.008252084255218506 41 219 67 238
pottedplant 0.003442734479904175 89 159 139 228
person 0.0011971890926361084 169 145 285 228
car 0.004331141710281372 45 182 62 207
chair 0.0012159943580627441 50 165 82 216
tvmonitor 0.04485040903091431 44 110 63 129
person 0.007148534059524536 228 157 284 222
person 0.8925619125366211 166 126 226 236
bird 0.0018245279788970947 421 166 464 205
