train 0.017310142517089844 0 130 102 234
person 0.013955414295196533 74 160 88 197
train 0.0016483962535858154 4 132 98 195
train 0.0021657347679138184 481 112 499 218
train 0.0030045807361602783 0 58 104 276
train 0.9059895277023315 44 93 466 308
person 0.005219787359237671 14 154 23 192
train 0.005199640989303589 481 115 499 190
train 0.0017963051795959473 493 115 500 191
person 0.004007279872894287 14 153 23 166
person 0.0017410516738891602 57 158 70 195
train 0.010449320077896118 419 180 495 254
train 0.0031976401805877686 479 146 492 186
person 0.2173374891281128 26 160 41 196
person 0.0017823278903961182 40 160 56 195
person 0.12421029806137085 49 161 64 195
person 0.21601161360740662 64 161 77 196
train 0.0016292035579681396 481 112 499 263
person 0.006692379713058472 14 153 35 196
person 0.0011380314826965332 40 159 61 195
person 0.15203100442886353 77 160 91 198
