diningtable 0.0067453086376190186 6 165 490 326
pottedplant 0.8991247415542603 199 179 305 283
pottedplant 0.3048690855503082 0 27 47 265
pottedplant 0.5087882280349731 301 59 413 279
pottedplant 0.7154243588447571 310 23 499 270
pottedplant 0.021370261907577515 0 105 15 229
pottedplant 0.03371736407279968 0 117 7 217
pottedplant 0.01904943585395813 0 123 22 223
pottedplant 0.016658097505569458 0 147 31 224
pottedplant 0.006692379713058472 464 25 499 238
pottedplant 0.007755845785140991 462 12 499 152
boat 0.009936809539794922 104 289 186 314
pottedplant 0.0018895864486694336 472 30 499 265
pottedplant 0.004905790090560913 0 7 76 174
pottedplant 0.001388639211654663 0 160 7 261
pottedplant 0.0011603832244873047 16 -34 477 204
pottedplant 0.0015307366847991943 137 -68 496 221
pottedplant 0.005774706602096558 0 169 38 263
pottedplant 0.002746790647506714 377 0 499 121
pottedplant 0.0012692809104919434 0 0 141 212
pottedplant 0.0011971890926361084 47 0 224 203
pottedplant 0.0018103718757629395 374 0 499 194
pottedplant 0.8221883177757263 0 0 224 233
pottedplant 0.0020666420459747314 148 -9 456 255
pottedplant 0.005219787359237671 437 13 499 261
pottedplant 0.002790004014968872 77 -6 399 260
pottedplant 0.025370389223098755 0 158 6 213
pottedplant 0.0099753737449646 0 136 18 218
pottedplant 0.004736989736557007 151 185 202 268
pottedplant 0.0022344589233398438 200 191 260 277
cat 0.18184199929237366 154 184 201 219
pottedplant 0.010014057159423828 0 175 7 226
pottedplant 0.0028009116649627686 0 63 22 168
pottedplant 0.003635883331298828 0 87 27 219
pottedplant 0.042883336544036865 0 175 6 212
pottedplant 0.004364967346191406 0 153 17 221
pottedplant 0.0013147294521331787 474 6 499 116
pottedplant 0.0016228556632995605 81 0 225 117
pottedplant 0.015129566192626953 154 0 225 59
bird 0.2658802270889282 159 183 201 218
pottedplant 0.05203595757484436 377 0 486 57
