person 0.0032476186752319336 179 69 334 499
chair 0.004982620477676392 164 92 370 499
chair 0.0016613304615020752 259 94 373 500
person 0.0022084414958953857 273 114 373 499
chair 0.007345408201217651 18 37 373 500
person 0.0012018680572509766 267 297 374 499
chair 0.0012594163417816162 254 354 373 499
dog 0.9230389595031738 0 181 232 499
bottle 0.0018749535083770752 39 96 74 117
pottedplant 0.0016355812549591064 80 73 105 118
bottle 0.05686435103416443 77 79 91 118
person 0.0013564825057983398 351 0 373 43
person 0.002560734748840332 356 0 374 48
chair 0.004314333200454712 240 416 373 500
person 0.003795117139816284 0 0 41 129
person 0.0010322332382202148 0 0 56 245
person 0.7000747919082642 265 0 366 127
person 0.02763950824737549 90 22 299 219
chair 0.0034832358360290527 25 146 177 300
bottle 0.004364967346191406 60 360 135 407
pottedplant 0.0011558830738067627 1 146 55 324
person 0.010249316692352295 275 414 374 499
person 0.011030197143554688 313 414 374 499
bottle 0.09434303641319275 27 338 136 450
chair 0.004645615816116333 22 146 207 385
person 0.787930965423584 57 23 128 117
chair 0.04672485589981079 16 145 310 499
person 0.8958896398544312 27 19 340 500
person 0.0030398666858673096 0 0 29 157
bottle 0.0012159943580627441 61 80 95 119
person 0.004364967346191406 277 369 374 499
person 0.006640911102294922 321 339 374 499
bottle 0.004007279872894287 72 342 135 399
chair 0.0024438798427581787 274 408 374 499
person 0.0016165375709533691 340 0 364 38
person 0.0017684698104858398 0 0 32 57
person 0.005752265453338623 310 0 365 11
person 0.004086285829544067 331 0 364 9
person 0.0027148425579071045 343 0 364 9
diningtable 0.0016355812549591064 37 76 106 161
person 0.0012159943580627441 284 0 309 16
person 0.0024344027042388916 287 0 327 14
person 0.002901047468185425 285 0 347 15
person 0.0015977323055267334 280 0 365 40
person 0.0030280649662017822 298 0 370 33
person 0.0035796165466308594 313 0 364 21
person 0.0017207860946655273 342 0 370 31
diningtable 0.0018604099750518799 37 112 105 167
diningtable 0.001972287893295288 37 98 116 186
pottedplant 0.007816284894943237 100 1 153 27
person 0.0013564825057983398 0 23 30 204
bottle 0.005980461835861206 79 74 100 118
person 0.0023875534534454346 0 29 42 229
person 0.0018103718757629395 104 0 179 36
person 0.0020346641540527344 352 -2 374 102
person 0.0013724565505981445 132 0 174 34
bottle 0.0032602250576019287 168 0 192 26
pottedplant 0.0013724565505981445 95 0 188 31
bottle 0.005447685718536377 159 0 194 26
bottle 0.0020585954189300537 161 0 213 25
person 0.002406179904937744 291 0 338 12
person 0.0011971890926361084 290 0 361 12
