person 0.0017275214195251465 244 73 370 495
person 0.0017410516738891602 121 253 296 500
person 0.23722487688064575 244 183 309 498
person 0.32680898904800415 40 205 117 425
person 0.011463016271591187 248 186 295 237
dog 0.004792630672454834 275 173 330 261
person 0.0010485053062438965 246 208 316 298
person 0.011158108711242676 245 150 295 232
dog 0.003991752862930298 247 183 301 269
person 0.3923368453979492 246 158 311 261
sheep 0.0011971890926361084 249 154 329 257
person 0.24220746755599976 245 159 275 199
person 0.07696107029914856 245 158 298 202
person 0.1356911063194275 246 253 310 436
person 0.0028784871101379395 203 71 316 275
person 0.001524806022644043 242 328 271 438
person 0.2018132209777832 245 158 276 225
person 0.7620676159858704 44 276 110 425
dog 0.011030197143554688 41 276 108 346
person 0.5341268181800842 246 71 319 264
person 0.0042809247970581055 242 276 296 443
person 0.06417948007583618 235 317 278 502
person 0.07949241995811462 247 70 321 370
person 0.0026008784770965576 101 12 328 500
person 0.004963308572769165 200 31 317 499
bird 0.004450768232345581 290 176 329 260
person 0.2727990746498108 252 256 309 322
person 0.08570975065231323 45 276 109 352
person 0.049402832984924316 248 238 309 395
dog 0.018194735050201416 248 186 297 232
bird 0.0076958537101745605 296 179 329 230
dog 0.0250818133354187 297 181 330 229
person 0.0026520490646362305 298 182 329 229
person 0.0018676519393920898 169 322 280 499
person 0.021207362413406372 232 291 286 499
bottle 0.003607630729675293 248 186 296 230
person 0.12591978907585144 246 185 301 322
person 0.00874510407447815 280 176 329 261
person 0.5097644925117493 38 205 121 309
person 0.2743517756462097 246 225 287 324
person 0.2062540352344513 248 224 309 322
