car 0.957595705986023 49 114 208 262
car 0.937671422958374 215 109 443 258
person 0.0116862952709198 193 127 209 166
person 0.0018969178199768066 205 132 216 164
pottedplant 0.0012742578983306885 142 64 202 97
person 0.012674123048782349 0 111 6 139
car 0.015723586082458496 482 121 499 216
person 0.010328888893127441 485 118 499 226
person 0.001388639211654663 490 108 499 161
car 0.00952214002609253 475 151 499 235
car 0.003235042095184326 480 142 499 232
car 0.006339401006698608 485 116 499 238
pottedplant 0.0016355812549591064 206 99 243 112
person 0.5370416045188904 484 128 499 161
person 0.027274370193481445 302 100 314 112
car 0.0020991265773773193 486 151 499 233
car 0.8670357465744019 433 147 499 233
person 0.0025212466716766357 0 109 7 171
