sofa 0.33112019300460815 5 112 497 374
chair 0.010289043188095093 2 30 458 369
person 0.006097882986068726 37 54 487 353
dog 0.8670357465744019 134 133 288 282
dog 0.0022170841693878174 133 134 431 316
person 0.001674354076385498 0 16 44 368
person 0.003824770450592041 38 132 479 344
chair 0.0013724565505981445 0 241 158 373
chair 0.0010650157928466797 445 192 499 373
person 0.016403794288635254 252 173 469 334
dog 0.020885050296783447 446 124 499 364
dog 0.005819797515869141 134 133 289 226
chair 0.015483170747756958 0 162 45 373
dog 0.058993369340896606 446 201 499 353
cat 0.11676490306854248 446 195 500 357
person 0.002935171127319336 0 99 31 358
chair 0.0025508105754852295 0 100 61 359
chair 0.001432657241821289 0 145 116 347
dog 0.001964658498764038 187 137 288 281
person 0.0017547309398651123 0 91 22 345
chair 0.0010485053062438965 2 350 161 374
dog 0.002693742513656616 136 135 226 228
person 0.0020991265773773193 0 161 26 268
person 0.0013459324836730957 0 70 21 279
