chair 0.9066517353057861 206 211 327 374
diningtable 0.9142902493476868 142 164 366 372
chair 0.012821823358535767 452 118 499 378
chair 0.00406983494758606 466 63 499 376
chair 0.94334477186203 70 176 196 374
chair 0.006121635437011719 398 188 499 374
chair 0.37570610642433167 443 191 499 374
chair 0.6791782379150391 176 149 259 174
tvmonitor 0.004297584295272827 477 62 499 185
chair 0.0026110410690307617 474 190 500 374
chair 0.0022519826889038086 150 214 268 371
chair 0.0022519826889038086 448 258 499 373
chair 0.0026110410690307617 141 159 321 343
chair 0.0019117295742034912 463 186 499 306
chair 0.004133999347686768 203 155 327 347
pottedplant 0.003930270671844482 302 145 339 215
chair 0.004102110862731934 448 306 499 374
pottedplant 0.0011424720287322998 302 145 367 268
chair 0.002199828624725342 470 116 499 323
chair 0.013021320104598999 176 149 260 265
pottedplant 0.8816165924072266 302 144 366 216
