cat 0.03904598951339722 48 158 498 372
sofa 0.002725452184677124 169 19 499 372
person 0.0011336207389831543 425 26 499 360
diningtable 0.052229225635528564 0 75 427 374
chair 0.005119770765304565 434 21 499 217
person 0.0011160969734191895 449 19 499 239
person 0.0017410516738891602 472 1 499 263
chair 0.0010485053062438965 0 81 64 275
person 0.00106087327003479 441 37 499 288
cat 0.9254993200302124 89 120 348 273
sofa 0.012335866689682007 11 0 500 371
chair 0.14463266730308533 0 0 496 379
chair 0.03846472501754761 0 128 81 281
