cat 0.005752265453338623 0 70 24 349
person 0.9244174957275391 97 51 498 373
cat 0.007011294364929199 0 83 130 345
bottle 0.004133999347686768 328 57 418 158
bottle 0.0027360916137695312 350 55 458 158
bottle 0.0011074244976043701 356 51 479 124
chair 0.0012544989585876465 335 133 392 193
person 0.0011292099952697754 441 -23 499 219
person 0.0026110410690307617 479 -44 499 234
bottle 0.026456594467163086 218 60 301 102
bottle 0.001560807228088379 250 48 358 101
bottle 0.06560257077217102 356 90 414 160
bottle 0.00916031002998352 376 39 432 107
person 0.010818421840667725 253 74 365 151
chair 0.003884732723236084 406 18 464 78
bottle 0.03397315740585327 150 272 192 311
cat 0.0033632218837738037 0 230 21 347
bottle 0.07503995299339294 381 51 478 112
person 0.0018033087253570557 414 -15 499 147
bottle 0.008380681276321411 374 45 447 109
bottle 0.001714080572128296 218 79 305 115
bottle 0.01155179738998413 129 313 164 347
person 0.0012447535991668701 46 -71 489 16
person 0.0011741816997528076 184 -72 496 0
chair 0.004038453102111816 0 6 131 355
chair 0.0012399256229400635 0 11 235 359
person 0.016658097505569458 447 27 499 369
bottle 0.0019117295742034912 355 67 382 100
bottle 0.0015977323055267334 355 68 395 104
bottle 0.001964658498764038 397 40 422 64
person 0.31236934661865234 97 22 364 210
person 0.01182246208190918 415 251 500 374
person 0.0013406574726104736 472 158 499 273
person 0.011030197143554688 391 17 478 110
person 0.0012159943580627441 480 151 499 275
person 0.0011971890926361084 471 250 499 344
person 0.0011513829231262207 468 22 499 294
person 0.0011879205703735352 470 147 499 343
cat 0.0024921000003814697 0 127 19 350
person 0.0011603832244873047 337 15 499 364
cat 0.001904308795928955 0 201 21 376
cat 0.0011513829231262207 0 203 47 377
chair 0.0021321773529052734 404 15 494 104
bottle 0.006193429231643677 221 71 288 117
bottle 0.19314685463905334 244 20 310 102
bottle 0.025370389223098755 231 90 312 115
bottle 0.006930291652679443 236 84 324 116
person 0.007232218980789185 242 18 471 140
person 0.0035935938358306885 338 6 479 109
person 0.09876999258995056 149 18 364 153
person 0.32939231395721436 243 20 365 150
bottle 0.590779185295105 217 60 272 99
bottle 0.0010733604431152344 222 85 287 117
person 0.005619615316390991 410 8 499 109
bottle 0.013021320104598999 228 34 309 112
bottle 0.0653633177280426 382 17 479 112
bottle 0.015784263610839844 248 53 314 104
bottle 0.03079017996788025 232 57 308 116
bottle 0.10123014450073242 234 20 362 120
bottle 0.003524214029312134 334 47 475 107
person 0.002969682216644287 468 230 499 373
person 0.006193429231643677 479 36 499 309
bottle 0.0022696256637573242 318 54 371 101
tvmonitor 0.0020505785942077637 131 0 307 105
bottle 0.010014057159423828 381 64 442 110
bottle 0.002003192901611328 407 83 478 113
bottle 0.0030045807361602783 410 88 466 113
tvmonitor 0.0012065470218658447 140 0 294 74
bottle 0.0015366971492767334 226 56 290 84
bottle 0.0035935938358306885 240 35 297 88
bottle 0.0013044774532318115 326 54 356 76
bottle 0.0249863862991333 400 41 430 80
