chair 0.8848353028297424 121 274 289 374
person 0.005099952220916748 467 109 499 344
sofa 0.9358205199241638 73 142 350 297
chair 0.14271152019500732 336 226 499 374
pottedplant 0.0010567307472229004 229 75 243 97
pottedplant 0.0016678273677825928 0 66 10 96
person 0.5370416045188904 423 92 459 144
person 0.0019954144954681396 423 92 490 148
bottle 0.028115570545196533 123 62 138 96
person 0.0012842416763305664 490 115 499 197
tvmonitor 0.006193429231643677 380 138 490 178
chair 0.014955878257751465 479 158 499 335
pottedplant 0.0010817945003509521 160 74 193 97
tvmonitor 0.0026520490646362305 425 124 498 216
pottedplant 0.07005152106285095 145 63 190 96
pottedplant 0.00629037618637085 200 69 226 95
person 0.005729943513870239 427 112 499 169
person 0.03137829899787903 462 111 499 215
person 0.0026008784770965576 433 111 499 155
person 0.027067720890045166 461 111 499 160
chair 0.0017207860946655273 457 110 499 153
chair 0.001225501298904419 248 274 312 352
chair 0.0028339028358459473 466 132 499 259
tvmonitor 0.0016039609909057617 463 110 500 159
person 0.004924893379211426 466 108 499 260
person 0.003537982702255249 391 110 499 194
bottle 0.035949915647506714 469 133 490 203
pottedplant 0.0020991265773773193 0 49 9 100
bottle 0.001477956771850586 93 70 114 96
pottedplant 0.05877736210823059 145 67 170 96
bottle 0.01711207628250122 471 133 489 170
chair 0.009124904870986938 481 190 499 346
tvmonitor 0.007093280553817749 479 126 500 209
tvmonitor 0.007176309823989868 488 122 500 209
person 0.01994621753692627 55 69 71 88
bottle 0.0010162293910980225 98 68 111 96
pottedplant 0.0011513829231262207 146 60 174 97
person 0.0015426874160766602 471 123 500 159
person 0.0017073750495910645 487 119 499 164
person 0.0017547309398651123 478 131 499 170
person 0.002912372350692749 491 128 499 165
chair 0.001012265682220459 488 123 500 227
tvmonitor 0.007636308670043945 465 136 494 214
person 0.0021827220916748047 493 55 500 160
