chair 0.005468875169754028 46 83 181 300
chair 0.0023875534534454346 0 45 11 115
chair 0.001957029104232788 115 30 182 133
dog 0.002969682216644287 200 61 268 120
dog 0.001591503620147705 172 61 266 154
diningtable 0.0031724870204925537 0 21 40 114
chair 0.9073100090026855 29 23 95 114
diningtable 0.008000344038009644 0 14 92 108
dog 0.8459442853927612 166 64 267 205
chair 0.0031115710735321045 0 13 10 119
pottedplant 0.006003767251968384 0 37 11 113
chair 0.0019117295742034912 0 43 16 110
chair 0.9005328416824341 199 23 259 79
chair 0.010449320077896118 0 15 38 111
chair 0.7356423735618591 120 29 185 101
tvmonitor 0.007345408201217651 367 86 461 216
chair 0.002341538667678833 0 10 89 108
diningtable 0.0013564825057983398 167 32 240 87
chair 0.0012594163417816162 0 69 10 113
