chair 0.0011648833751678467 0 192 62 373
tvmonitor 0.021370261907577515 188 138 430 275
tvmonitor 0.02275875210762024 275 138 430 274
person 0.0010733604431152344 451 0 499 356
tvmonitor 0.009633511304855347 27 142 432 292
person 0.0021573007106781006 467 8 499 362
tvmonitor 0.004182338714599609 0 107 99 366
person 0.0014438629150390625 477 59 499 364
tvmonitor 0.03904598951339722 0 190 103 332
chair 0.0015366971492767334 0 214 104 373
tvmonitor 0.0018822550773620605 111 93 184 118
person 0.001225501298904419 285 176 331 207
tvmonitor 0.010571062564849854 0 93 18 205
tvmonitor 0.01048976182937622 0 82 15 225
tvmonitor 0.030099451541900635 0 194 47 374
tvmonitor 0.05686435103416443 7 80 84 205
bottle 0.1131901741027832 239 22 267 119
tvmonitor 0.002003192901611328 0 191 39 339
tvmonitor 0.2233763039112091 35 190 80 325
bottle 0.005663484334945679 197 99 247 121
bottle 0.0014215409755706787 110 94 183 120
tvmonitor 0.0011380314826965332 35 192 74 274
bottle 0.016658097505569458 395 29 429 120
bottle 0.18713223934173584 487 215 500 325
tvmonitor 0.002779155969619751 0 81 15 301
tvmonitor 0.012528061866760254 193 175 278 234
