pottedplant 0.012576550245285034 425 -2 499 283
boat 0.06278634071350098 7 85 471 282
boat 0.014727562665939331 123 86 281 282
boat 0.0012018680572509766 67 180 497 283
boat 0.002199828624725342 1 260 240 281
boat 0.0023782849311828613 2 232 488 282
boat 0.0018103718757629395 180 230 499 284
pottedplant 0.0011160969734191895 433 81 499 257
pottedplant 0.0011336207389831543 477 80 499 278
person 0.0017547309398651123 494 206 499 258
boat 0.34510475397109985 160 266 233 283
dog 0.035412728786468506 423 0 499 288
boat 0.00369301438331604 369 257 499 284
bird 0.017177879810333252 424 1 499 282
boat 0.003147989511489868 198 124 373 281
boat 0.0010322332382202148 462 236 496 253
boat 0.001225501298904419 457 239 499 273
boat 0.0024921000003814697 157 233 262 282
boat 0.001560807228088379 0 246 54 274
boat 0.0016613304615020752 337 249 499 284
boat 0.012625247240066528 370 241 499 284
boat 0.0011513829231262207 473 205 499 282
boat 0.004468142986297607 229 234 451 282
boat 0.003884732723236084 0 245 123 276
boat 0.028870850801467896 0 252 181 277
boat 0.026658833026885986 20 257 162 279
boat 0.08819276094436646 99 258 160 279
boat 0.00812530517578125 202 230 255 281
boat 0.006169408559799194 125 258 234 283
pottedplant 0.004086285829544067 476 121 499 211
boat 0.0025807321071624756 160 272 212 282
person 0.0011513829231262207 492 185 499 263
boat 0.007636308670043945 69 201 239 283
boat 0.024891287088394165 140 197 233 284
boat 0.0014104843139648438 93 236 237 282
boat 0.023508936166763306 160 233 233 283
boat 0.018334269523620605 201 231 234 282
boat 0.005426615476608276 182 87 270 285
