bird 0.02386951446533203 415 60 499 343
cat 0.015663117170333862 152 130 324 347
cat 0.5602525472640991 213 187 322 344
pottedplant 0.34510475397109985 141 0 498 369
pottedplant 0.016916126012802124 149 121 333 355
cat 0.010530352592468262 148 117 454 355
cat 0.03649437427520752 148 6 490 361
pottedplant 0.029872894287109375 409 8 500 352
pottedplant 0.04008492827415466 0 31 149 374
bird 0.002757549285888672 0 194 55 374
pottedplant 0.18952050805091858 0 0 486 372
bird 0.012772411108016968 0 194 95 373
pottedplant 0.010328888893127441 0 0 242 373
pottedplant 0.0011160969734191895 0 0 118 266
pottedplant 0.0026623904705047607 0 0 228 250
pottedplant 0.003123670816421509 191 0 476 234
cat 0.5117166638374329 212 187 321 292
