diningtable 0.01155179738998413 427 162 499 250
sofa 0.8757897019386292 125 141 381 315
diningtable 0.0014159977436065674 427 161 499 352
chair 0.0026212334632873535 457 152 500 248
chair 0.0023968517780303955 469 143 499 255
chair 0.0028339028358459473 494 136 499 258
chair 0.04903769493103027 391 129 470 180
tvmonitor 0.15354740619659424 390 13 497 109
diningtable 0.0010988116264343262 455 161 499 247
pottedplant 0.22953715920448303 13 337 66 369
diningtable 0.0032602250576019287 426 164 500 197
diningtable 0.0030516982078552246 474 161 499 293
