motorbike 0.8019360303878784 90 112 351 274
motorbike 0.001040339469909668 393 55 498 280
person 0.0021573007106781006 477 16 495 46
person 0.705784797668457 197 56 266 123
person 0.001972287893295288 196 39 235 67
dog 0.0019419193267822266 193 43 250 78
motorbike 0.2193373441696167 0 60 47 134
person 0.0018245279788970947 220 44 263 84
car 0.0018245279788970947 0 41 17 136
motorbike 0.0012792348861694336 0 62 19 191
person 0.028115570545196533 0 58 19 135
person 0.030099451541900635 51 40 69 116
motorbike 0.0028118789196014404 40 68 59 136
person 0.007148534059524536 199 56 329 145
bicycle 0.0012159943580627441 428 35 480 87
person 0.0045206546783447266 465 33 488 83
person 0.08299189805984497 468 15 496 80
motorbike 0.0060742199420928955 95 60 153 131
person 0.03032785654067993 492 13 500 80
motorbike 0.008511096239089966 136 53 174 130
person 0.007148534059524536 20 47 45 89
person 0.02211776375770569 51 41 68 74
person 0.014282047748565674 50 37 86 142
person 0.007176309823989868 195 44 252 82
person 0.009089648723602295 207 50 253 83
motorbike 0.011507302522659302 67 31 105 128
car 0.0015853047370910645 113 33 334 136
person 0.13846442103385925 492 18 499 56
person 0.003607630729675293 225 34 280 87
car 0.03222090005874634 311 19 456 89
motorbike 0.006719321012496948 56 60 110 141
car 0.012528061866760254 345 31 462 94
person 0.0018388032913208008 63 28 88 50
motorbike 0.020725667476654053 84 66 109 131
person 0.0015426874160766602 431 34 491 93
person 0.004416227340698242 448 34 493 87
person 0.016722261905670166 464 28 496 84
car 0.0011513829231262207 355 35 451 118
person 0.010014057159423828 466 18 499 91
motorbike 0.001264333724975586 352 39 464 116
person 0.008188486099243164 488 16 499 100
person 0.8044062852859497 379 21 407 118
person 0.002779155969619751 126 38 176 111
car 0.00593411922454834 302 4 468 87
motorbike 0.018688201904296875 478 49 499 111
car 0.0012692809104919434 364 4 496 95
person 0.01507142186164856 220 53 256 90
car 0.2538601756095886 0 36 47 131
person 0.06394520401954651 228 54 256 84
motorbike 0.8031741380691528 428 38 499 113
person 0.02056744694709778 228 53 279 88
bicycle 0.002341538667678833 230 47 282 88
car 0.44649457931518555 103 10 441 79
motorbike 0.022033512592315674 24 70 49 134
person 0.012971192598342896 219 50 254 84
motorbike 0.005797207355499268 34 71 60 141
person 0.0038546323776245117 42 71 68 144
motorbike 0.5945513844490051 93 46 175 130
person 0.0060506463050842285 197 53 240 125
person 0.005511492490768433 220 56 333 252
person 0.0013250410556793213 243 56 348 246
person 0.8860234618186951 157 57 349 270
person 0.0019266009330749512 463 39 498 95
person 0.00812530517578125 155 99 296 248
motorbike 0.012431591749191284 25 70 78 140
motorbike 0.059864312410354614 41 69 76 143
motorbike 0.4054486155509949 0 63 21 135
person 0.036631643772125244 223 53 258 105
motorbike 0.013742715120315552 18 63 70 137
person 0.05749580264091492 50 38 70 140
person 0.03333708643913269 227 53 271 105
motorbike 0.28378111124038696 53 62 90 142
bicycle 0.0013724565505981445 228 51 277 106
motorbike 0.09268999099731445 86 65 123 131
car 0.002018868923187256 0 35 43 83
person 0.014392048120498657 203 50 260 113
motorbike 0.0017963051795959473 64 66 95 141
person 0.026255786418914795 215 52 270 110
car 0.21535086631774902 119 11 252 73
car 0.006193429231643677 110 19 303 81
person 0.0014438629150390625 224 16 299 89
motorbike 0.0017684698104858398 95 85 147 131
motorbike 0.010091900825500488 451 48 500 110
person 0.8344064950942993 247 15 294 87
motorbike 0.018056362867355347 465 42 499 110
person 0.0018388032913208008 52 39 71 68
motorbike 0.008984774351119995 484 32 499 110
car 0.4843800663948059 260 10 390 81
person 0.0018245279788970947 394 17 412 112
person 0.004609555006027222 486 29 499 114
motorbike 0.0067453086376190186 432 35 488 95
person 0.004038453102111816 11 49 45 127
person 0.0051396191120147705 20 47 46 129
person 0.03934001922607422 66 29 93 72
person 0.0013147294521331787 197 37 220 66
car 0.01186823844909668 189 34 252 79
person 0.0015791356563568115 386 18 412 118
car 0.01090201735496521 194 37 275 85
person 0.004133999347686768 201 24 297 95
bicycle 0.0013044774532318115 431 34 478 73
person 0.00369301438331604 465 34 483 66
car 0.00185316801071167 244 14 330 91
person 0.002011030912399292 40 68 59 141
person 0.7520120739936829 399 14 436 116
motorbike 0.003147989511489868 401 34 483 110
person 0.0031358301639556885 474 21 499 96
person 0.035680413246154785 0 64 14 133
person 0.0028009116649627686 83 58 106 123
person 0.29910558462142944 475 16 498 63
person 0.0360853374004364 65 29 98 125
