person 0.005261063575744629 400 144 499 373
chair 0.004133999347686768 399 189 499 373
person 0.0022696256637573242 0 71 35 373
diningtable 0.9173051714897156 4 102 496 375
chair 0.0016039609909057617 157 328 356 485
person 0.003123670816421509 0 95 101 370
person 0.04849517345428467 0 85 19 371
pottedplant 0.005301922559738159 0 40 35 175
chair 0.006564319133758545 315 349 402 373
chair 0.0011074244976043701 0 269 19 374
chair 0.010652929544448853 0 0 76 172
person 0.0021488964557647705 455 151 499 362
chair 0.3372030556201935 458 20 499 181
chair 0.7520120739936829 125 36 218 112
person 0.001560807228088379 475 130 499 353
chair 0.20497792959213257 265 30 346 107
sofa 0.3040419816970825 459 23 499 168
bottle 0.006438493728637695 0 263 19 370
person 0.0016678273677825928 483 94 499 364
bottle 0.004038453102111816 0 45 24 88
chair 0.007288604974746704 63 329 276 374
person 0.0010902583599090576 474 36 499 304
chair 0.0020505785942077637 164 328 271 374
chair 0.0037074387073516846 233 328 278 374
chair 0.0034293532371520996 234 328 312 374
chair 0.0013940632343292236 316 331 468 373
chair 0.0035935938358306885 312 339 509 373
chair 0.027378231287002563 400 348 499 373
chair 0.010652929544448853 405 292 499 373
pottedplant 0.0011603832244873047 0 77 36 140
chair 0.0016102492809295654 312 300 500 374
chair 0.005685538053512573 402 260 499 373
