person 0.1495317816734314 401 38 499 331
bird 0.0017753839492797852 454 152 499 190
bird 0.001714080572128296 423 152 499 208
bird 0.0019117295742034912 438 148 500 245
cat 0.1841798722743988 0 27 158 210
bird 0.0016419589519500732 463 169 500 264
bird 0.09401044249534607 0 27 158 210
bird 0.0022084414958953857 473 153 499 268
bird 0.006850332021713257 0 27 225 211
cat 0.9378989934921265 270 75 419 229
bird 0.0025508105754852295 0 27 349 213
bird 0.010986179113388062 384 144 499 250
bird 0.0025409162044525146 472 68 499 285
chair 0.0013250410556793213 373 0 499 180
pottedplant 0.001680910587310791 370 0 499 216
dog 0.16079121828079224 0 27 158 210
dog 0.006771385669708252 0 20 336 212
person 0.0015130341053009033 472 123 499 329
bird 0.0031724870204925537 424 93 499 275
bird 0.009231507778167725 442 113 499 255
bird 0.002958148717880249 461 61 499 264
bird 0.0033501386642456055 396 76 499 256
bird 0.0012742578983306885 470 147 499 199
