boat 0.01596766710281372 0 138 93 239
boat 0.03384503722190857 0 138 148 243
boat 0.0021657347679138184 0 136 27 268
car 0.00118333101272583 0 153 22 220
person 0.0012496113777160645 491 175 499 197
pottedplant 0.002415567636489868 472 24 499 222
pottedplant 0.004755467176437378 480 35 499 231
boat 0.0011558830738067627 449 69 499 230
boat 0.0022084414958953857 478 59 499 228
bus 0.006771385669708252 0 140 50 232
car 0.0019266009330749512 0 140 54 223
pottedplant 0.006513714790344238 482 63 499 125
car 0.001972287893295288 312 263 336 274
boat 0.003075540065765381 0 207 17 244
boat 0.0017478764057159424 473 26 499 269
pottedplant 0.002003192901611328 465 42 499 242
boat 0.27982860803604126 0 95 181 248
pottedplant 0.0029812753200531006 481 83 499 125
car 0.004182338714599609 0 203 16 276
pottedplant 0.0025807321071624756 482 76 499 148
car 0.0030995309352874756 0 209 17 249
boat 0.8110787272453308 74 45 462 272
boat 0.013172894716262817 468 213 499 245
train 0.001069188117980957 470 139 499 246
boat 0.004924893379211426 0 142 19 271
boat 0.0024344027042388916 22 170 183 255
pottedplant 0.004038453102111816 481 64 499 174
boat 0.003824770450592041 50 106 119 146
car 0.001040339469909668 0 153 22 184
person 0.0037074387073516846 4 162 23 183
pottedplant 0.002003192901611328 74 158 89 181
boat 0.0011336207389831543 25 106 143 220
boat 0.0034293532371520996 38 97 186 221
train 0.0051396191120147705 451 144 499 219
bus 0.003795117139816284 0 140 27 250
boat 0.001264333724975586 450 137 493 230
bicycle 0.002074718475341797 275 311 335 331
train 0.004038453102111816 451 114 499 229
train 0.0027360916137695312 467 75 499 224
boat 0.0018895864486694336 479 175 499 205
