chair 0.010652929544448853 457 139 499 318
diningtable 0.1618485450744629 118 194 213 267
boat 0.002314329147338867 1 79 85 309
boat 0.0014608204364776611 12 113 94 309
chair 0.006589770317077637 457 66 499 317
person 0.0014104843139648438 482 23 499 240
chair 0.007232218980789185 45 229 81 269
chair 0.01069408655166626 112 217 146 283
chair 0.006692379713058472 113 211 163 284
chair 0.0034027397632598877 105 169 141 199
bottle 0.0012065470218658447 300 254 322 274
bottle 0.0011925697326660156 368 258 383 280
chair 0.001264333724975586 479 243 499 320
chair 0.009936809539794922 460 223 499 319
diningtable 0.007345408201217651 119 189 170 255
chair 0.0023506581783294678 156 195 182 248
chair 0.0015189051628112793 108 199 199 301
chair 0.0012692809104919434 181 199 220 256
chair 0.0028009116649627686 84 187 101 258
person 0.2005576193332672 28 229 56 290
chair 0.0012742578983306885 170 194 210 238
boat 0.0033112764358520508 469 9 499 312
chair 0.002003192901611328 82 193 99 255
chair 0.02386951446533203 193 201 235 265
chair 0.0031724870204925537 93 185 135 279
chair 0.009860128164291382 97 197 118 268
chair 0.011418908834457397 31 228 81 288
chair 0.0015130341053009033 110 196 159 288
chair 0.0023052990436553955 145 195 191 253
chair 0.0023052990436553955 175 197 212 268
chair 0.0011160969734191895 85 206 120 260
chair 0.034360289573669434 91 196 147 283
chair 0.8723500967025757 146 192 202 276
chair 0.005080223083496094 104 169 142 214
bottle 0.0025508105754852295 479 260 499 291
chair 0.001225501298904419 130 175 205 199
chair 0.010818421840667725 108 170 156 272
chair 0.0031724870204925537 111 180 168 271
chair 0.006666600704193115 142 192 227 265
cat 0.0011380314826965332 482 41 499 82
chair 0.006003767251968384 48 228 81 259
bottle 0.0010860264301300049 408 65 464 91
chair 0.0011694133281707764 0 297 49 319
chair 0.0021912753582000732 25 297 68 319
diningtable 0.0013406574726104736 460 260 499 319
bottle 0.0010650157928466797 492 247 499 294
chair 0.0010362863540649414 0 296 70 319
chair 0.005322486162185669 107 169 153 234
chair 0.011158108711242676 92 187 123 273
