car 0.048675328493118286 167 129 186 147
bus 0.0013778507709503174 231 169 259 206
horse 0.0018103718757629395 487 154 499 216
car 0.004792630672454834 459 120 490 142
aeroplane 0.0023506581783294678 364 86 432 103
car 0.0013250410556793213 277 129 303 142
car 0.0012159943580627441 395 134 403 143
car 0.0026110410690307617 396 134 406 143
car 0.0014104843139648438 402 135 414 146
car 0.0011879205703735352 423 131 458 149
bus 0.001524806022644043 465 128 485 148
bus 0.002314329147338867 485 123 499 205
bus 0.0038396716117858887 473 127 490 151
bus 0.01048976182937622 480 125 499 153
bus 0.0052814483642578125 493 125 499 153
car 0.0012350976467132568 462 121 498 146
bus 0.0023052990436553955 481 123 499 167
car 0.001264333724975586 19 137 53 159
car 0.0031724870204925537 157 100 168 111
bus 0.0012350976467132568 231 174 238 203
bus 0.001455157995223999 20 137 61 163
car 0.16026467084884644 166 133 186 158
car 0.001225501298904419 166 131 194 171
person 0.0024628937244415283 279 103 287 118
car 0.8757897019386292 361 203 396 233
car 0.00386965274810791 0 141 23 184
car 0.001560807228088379 11 143 23 174
person 0.0028228759765625 247 214 265 240
person 0.0013302266597747803 246 207 266 240
car 0.0017823278903961182 394 136 413 149
car 0.00369301438331604 425 130 467 151
train 0.001388639211654663 0 39 25 300
bus 0.0010733604431152344 472 128 485 152
car 0.0011031031608581543 9 144 23 169
car 0.0032476186752319336 26 144 53 167
car 0.7704628705978394 29 146 63 168
car 0.0011513829231262207 231 154 264 186
car 0.34158164262771606 165 140 186 158
car 0.7718420028686523 172 153 193 173
person 0.001264333724975586 492 115 500 185
chair 0.00276830792427063 241 154 265 177
car 0.3593648076057434 440 129 466 145
car 0.010052919387817383 458 122 482 144
bus 0.00916031002998352 458 120 485 147
bus 0.01467105746269226 459 120 495 149
car 0.006850332021713257 493 124 499 152
bus 0.422504723072052 232 157 284 224
car 0.011158108711242676 241 154 265 178
person 0.007755845785140991 487 156 499 191
person 0.006145477294921875 488 107 499 204
car 0.005322486162185669 27 147 42 176
person 0.007176309823989868 487 141 499 189
car 0.8705992698669434 176 174 208 206
car 0.7718420028686523 262 129 302 144
car 0.16079121828079224 231 155 283 224
pottedplant 0.004264324903488159 215 107 229 125
car 0.6169357895851135 236 115 270 128
person 0.001524806022644043 248 220 260 240
car 0.006589770317077637 250 114 277 128
bus 0.0018245279788970947 349 114 358 136
bus 0.0010083019733428955 351 112 364 136
car 0.5039061903953552 89 120 113 134
car 0.006876885890960693 249 119 278 139
