train 0.002779155969619751 -1 -20 47 309
train 0.0030162930488586426 0 2 33 307
train 0.8933094143867493 151 92 194 155
pottedplant 0.003496825695037842 0 230 29 291
pottedplant 0.002323359251022339 0 234 41 286
pottedplant 0.001972287893295288 18 254 48 276
pottedplant 0.002199828624725342 223 126 246 150
pottedplant 0.0030280649662017822 0 242 24 290
pottedplant 0.0010485053062438965 210 92 234 110
pottedplant 0.004133999347686768 0 186 14 241
pottedplant 0.001432657241821289 0 230 47 278
pottedplant 0.001020193099975586 16 234 49 277
train 0.0016678273677825928 -5 -43 108 310
train 0.0028339028358459473 151 103 165 151
train 0.0014050006866455078 171 100 194 143
pottedplant 0.0030162930488586426 223 126 236 150
