chair 0.0022170841693878174 261 240 367 373
chair 0.0018033087253570557 471 136 499 371
tvmonitor 0.04177337884902954 473 141 499 353
pottedplant 0.85584956407547 141 257 260 373
person 0.0020666420459747314 472 139 499 371
tvmonitor 0.003496825695037842 452 350 499 374
pottedplant 0.007065832614898682 277 293 346 356
tvmonitor 0.0021321773529052734 263 233 365 338
chair 0.002018868923187256 472 217 499 373
pottedplant 0.06656795740127563 273 293 365 371
tvmonitor 0.5195213556289673 473 143 499 272
bottle 0.003063589334487915 16 82 30 115
bottle 0.011914163827896118 21 83 31 115
chair 0.0017684698104858398 481 220 499 359
chair 0.001714080572128296 488 263 499 350
chair 0.001367121934890747 343 307 367 372
pottedplant 0.007518589496612549 214 271 268 373
tvmonitor 0.9190667867660522 0 113 83 264
tvmonitor 0.0019876956939697266 239 1 395 68
bottle 0.007065832614898682 12 82 22 114
pottedplant 0.006513714790344238 216 295 257 375
cat 0.0017547309398651123 281 293 345 347
pottedplant 0.08819276094436646 293 92 320 117
bottle 0.007288604974746704 453 106 466 122
tvmonitor 0.003565669059753418 476 347 499 374
chair 0.0479588508605957 270 293 367 374
chair 0.0012943148612976074 487 240 499 354
bottle 0.002453356981277466 452 97 466 122
