cat 0.0016678273677825928 -114 14 -21 488
bird 0.0011292099952697754 -102 23 -22 489
dog 0.8799730539321899 40 84 318 465
pottedplant 0.0023782849311828613 -2 0 152 91
pottedplant 0.0011879205703735352 88 0 229 20
pottedplant 0.0011971890926361084 124 0 237 21
pottedplant 0.0010817945003509521 67 419 194 495
dog 0.030099451541900635 13 81 216 273
dog 0.0037219226360321045 14 81 219 381
pottedplant 0.0013995170593261719 -123 8 -20 481
dog 0.0017342865467071533 15 80 236 483
bottle 0.0026110410690307617 167 41 182 85
