pottedplant 0.0010650157928466797 294 189 499 373
pottedplant 0.0013250410556793213 296 285 499 373
pottedplant 0.00284498929977417 416 19 499 319
dog 0.9173051714897156 8 30 319 373
pottedplant 0.040843963623046875 285 6 499 290
pottedplant 0.5243947505950928 361 -1 500 294
pottedplant 0.0022519826889038086 381 36 499 208
pottedplant 0.0019876956939697266 473 26 499 232
pottedplant 0.002757549285888672 447 4 499 229
pottedplant 0.002314329147338867 465 125 499 206
pottedplant 0.0012544989585876465 423 0 499 190
pottedplant 0.00933942198753357 364 102 422 287
pottedplant 0.00831615924835205 363 88 449 287
pottedplant 0.02717086672782898 408 113 500 293
pottedplant 0.0026110410690307617 459 94 499 307
