car 0.9492974877357483 75 82 413 190
car 0.07005152106285095 38 85 479 332
person 0.0010817945003509521 325 83 499 331
person 0.0031724870204925537 449 58 499 331
car 0.03384503722190857 0 69 23 145
person 0.0057077109813690186 453 114 498 144
car 0.002140522003173828 0 47 51 149
car 0.00438198447227478 76 99 156 153
car 0.012146621942520142 83 99 155 125
person 0.0010162293910980225 492 117 499 211
car 0.0012842416763305664 411 95 489 129
car 0.00208282470703125 419 97 499 138
car 0.04146131873130798 436 101 499 141
bus 0.005240768194198608 0 44 22 146
bus 0.001524806022644043 0 43 74 150
person 0.0015853047370910645 474 99 499 333
car 0.037469178438186646 0 95 22 124
car 0.004886746406555176 90 99 152 119
person 0.0016355812549591064 485 103 499 331
car 0.001560807228088379 430 108 476 131
car 0.0015366971492767334 442 101 491 133
car 0.0015071630477905273 473 102 499 134
car 0.001560807228088379 492 106 499 127
car 0.004166156053543091 341 112 497 174
car 0.009485304355621338 436 112 499 173
car 0.022287070751190186 438 110 499 199
car 0.0027042627334594727 181 82 411 189
tvmonitor 0.01771247386932373 0 13 28 147
tvmonitor 0.005797207355499268 0 8 70 146
tvmonitor 0.013742715120315552 0 43 21 146
car 0.31236934661865234 437 113 499 150
person 0.002090960741043091 494 190 500 340
car 0.0025807321071624756 393 102 421 121
car 0.04177337884902954 0 105 23 124
dog 0.0017410516738891602 0 224 20 255
car 0.10484185814857483 0 104 24 145
car 0.0011558830738067627 0 104 45 150
car 0.0075772106647491455 76 100 157 175
car 0.0013778507709503174 0 130 5 165
car 0.0011424720287322998 0 130 12 165
car 0.0027042627334594727 461 110 499 194
car 0.0018822550773620605 482 105 499 199
car 0.1592157781124115 437 114 475 134
car 0.09568923711776733 457 105 499 139
car 0.09236234426498413 475 114 499 143
car 0.0010650157928466797 0 149 49 192
car 0.6261249780654907 396 115 499 176
car 0.0010567307472229004 0 105 24 134
