diningtable 0.9268327951431274 0 234 367 499
chair 0.0012207329273223877 254 197 355 314
diningtable 0.0029812753200531006 4 437 353 499
chair 0.005819797515869141 312 233 374 387
bottle 0.0026212334632873535 211 0 246 50
bottle 0.0014837086200714111 210 0 262 50
pottedplant 0.0028339028358459473 115 104 183 180
pottedplant 0.0012159943580627441 156 0 243 23
pottedplant 0.016340792179107666 115 68 232 250
person 0.00257071852684021 175 0 289 61
person 0.0028009116649627686 153 9 229 113
person 0.011331260204315186 163 0 290 146
person 0.004198610782623291 215 0 290 128
chair 0.0023506581783294678 0 480 144 500
chair 0.0020346641540527344 0 479 202 499
pottedplant 0.0017547309398651123 167 0 289 107
pottedplant 0.013223767280578613 181 0 258 51
pottedplant 0.01048976182937622 158 75 293 204
pottedplant 0.03321123123168945 113 4 238 201
pottedplant 0.008915573358535767 195 -1 291 207
pottedplant 0.3849121034145355 113 60 288 251
chair 0.20946994423866272 333 237 374 384
diningtable 0.0010162293910980225 21 227 366 314
pottedplant 0.003565669059753418 148 3 234 181
chair 0.0012544989585876465 67 227 136 251
person 0.030558109283447266 199 -3 290 207
pottedplant 0.014282047748565674 145 68 267 210
person 0.004886746406555176 152 8 231 160
pottedplant 0.0015366971492767334 149 125 204 207
pottedplant 0.0016102492809295654 150 133 235 206
bottle 0.001560807228088379 246 486 340 499
bottle 0.018194735050201416 170 292 185 330
chair 0.001524806022644043 0 481 93 500
chair 0.603931725025177 289 199 355 316
pottedplant 0.007402688264846802 151 59 238 199
pottedplant 0.014062851667404175 111 66 178 180
pottedplant 0.035546332597732544 208 88 289 185
chair 0.00106087327003479 143 184 182 236
chair 0.4130036234855652 2 183 53 313
chair 0.004133999347686768 142 194 230 306
pottedplant 0.0018676519393920898 175 0 268 17
pottedplant 0.001972287893295288 182 0 239 44
person 0.002406179904937744 198 0 270 48
person 0.012971192598342896 151 0 291 204
pottedplant 0.0019494593143463135 0 46 39 129
pottedplant 0.0012018680572509766 209 27 289 186
