motorbike 0.02903503179550171 346 116 464 215
motorbike 0.9343974590301514 74 136 263 284
motorbike 0.9092611074447632 248 109 451 309
boat 0.0010902583599090576 374 103 389 142
bus 0.31236934661865234 0 125 115 153
train 0.13251429796218872 0 123 116 153
chair 0.15713486075401306 438 113 456 151
bus 0.0022873878479003906 -1 126 64 153
chair 0.0021742284297943115 374 103 390 142
car 0.0016613304615020752 391 119 427 141
motorbike 0.015784263610839844 346 119 444 198
chair 0.11676490306854248 467 139 498 164
