bird 0.783988356590271 43 73 307 224
bird 0.0010567307472229004 0 60 27 306
bird 0.00406983494758606 255 333 475 408
bird 0.01444736123085022 154 112 307 225
bird 0.002757549285888672 162 112 249 172
bird 0.0015668869018554688 5 -126 171 -24
bird 0.010735392570495605 42 74 211 200
bird 0.0028897523880004883 356 55 376 77
bird 0.004645615816116333 358 52 382 78
horse 0.001455157995223999 301 0 499 307
horse 0.001560807228088379 357 0 499 323
bird 0.0012350976467132568 0 1 38 148
aeroplane 0.0013832449913024902 443 363 500 416
bird 0.005554467439651489 67 73 212 149
bird 0.004503071308135986 436 0 451 18
