cat 0.0022170841693878174 0 227 43 372
person 0.005426615476608276 451 187 473 221
person 0.11716783046722412 222 150 282 221
person 0.0017007291316986084 0 230 42 374
person 0.0012742578983306885 336 102 349 137
person 0.002958148717880249 188 166 207 198
person 0.001904308795928955 189 164 218 198
bus 0.813461184501648 22 90 422 294
person 0.08540382981300354 339 167 368 200
person 0.0012159943580627441 349 174 387 198
bicycle 0.0011694133281707764 2 208 26 239
bottle 0.0030280649662017822 337 102 348 129
person 0.003416001796722412 5 191 25 230
person 0.8221883177757263 450 187 474 244
bottle 0.0019494593143463135 338 103 348 123
person 0.002590775489807129 249 154 282 205
person 0.003185272216796875 251 156 282 221
person 0.0018822550773620605 188 165 228 201
person 0.0013459324836730957 253 162 281 195
person 0.0023875534534454346 252 156 301 199
person 0.697608470916748 3 191 27 239
person 0.019793838262557983 196 150 283 222
person 0.042087674140930176 250 152 311 226
person 0.14175868034362793 339 166 384 201
