sofa 0.8697161674499512 2 0 489 266
chair 0.001957029104232788 478 0 499 103
chair 0.0012302696704864502 0 0 18 114
chair 0.0013250410556793213 0 0 40 124
chair 0.0017615854740142822 214 0 499 260
chair 0.0012112557888031006 0 0 29 159
chair 0.0012692809104919434 478 -1 499 147
chair 0.0010945498943328857 0 0 11 86
chair 0.0016678273677825928 0 0 40 88
chair 0.0011380314826965332 0 1 56 91
bottle 0.010052919387817383 0 -2 6 73
person 0.0024438798427581787 0 0 5 37
person 0.0014438629150390625 0 0 39 39
person 0.0011971890926361084 0 0 40 82
person 0.003537982702255249 479 30 499 231
