pottedplant 0.0013147294521331787 394 47 447 463
chair 0.001178741455078125 186 329 368 499
chair 0.0029237568378448486 186 418 363 499
diningtable 0.013742715120315552 188 427 373 499
sofa 0.9079643487930298 0 299 225 462
person 0.0010444223880767822 0 0 101 72
person 0.0011248290538787842 -17 0 182 63
bicycle 0.0016613304615020752 0 0 86 121
boat 0.0021742284297943115 0 0 355 118
chair 0.001040339469909668 0 0 85 118
cat 0.0013250410556793213 192 456 377 499
cat 0.7648890018463135 188 420 309 498
pottedplant 0.10706377029418945 295 312 352 438
pottedplant 0.0010817945003509521 156 92 197 118
bottle 0.0800657868385315 62 368 80 408
dog 0.0015426874160766602 228 453 321 499
person 0.0010004639625549316 -3 0 97 39
