car 0.9569558501243591 100 102 390 233
person 0.0037219226360321045 406 17 500 288
tvmonitor 0.0027042627334594727 407 83 499 286
tvmonitor 0.002590775489807129 0 159 97 287
tvmonitor 0.001466512680053711 0 195 102 289
tvmonitor 0.0011513829231262207 0 0 27 17
person 0.0010902583599090576 250 165 265 184
car 0.0016165375709533691 116 102 272 138
tvmonitor 0.04995569586753845 0 10 94 283
tvmonitor 0.001957029104232788 405 1 500 288
tvmonitor 0.0018969178199768066 0 12 56 236
bus 0.0013147294521331787 106 46 356 133
person 0.001477956771850586 250 166 262 179
bottle 0.0031976401805877686 7 223 22 238
