pottedplant 0.8322356343269348 98 258 204 448
pottedplant 0.00208282470703125 1 210 237 411
pottedplant 0.0020585954189300537 88 140 241 409
pottedplant 0.002935171127319336 135 135 255 406
pottedplant 0.14033910632133484 1 403 87 499
pottedplant 0.006719321012496948 35 365 322 499
pottedplant 0.00955912470817566 37 429 328 499
pottedplant 0.07423233985900879 -198 10 -1 497
pottedplant 0.001560807228088379 0 126 246 400
pottedplant 0.47852879762649536 212 115 331 399
pottedplant 0.001477956771850586 351 11 469 485
pottedplant 0.6774741411209106 0 212 123 385
pottedplant 0.18594691157341003 165 247 242 412
pottedplant 0.8019360303878784 21 347 141 457
pottedplant 0.001674354076385498 152 68 218 140
pottedplant 0.0024921000003814697 92 260 177 431
pottedplant 0.0033501386642456055 67 28 259 287
pottedplant 0.18126201629638672 113 254 242 411
pottedplant 0.0021912753582000732 318 223 331 426
pottedplant 0.0030280649662017822 18 353 50 417
pottedplant 0.0015130341053009033 320 248 332 472
pottedplant 0.005685538053512573 10 344 65 418
chair 0.0013459324836730957 163 0 231 77
pottedplant 0.010449320077896118 5 444 83 499
pottedplant 0.0033501386642456055 20 469 87 499
pottedplant 0.01094403862953186 65 467 132 499
pottedplant 0.015483170747756958 69 460 175 499
pottedplant 0.015663117170333862 104 455 196 499
pottedplant 0.009124904870986938 117 452 257 499
pottedplant 0.005576103925704956 96 393 129 459
pottedplant 0.08239877223968506 20 347 99 418
pottedplant 0.008062601089477539 257 116 332 354
pottedplant 0.001367121934890747 302 124 332 348
pottedplant 0.0018103718757629395 0 412 43 497
pottedplant 0.0019954144954681396 97 419 128 458
pottedplant 0.002018868923187256 47 383 113 466
pottedplant 0.0018676519393920898 32 373 102 442
pottedplant 0.0022519826889038086 0 211 192 364
pottedplant 0.4320632219314575 65 20 331 409
pottedplant 0.0010444223880767822 159 52 277 272
pottedplant 0.006538987159729004 169 452 283 499
chair 0.0016228556632995605 168 39 233 80
pottedplant 0.004830062389373779 272 257 329 321
pottedplant 0.003496825695037842 289 254 330 322
pottedplant 0.0015487074851989746 8 483 88 500
pottedplant 0.0014050006866455078 4 488 87 500
pottedplant 0.0014050006866455078 50 490 82 500
pottedplant 0.0012842416763305664 107 267 184 389
pottedplant 0.0017410516738891602 51 490 111 500
pottedplant 0.008252084255218506 74 356 195 452
pottedplant 0.002501755952835083 41 486 139 500
pottedplant 0.002501755952835083 0 215 33 346
pottedplant 0.004118025302886963 58 481 161 499
pottedplant 0.014955878257751465 213 150 297 373
pottedplant 0.0015366971492767334 29 366 94 461
pottedplant 0.0099753737449646 247 147 331 332
pottedplant 0.0029928982257843018 34 479 138 499
pottedplant 0.009303301572799683 57 473 157 499
pottedplant 0.464901328086853 69 361 142 459
