chair 0.0014722347259521484 406 160 499 373
chair 0.003285646438598633 470 72 499 356
chair 0.005597800016403198 475 69 499 266
sofa 0.912433922290802 26 63 473 367
chair 0.003678649663925171 0 91 23 310
pottedplant 0.004886746406555176 494 137 499 204
chair 0.020099759101867676 0 93 15 179
chair 0.0011074244976043701 25 75 100 225
chair 0.004198610782623291 0 90 71 235
chair 0.003678649663925171 0 89 30 181
pottedplant 0.0010650157928466797 489 70 499 217
chair 0.0024724602699279785 1 85 40 181
chair 0.6791782379150391 0 89 25 237
pottedplant 0.00276830792427063 463 102 499 264
pottedplant 0.01094403862953186 492 104 499 258
pottedplant 0.8539129495620728 346 7 441 143
chair 0.001964658498764038 467 31 499 269
chair 0.0014215409755706787 0 45 24 182
chair 0.001432657241821289 0 53 42 178
chair 0.0013250410556793213 8 58 108 220
chair 0.0022257566452026367 26 63 201 249
chair 0.0010650157928466797 493 191 500 344
chair 0.0018245279788970947 487 135 499 214
chair 0.009860128164291382 493 144 499 206
pottedplant 0.0021488964557647705 483 111 499 206
pottedplant 0.005511492490768433 494 114 500 208
chair 0.006640911102294922 0 78 13 234
chair 0.0022170841693878174 10 96 32 216
pottedplant 0.001466512680053711 346 7 408 110
chair 0.0050605833530426025 478 140 499 321
chair 0.030906885862350464 472 139 499 264
chair 0.025957345962524414 481 128 499 264
chair 0.04069101810455322 492 130 500 240
chair 0.0010988116264343262 413 115 499 267
chair 0.00369301438331604 486 127 499 234
