person 0.9414379596710205 200 211 272 373
boat 0.0011380314826965332 0 223 194 373
person 0.9181903600692749 242 97 328 373
person 0.8860234618186951 303 58 414 374
person 0.9158100485801697 29 63 169 374
person 0.0016548335552215576 39 198 168 374
pottedplant 0.09334826469421387 124 205 170 263
person 0.02112632989883423 123 204 171 306
pottedplant 0.002115577459335327 125 205 156 265
bottle 0.0025409162044525146 300 210 317 258
person 0.8697161674499512 149 247 212 374
person 0.001680910587310791 251 62 389 224
person 0.00406983494758606 246 71 407 374
person 0.0018604099750518799 38 65 148 231
person 0.0016102492809295654 100 73 255 240
person 0.5204963684082031 101 72 173 322
bottle 0.09534668922424316 301 233 315 259
person 0.8250249624252319 165 83 254 286
person 0.15052726864814758 101 71 172 218
pottedplant 0.23161658644676208 123 205 171 303
bottle 0.00118333101272583 366 128 381 155
pottedplant 0.010368883609771729 283 198 332 259
