person 0.2043420374393463 42 141 355 500
person 0.0012112557888031006 53 2 465 475
person 0.5097644925117493 305 0 468 499
person 0.7911761403083801 -2 -3 341 433
person 0.6817271113395691 208 0 469 499
chair 0.006850332021713257 4 238 384 499
person 0.18653884530067444 51 218 466 500
person 0.001449495553970337 0 305 208 500
chair 0.0016940832138061523 14 328 352 499
person 0.013637453317642212 35 332 345 500
chair 0.00812530517578125 29 339 466 500
person 0.0026008784770965576 207 71 355 463
person 0.0031724870204925537 108 0 156 38
person 0.0025310516357421875 108 0 159 67
person 0.01196029782295227 410 0 468 44
person 0.0024921000003814697 -12 0 158 37
person 0.00257071852684021 40 0 158 34
person 0.0020346641540527344 77 0 160 36
person 0.0016228556632995605 79 0 202 35
chair 0.0015487074851989746 183 0 361 48
chair 0.0022873878479003906 0 176 23 271
chair 0.0027360916137695312 228 0 374 51
chair 0.00386965274810791 261 0 386 52
chair 0.003324180841445923 263 0 437 51
sofa 0.0010945498943328857 0 0 471 264
bottle 0.002115577459335327 227 312 249 394
diningtable 0.0022170841693878174 35 344 345 456
person 0.151027113199234 0 0 152 227
person 0.00142708420753479 0 6 170 480
dog 0.0010567307472229004 121 310 280 386
chair 0.0014215409755706787 210 291 354 390
chair 0.0010162293910980225 216 242 354 392
person 0.0034696757793426514 82 0 167 84
bottle 0.006589770317077637 211 310 321 424
person 0.0042809247970581055 84 0 263 91
bottle 0.002590775489807129 210 311 280 385
chair 0.0015426874160766602 1 67 220 490
person 0.001264333724975586 210 280 354 458
bottle 0.004556000232696533 214 311 252 395
chair 0.002631455659866333 265 0 446 70
bottle 0.0028897523880004883 209 369 305 420
sheep 0.00941208004951477 98 0 301 92
dog 0.003075540065765381 104 0 302 95
person 0.011115282773971558 365 0 468 55
sofa 0.0028228759765625 89 0 324 92
sofa 0.0016292035579681396 30 0 451 52
person 0.0017893016338348389 0 0 126 73
dog 0.004314333200454712 302 0 468 54
person 0.020646393299102783 3 0 157 88
bottle 0.07056248188018799 288 418 308 472
sheep 0.003075540065765381 84 0 223 87
chair 0.0013044774532318115 235 0 379 92
chair 0.001146942377090454 262 0 400 96
person 0.002901047468185425 421 0 468 80
sheep 0.0013564825057983398 85 0 153 87
person 0.0020666420459747314 0 0 118 464
person 0.0017342865467071533 381 0 468 109
person 0.0011424720287322998 417 0 468 124
chair 0.0027042627334594727 128 407 320 499
chair 0.01186823844909668 0 0 142 254
person 0.001455157995223999 158 385 337 470
bottle 0.0026110410690307617 228 416 314 472
sheep 0.0012742578983306885 112 20 149 83
bottle 0.0027148425579071045 275 417 313 474
sheep 0.0010733604431152344 0 177 27 262
bottle 0.0011424720287322998 210 343 269 386
sheep 0.001477956771850586 69 0 162 35
person 0.0010902583599090576 106 0 177 29
chair 0.0011292099952697754 48 1 167 209
person 0.0018388032913208008 98 367 339 465
person 0.002935171127319336 146 364 320 464
person 0.001524806022644043 179 371 345 463
bottle 0.003324180841445923 213 369 271 429
diningtable 0.0011248290538787842 204 371 338 466
