person 0.9427154064178467 162 163 222 331
boat 0.0012842416763305664 175 55 221 81
person 0.0016613304615020752 0 54 10 141
person 0.0018245279788970947 189 64 220 80
person 0.9019226431846619 291 165 352 328
boat 0.002590775489807129 182 62 220 81
bottle 0.001432657241821289 166 249 181 268
person 0.9039729833602905 222 172 278 331
bottle 0.014841258525848389 169 249 181 267
person 0.0031358301639556885 0 82 6 136
boat 0.003635883331298828 186 65 221 101
person 0.0018676519393920898 0 89 6 163
person 0.004963308572769165 0 93 5 137
