dog 0.0023782849311828613 449 178 499 360
dog 0.00185316801071167 464 189 499 369
dog 0.0021573007106781006 392 145 499 355
dog 0.008000344038009644 423 52 499 358
dog 0.002958148717880249 427 156 499 354
person 0.0022873878479003906 461 0 499 233
person 0.0014215409755706787 456 -41 499 206
dog 0.004264324903488159 472 158 499 362
person 0.0010004639625549316 470 126 499 361
dog 0.001495271921157837 473 254 499 369
cat 0.00257071852684021 473 281 499 349
sofa 0.004399091005325317 4 0 499 242
person 0.3738749921321869 425 3 499 214
dog 0.006876885890960693 6 97 145 214
cat 0.005685538053512573 472 181 499 372
dog 0.0015853047370910645 113 230 291 287
cat 0.001028209924697876 8 97 152 216
person 0.3522022068500519 424 10 499 289
dog 0.8902919292449951 9 93 358 256
person 0.0012692809104919434 451 46 499 314
