chair 0.0028118789196014404 0 104 83 372
bus 0.015723586082458496 0 234 78 372
car 0.9278846979141235 143 137 315 304
bus 0.0020666420459747314 0 64 64 373
bus 0.002011030912399292 0 134 82 372
pottedplant 0.013848692178726196 110 149 121 168
pottedplant 0.004038453102111816 103 148 121 179
pottedplant 0.003298431634902954 110 149 127 187
bus 0.00321003794670105 212 130 302 201
bus 0.009303301572799683 390 154 449 210
car 0.011030197143554688 185 130 305 171
car 0.03346338868141174 215 130 302 167
bus 0.1422344446182251 216 131 301 168
bus 0.007816284894943237 0 69 39 247
car 0.001120448112487793 488 187 499 229
tvmonitor 0.002693742513656616 0 233 78 373
car 0.016091108322143555 -2 128 112 186
pottedplant 0.005240768194198608 109 149 122 178
person 0.0011074244976043701 35 167 44 194
car 0.007288604974746704 184 131 303 190
pottedplant 0.008380681276321411 115 160 139 187
bus 0.422504723072052 339 132 394 215
car 0.001120448112487793 0 113 38 246
car 0.12210246920585632 35 128 111 177
bus 0.010209739208221436 390 156 433 209
pottedplant 0.0010526180267333984 98 149 121 186
pottedplant 0.00916031002998352 112 150 138 188
pottedplant 0.0023968517780303955 129 163 156 186
chair 0.0010650157928466797 0 143 36 345
car 0.0014438629150390625 37 135 68 174
car 0.0012065470218658447 387 171 402 205
chair 0.012576550245285034 0 150 35 252
pottedplant 0.006121635437011719 34 167 46 193
car 0.0017275214195251465 195 133 276 158
bus 0.001020193099975586 447 111 499 270
car 0.005797207355499268 488 210 499 226
car 0.0022344589233398438 192 139 278 166
