person 0.9435532093048096 2 20 251 375
person 0.003324180841445923 449 84 499 373
person 0.9082899689674377 204 11 461 373
person 0.0016419589519500732 171 20 392 373
person 0.008846968412399292 0 24 43 214
person 0.0019419193267822266 1 38 98 206
person 0.002901047468185425 0 71 25 244
person 0.0013564825057983398 441 70 462 92
chair 0.0029812753200531006 448 215 499 373
person 0.0027148425579071045 0 67 18 258
person 0.0011336207389831543 450 240 499 333
person 0.003160238265991211 448 222 499 371
person 0.09106162190437317 5 15 436 373
person 0.002867281436920166 0 61 10 208
person 0.0014159977436065674 0 67 17 204
person 0.7033457159996033 1 1 152 143
person 0.0024921000003814697 426 69 464 122
person 0.002590775489807129 437 70 463 117
person 0.009746164083480835 431 148 477 224
bottle 0.0011031031608581543 427 70 465 152
person 0.0020505785942077637 90 1 138 38
person 0.0014104843139648438 433 69 467 143
person 0.001964658498764038 493 220 500 378
person 0.0019799768924713135 470 226 499 371
