boat 0.01704654097557068 5 443 308 499
diningtable 0.0012207329273223877 9 415 362 499
boat 0.001449495553970337 11 342 335 499
diningtable 0.010249316692352295 5 443 349 500
pottedplant 0.001111745834350586 390 159 439 493
person 0.003809899091720581 34 23 88 102
person 0.0031724870204925537 134 0 195 51
tvmonitor 0.008677929639816284 228 161 302 188
tvmonitor 0.07185441255569458 202 179 333 315
aeroplane 0.3337203860282898 3 0 320 130
aeroplane 0.006438493728637695 41 0 202 33
diningtable 0.0016483962535858154 27 473 292 499
diningtable 0.0024438798427581787 66 462 277 499
aeroplane 0.007204204797744751 16 0 224 38
aeroplane 0.01711207628250122 65 0 292 49
cat 0.0017275214195251465 142 255 198 289
aeroplane 0.0011971890926361084 9 0 344 38
boat 0.001972287893295288 177 335 334 390
chair 0.017848461866378784 84 451 279 499
aeroplane 0.006217539310455322 50 0 223 86
bird 0.0012399256229400635 139 422 186 456
person 0.035814911127090454 52 18 108 101
person 0.0013564825057983398 64 45 133 104
chair 0.06979727745056152 139 213 196 288
person 0.0025115013122558594 43 15 186 118
aeroplane 0.0035518109798431396 0 0 93 100
person 0.001674354076385498 3 24 52 55
person 0.001289278268814087 6 19 57 61
person 0.006388753652572632 1 11 122 102
person 0.00185316801071167 19 2 170 103
tvmonitor 0.00391504168510437 247 161 305 190
person 0.0023782849311828613 55 17 105 63
bus 0.0012943148612976074 26 65 68 100
person 0.0032602250576019287 22 16 78 103
person 0.005752265453338623 48 17 81 102
person 0.0033112764358520508 51 15 153 105
person 0.004331141710281372 31 67 66 101
person 0.0018676519393920898 29 69 84 102
tvmonitor 0.19682586193084717 254 114 337 181
person 0.001466512680053711 0 23 53 68
person 0.0015130341053009033 0 24 53 98
person 0.001264333724975586 160 0 184 13
person 0.00106087327003479 23 21 199 142
chair 0.024891287088394165 48 231 136 329
dog 0.001225501298904419 96 396 225 461
