pottedplant 0.007431507110595703 406 88 499 372
pottedplant 0.01196029782295227 324 27 499 361
pottedplant 0.8459442853927612 0 48 244 370
pottedplant 0.8300422430038452 234 24 499 370
pottedplant 0.012240886688232422 445 37 499 369
pottedplant 0.001289278268814087 454 -1 499 204
pottedplant 0.0013995170593261719 0 10 120 172
pottedplant 0.001964658498764038 217 37 348 278
pottedplant 0.0013044774532318115 453 49 499 271
pottedplant 0.0010083019733428955 200 39 319 151
pottedplant 0.003235042095184326 65 -121 491 30
pottedplant 0.0020585954189300537 138 -127 491 72
pottedplant 0.0011248290538787842 289 -104 503 40
pottedplant 0.00421491265296936 8 -134 494 82
pottedplant 0.0048677921295166016 453 124 499 391
pottedplant 0.0062660276889801025 475 116 499 396
pottedplant 0.0018969178199768066 5 41 320 246
pottedplant 0.007489442825317383 49 26 438 249
pottedplant 0.0011513829231262207 23 50 216 211
pottedplant 0.04146131873130798 164 36 318 273
pottedplant 0.022543251514434814 152 26 440 268
pottedplant 0.0025212466716766357 230 26 457 271
pottedplant 0.002912372350692749 446 202 499 374
pottedplant 0.002631455659866333 329 0 499 223
pottedplant 0.0069571733474731445 0 2 82 196
pottedplant 0.3182728886604309 36 49 161 191
pottedplant 0.04320555925369263 129 35 321 363
pottedplant 0.02992933988571167 177 29 394 358
pottedplant 0.002453356981277466 0 44 84 360
pottedplant 0.010289043188095093 0 45 163 362
pottedplant 0.0024824440479278564 20 0 219 85
pottedplant 0.0016419589519500732 8 -37 488 215
pottedplant 0.002323359251022339 1 0 170 193
pottedplant 0.00208282470703125 367 0 499 80
pottedplant 0.013585120439529419 407 0 499 186
person 0.0015853047370910645 490 110 499 249
pottedplant 0.003621727228164673 420 0 499 69
person 0.0034561753273010254 488 45 499 340
