diningtable 0.8910531997680664 228 216 499 330
sofa 0.517570972442627 122 164 271 266
person 0.001120448112487793 0 39 80 324
chair 0.20689427852630615 452 162 499 325
sofa 0.8749375343322754 0 200 97 330
dog 0.011914163827896118 160 165 223 210
bottle 0.0010945498943328857 0 54 9 85
chair 0.0026520490646362305 423 168 499 273
chair 0.043693095445632935 469 161 499 306
chair 0.14706313610076904 474 187 499 249
chair 0.054199665784835815 472 178 499 262
chair 0.0019117295742034912 209 205 276 281
chair 0.001120448112487793 300 206 371 313
chair 0.013274848461151123 438 225 499 331
pottedplant 0.0013250410556793213 416 205 475 255
chair 0.007431507110595703 464 217 499 330
chair 0.007460415363311768 439 163 499 259
chair 0.7905300855636597 357 193 399 237
bottle 0.0021573007106781006 420 239 447 263
chair 0.11240836977958679 462 164 499 241
tvmonitor 0.0013250410556793213 0 103 23 208
dog 0.006564319133758545 157 185 242 218
chair 0.011463016271591187 126 164 280 252
pottedplant 0.0010162293910980225 165 42 172 60
pottedplant 0.0016874969005584717 173 42 187 61
bottle 0.0013147294521331787 241 155 248 179
chair 0.0018822550773620605 484 139 499 219
tvmonitor 0.004086285829544067 0 106 12 207
chair 0.6057989597320557 302 205 354 256
dog 0.0011424720287322998 141 186 266 246
cat 0.0011971890926361084 209 192 248 225
dog 0.18952050805091858 209 192 260 231
cat 0.15507644414901733 209 192 270 231
bottle 0.004150032997131348 91 123 102 159
bottle 0.16451644897460938 234 155 243 180
chair 0.0097084641456604 482 208 499 341
chair 0.740175724029541 261 278 370 330
tvmonitor 0.7534657716751099 242 127 303 183
sofa 0.002935171127319336 145 164 226 209
chair 0.001524806022644043 145 164 228 207
