sofa 0.6688798069953918 0 191 39 322
person 0.00135117769241333 0 102 41 322
person 0.0013724565505981445 465 112 499 330
sofa 0.9640500545501709 117 188 343 313
diningtable 0.34775885939598083 456 194 499 331
chair 0.012288272380828857 486 158 500 289
chair 0.004450768232345581 463 191 493 268
chair 0.0034293532371520996 463 197 491 253
chair 0.007460415363311768 466 172 499 294
chair 0.592666506767273 447 198 489 327
chair 0.005911082029342651 480 172 499 325
chair 0.0024438798427581787 469 213 499 332
diningtable 0.008812874555587769 462 188 491 266
diningtable 0.00790780782699585 463 170 498 270
chair 0.007093280553817749 472 159 499 279
diningtable 0.001388639211654663 450 245 499 331
