diningtable 0.002757549285888672 34 124 499 373
cat 0.0013406574726104736 0 97 496 374
sofa 0.018439680337905884 4 112 500 372
cat 0.5156199336051941 237 152 385 268
chair 0.001146942377090454 0 121 497 371
cat 0.7683833837509155 3 144 382 320
tvmonitor 0.01444736123085022 479 119 499 268
tvmonitor 0.001335442066192627 491 117 499 267
chair 0.004086285829544067 481 229 499 342
chair 0.002560734748840332 480 157 499 369
tvmonitor 0.0013147294521331787 485 217 499 278
tvmonitor 0.7310574054718018 418 81 499 264
bottle 0.002725452184677124 494 190 499 281
chair 0.0020666420459747314 481 239 499 315
tvmonitor 0.001466512680053711 494 86 500 226
tvmonitor 0.002501755952835083 491 90 500 218
tvmonitor 0.0013147294521331787 482 245 499 281
