chair 0.0022170841693878174 0 156 83 372
chair 0.23022887110710144 67 234 246 374
chair 0.04193025827407837 303 225 481 373
diningtable 0.00952214002609253 0 146 87 371
chair 0.019306659698486328 64 121 241 373
person 0.9596131443977356 248 113 479 373
chair 0.1074380874633789 66 190 304 373
chair 0.030385255813598633 363 232 481 373
person 0.0015977323055267334 334 114 481 293
person 0.8534255027770996 103 64 335 373
diningtable 0.007011294364929199 0 86 194 369
person 0.031616777181625366 0 24 18 161
person 0.0021488964557647705 0 38 23 55
chair 0.6671474575996399 0 102 41 171
diningtable 0.0015853047370910645 55 91 271 208
person 0.002003192901611328 85 15 137 80
chair 0.0027360916137695312 1 62 41 94
chair 0.0016874969005584717 0 92 15 207
chair 0.0013564825057983398 26 77 79 154
chair 0.0011879205703735352 39 59 102 155
person 0.003795117139816284 55 78 134 155
chair 0.008000344038009644 57 204 126 373
pottedplant 0.0020666420459747314 0 9 26 116
diningtable 0.002359837293624878 0 60 40 107
chair 0.003442734479904175 40 96 76 153
person 0.0012742578983306885 51 12 127 74
chair 0.003650069236755371 64 244 182 373
diningtable 0.006640911102294922 0 49 28 69
person 0.008711427450180054 76 12 131 79
person 0.0685386061668396 214 52 314 171
diningtable 0.003442734479904175 1 53 37 69
person 0.0028228759765625 43 31 113 79
chair 0.0024921000003814697 225 50 320 141
chair 0.03027060627937317 74 10 155 110
chair 0.002631455659866333 0 99 61 159
person 0.001560807228088379 0 116 5 200
person 0.00536385178565979 0 28 16 71
person 0.01342916488647461 0 29 25 73
chair 0.003736436367034912 54 86 93 155
chair 0.04402092099189758 59 17 155 124
tvmonitor 0.006903529167175293 54 91 139 156
chair 0.0010083019733428955 93 9 207 106
diningtable 0.0011074244976043701 0 148 92 309
person 0.002415567636489868 76 31 108 77
person 0.001449495553970337 0 51 50 284
chair 0.003285646438598633 62 244 144 373
chair 0.0029812753200531006 184 41 203 69
chair 0.011776894330978394 44 100 90 156
chair 0.0016613304615020752 0 99 6 207
tvmonitor 0.08093324303627014 55 102 91 156
chair 0.0018103718757629395 0 111 28 208
chair 0.0022344589233398438 54 193 152 375
person 0.613236665725708 51 78 194 263
chair 0.0019876956939697266 155 100 327 208
person 0.0024921000003814697 171 95 328 212
person 0.028599053621292114 110 62 321 301
chair 0.0019799768924713135 184 94 331 229
chair 0.004331141710281372 0 97 47 259
person 0.26284074783325195 0 40 17 114
bottle 0.0013459324836730957 34 142 60 193
person 0.15817251801490784 0 62 17 112
person 0.042087674140930176 0 11 12 54
person 0.5822536945343018 35 31 152 142
diningtable 0.004681944847106934 129 116 176 144
bottle 0.3738749921321869 46 143 60 189
chair 0.0012943148612976074 214 52 339 165
bottle 0.0010567307472229004 41 139 61 161
person 0.00142708420753479 34 31 95 97
sofa 0.005554467439651489 38 29 160 157
person 0.0013724565505981445 38 55 220 200
chair 0.003324180841445923 176 50 203 69
person 0.1155630350112915 151 62 255 209
person 0.0035935938358306885 105 8 188 110
chair 0.004485577344894409 60 111 90 156
chair 0.0029237568378448486 185 49 203 70
diningtable 0.01196029782295227 0 50 23 105
person 0.26511818170547485 214 53 333 208
chair 0.01798534393310547 0 58 27 88
person 0.002003192901611328 0 31 35 197
chair 0.0029237568378448486 12 64 49 87
person 0.003123670816421509 35 60 161 195
person 0.005384683609008789 43 68 254 218
diningtable 0.01542365550994873 0 39 26 90
person 0.4130036234855652 151 61 328 211
person 0.0010162293910980225 107 10 129 24
diningtable 0.017310142517089844 0 53 26 88
diningtable 0.03832080960273743 2 59 50 87
chair 0.002757549285888672 107 12 138 30
diningtable 0.004718571901321411 11 63 50 86
chair 0.05921009182929993 214 54 335 229
person 0.028222382068634033 0 5 9 54
person 0.006930291652679443 75 31 133 87
chair 0.0018676519393920898 166 45 203 71
person 0.001554727554321289 0 105 28 291
person 0.00593411922454834 108 10 124 22
chair 0.6169357895851135 265 46 313 124
chair 0.0016483962535858154 176 102 334 291
person 0.0028228759765625 0 67 37 123
person 0.0023506581783294678 107 10 135 27
person 0.0010322332382202148 96 10 135 57
chair 0.0015487074851989746 48 138 198 262
chair 0.003298431634902954 0 64 18 148
person 0.0014837086200714111 158 104 330 241
chair 0.0015487074851989746 0 79 42 136
person 0.20307472348213196 35 31 93 133
chair 0.0015791356563568115 69 262 117 362
chair 0.0012496113777160645 0 146 5 236
person 0.26435762643814087 79 15 156 124
person 0.0012447535991668701 0 133 6 243
person 0.043693095445632935 0 29 38 138
chair 0.001264333724975586 0 141 5 214
person 0.00834837555885315 0 19 39 87
person 0.0013564825057983398 31 31 73 87
person 0.1999320089817047 148 0 199 76
person 0.08725422620773315 107 11 152 81
person 0.1250624656677246 0 5 24 56
person 0.00394555926322937 0 8 41 67
person 0.008846968412399292 43 11 135 97
