person 0.004718571901321411 262 215 332 373
person 0.9187756180763245 318 145 393 374
person 0.019793838262557983 319 143 492 369
bus 0.1155630350112915 0 34 233 374
bus 0.003884732723236084 312 69 499 305
person 0.0010485053062438965 233 209 257 338
person 0.7892334461212158 77 125 129 193
person 0.09106162190437317 119 145 161 217
person 0.821043848991394 286 219 333 372
bus 0.01342916488647461 0 0 51 242
person 0.7634811401367188 234 197 272 339
person 0.0021321773529052734 488 210 499 268
person 0.020725667476654053 492 214 499 268
person 0.0011741816997528076 236 203 297 347
bus 0.0022963285446166992 196 51 497 258
bus 0.031024068593978882 0 0 109 363
person 0.057074129581451416 216 190 241 343
car 0.0010485053062438965 34 160 190 281
bus 0.906981348991394 0 40 464 369
person 0.04304414987564087 123 142 156 210
person 0.004963308572769165 132 139 176 226
person 0.002725452184677124 144 144 176 221
car 0.001524806022644043 62 150 183 265
person 0.003780364990234375 243 197 269 279
person 0.0011336207389831543 0 100 5 222
person 0.007877200841903687 125 116 158 185
person 0.0116862952709198 140 114 173 192
person 0.0013459324836730957 69 140 109 208
person 0.0016355812549591064 67 136 123 209
person 0.003795117139816284 286 221 319 304
tvmonitor 0.0013995170593261719 215 179 246 256
person 0.00391504168510437 124 117 172 177
car 0.0017684698104858398 0 60 4 117
person 0.0017684698104858398 63 128 181 266
person 0.0011424720287322998 72 134 149 216
