aeroplane 0.0037219226360321045 373 157 418 171
person 0.22405511140823364 99 192 114 232
person 0.5794005393981934 110 188 134 234
person 0.003222525119781494 192 197 214 234
person 0.003389507532119751 191 197 213 248
person 0.003780364990234375 112 188 128 212
person 0.002969682216644287 113 188 131 219
person 0.8233271837234497 185 197 226 267
horse 0.7773003578186035 189 230 227 300
horse 0.37754106521606445 101 207 135 242
cow 0.0015853047370910645 12 105 25 121
person 0.004792630672454834 99 192 128 238
person 0.04272308945655823 105 198 134 242
