pottedplant 0.001367121934890747 0 59 68 367
pottedplant 0.0018174350261688232 0 71 94 363
person 0.0028228759765625 334 39 348 71
tvmonitor 0.11047384142875671 128 93 184 138
tvmonitor 0.00257071852684021 446 136 494 201
pottedplant 0.9202213883399963 5 68 216 357
pottedplant 0.014009058475494385 65 153 150 357
person 0.005426615476608276 349 30 381 71
pottedplant 0.001904308795928955 0 0 18 52
person 0.006666600704193115 446 134 492 201
pottedplant 0.0012943148612976074 0 59 9 99
pottedplant 0.007204204797744751 0 60 28 101
tvmonitor 0.02414378523826599 35 66 58 86
cat 0.017310142517089844 446 136 493 201
pottedplant 0.08819276094436646 0 58 35 127
person 0.0011879205703735352 447 136 492 177
chair 0.002003192901611328 441 127 498 288
pottedplant 0.002641737461090088 96 117 214 291
