chair 0.001264333724975586 268 45 497 373
person 0.00106087327003479 431 41 499 373
person 0.02080520987510681 0 -1 87 342
person 0.001455157995223999 106 30 377 369
person 0.001289278268814087 180 82 331 372
person 0.8921864032745361 182 74 494 373
bottle 0.0012943148612976074 414 53 453 117
bottle 0.010735392570495605 408 237 489 374
person 0.045186132192611694 184 242 317 370
person 0.0031976401805877686 322 250 450 375
chair 0.04485040903091431 0 5 262 341
person 0.8484716415405273 40 0 246 336
chair 0.020845085382461548 413 23 499 256
bottle 0.002725452184677124 0 250 23 303
bottle 0.0013250410556793213 423 325 475 374
bottle 0.0010733604431152344 39 261 106 335
bicycle 0.005729943513870239 347 0 496 105
chair 0.0018103718757629395 1 0 145 202
chair 0.0021912753582000732 2 0 234 237
person 0.009670913219451904 338 285 450 374
chair 0.0010945498943328857 346 0 498 135
chair 0.0011248290538787842 389 0 499 210
bottle 0.005532950162887573 360 264 487 374
chair 0.008380681276321411 428 1 499 296
bicycle 0.007402688264846802 344 0 437 105
bottle 0.001674354076385498 490 287 499 371
bottle 0.003780364990234375 0 231 26 307
bottle 0.004007279872894287 0 255 29 306
bottle 0.001178741455078125 277 142 375 195
chair 0.0015977323055267334 344 0 437 106
person 0.0016419589519500732 432 0 499 123
bottle 0.010571062564849854 400 267 486 374
person 0.0012742578983306885 472 0 499 127
bottle 0.0011513829231262207 478 233 499 373
bottle 0.002790004014968872 0 201 26 306
