person 0.9360548257827759 35 72 147 214
person 0.935112714767456 364 67 447 216
person 0.001225501298904419 0 70 253 253
person 0.013223767280578613 12 72 406 255
chair 0.0014608204364776611 0 68 348 254
person 0.9114924669265747 130 62 231 204
person 0.9331886172294617 303 70 381 215
person 0.005752265453338623 102 66 321 216
person 0.9427154064178467 198 71 315 210
person 0.005911082029342651 0 65 25 203
person 0.002115577459335327 164 112 223 200
person 0.0018103718757629395 0 67 37 252
sofa 0.8397353291511536 0 27 447 251
person 0.006003767251968384 0 51 10 185
person 0.007373988628387451 0 53 15 181
person 0.007460415363311768 430 73 447 214
person 0.0024824440479278564 433 120 447 216
person 0.0011074244976043701 183 116 212 140
person 0.007877200841903687 0 55 10 252
person 0.0010945498943328857 439 86 447 226
person 0.001432657241821289 0 95 8 209
person 0.9273604154586792 0 68 72 195
person 0.0021321773529052734 0 125 7 263
person 0.0013044774532318115 0 128 12 259
person 0.012099772691726685 134 115 230 193
