diningtable 0.004468142986297607 394 210 499 329
chair 0.2635984718799591 351 162 498 238
sofa 0.019642621278762817 351 162 499 251
sofa 0.0028118789196014404 0 154 19 326
sofa 0.0012018680572509766 246 157 367 256
tvmonitor 0.0018245279788970947 137 134 170 165
tvmonitor 0.0013096034526824951 152 130 208 167
tvmonitor 0.014336913824081421 0 153 6 231
pottedplant 0.001335442066192627 479 152 500 292
chair 0.0013778507709503174 488 149 500 293
pottedplant 0.0017410516738891602 0 159 28 329
chair 0.007402688264846802 483 145 499 290
pottedplant 0.0027148425579071045 120 161 167 224
pottedplant 0.0012018680572509766 132 159 167 211
pottedplant 0.003524214029312134 21 208 56 273
chair 0.0022696256637573242 0 142 23 290
pottedplant 0.0026727914810180664 124 196 158 244
pottedplant 0.003635883331298828 178 205 198 236
pottedplant 0.0010650157928466797 27 128 53 172
chair 0.0020666420459747314 455 163 499 286
chair 0.018334269523620605 0 157 11 330
pottedplant 0.0023506581783294678 10 188 56 275
chair 0.001964658498764038 0 150 18 283
pottedplant 0.001524806022644043 67 204 98 246
pottedplant 0.0017007291316986084 70 201 101 241
pottedplant 0.002140522003173828 123 166 154 244
sofa 0.8092765808105469 254 157 367 216
pottedplant 0.001040339469909668 184 205 202 232
person 0.002958148717880249 484 165 499 286
pottedplant 0.003324180841445923 19 229 54 276
chair 0.002453356981277466 465 205 499 288
chair 0.007011294364929199 482 190 499 290
chair 0.006538987159729004 488 187 500 290
chair 0.0018604099750518799 0 227 12 332
pottedplant 0.002912372350692749 210 195 235 225
chair 0.0033763349056243896 405 161 497 284
pottedplant 0.0018459856510162354 0 156 56 277
pottedplant 0.5486736297607422 145 205 178 251
tvmonitor 0.029872894287109375 172 155 210 201
pottedplant 0.004573792219161987 210 183 248 226
cat 0.0018245279788970947 0 156 14 263
pottedplant 0.0016355812549591064 70 183 107 244
pottedplant 0.0025115013122558594 72 168 118 244
tvmonitor 0.6261249780654907 152 130 210 199
cat 0.0017007291316986084 0 157 12 243
pottedplant 0.7773003578186035 75 164 151 250
pottedplant 0.003235042095184326 87 163 163 223
