car 0.9353494644165039 96 161 499 374
car 0.6654106378555298 1 128 314 334
car 0.001178741455078125 0 135 73 219
car 0.001367121934890747 0 140 93 196
car 0.0010241866111755371 0 133 67 186
car 0.007402688264846802 1 133 102 173
car 0.0012447535991668701 0 149 101 215
car 0.0015668869018554688 0 208 19 337
car 0.00952214002609253 1 121 96 166
car 0.0017275214195251465 102 128 308 211
car 0.006797581911087036 179 125 311 206
car 0.0060506463050842285 0 209 11 303
car 0.008252084255218506 7 130 64 157
person 0.7799931764602661 202 120 281 230
person 0.0010004639625549316 0 187 11 283
