cow 0.0011879205703735352 0 29 18 47
boat 0.008644551038742065 370 0 408 8
boat 0.002590775489807129 375 0 427 7
boat 0.0025508105754852295 265 139 317 189
person 0.6671474575996399 272 120 292 178
boat 0.0024724602699279785 29 -77 453 -4
boat 0.004681944847106934 47 -97 477 -2
boat 0.003884732723236084 167 143 318 189
boat 0.0020267367362976074 319 0 357 18
boat 0.005619615316390991 356 0 410 14
boat 0.006771385669708252 372 0 408 14
boat 0.0029812753200531006 373 0 427 14
person 0.001146942377090454 273 120 292 153
boat 0.0010526180267333984 258 0 373 22
boat 0.0011248290538787842 281 0 362 20
boat 0.0011971890926361084 423 0 495 39
boat 0.8459442853927612 150 9 250 47
boat 0.15002882480621338 460 16 490 39
boat 0.0017547309398651123 449 11 499 37
car 0.008611321449279785 0 7 17 47
dog 0.005468875169754028 271 160 291 190
bird 0.0023324191570281982 271 161 291 190
boat 0.0011971890926361084 122 -48 241 -9
boat 0.01542365550994873 422 24 463 35
boat 0.001388639211654663 487 17 499 34
boat 0.010289043188095093 0 19 18 46
car 0.007093280553817749 0 20 18 46
person 0.0025409162044525146 0 6 18 47
pottedplant 0.0022084414958953857 0 8 18 46
boat 0.4416731297969818 423 15 492 39
boat 0.0026520490646362305 272 146 292 190
boat 0.0011648833751678467 490 13 499 31
