person 0.0021073520183563232 0 166 72 373
person 0.8238945007324219 276 0 499 377
sofa 0.2114170789718628 0 6 295 373
dog 0.0035518109798431396 16 42 400 373
dog 0.9263019561767578 204 139 391 374
dog 0.0016613304615020752 195 117 492 374
person 0.005797207355499268 359 54 499 374
chair 0.037469178438186646 1 72 415 374
pottedplant 0.0013778507709503174 14 0 70 15
sheep 0.0035935938358306885 166 67 283 243
sheep 0.0010162293910980225 158 60 364 239
sheep 0.008380681276321411 169 68 252 171
chair 0.004774004220962524 311 0 468 92
person 0.0011971890926361084 493 20 499 60
chair 0.005597800016403198 0 174 74 375
person 0.001335442066192627 419 52 499 319
person 0.0015071630477905273 457 40 499 323
person 0.0010444223880767822 0 176 18 373
sofa 0.6859501600265503 0 48 500 373
chair 0.044683367013931274 189 3 499 382
chair 0.03993484377861023 424 11 469 83
person 0.003185272216796875 472 5 499 88
person 0.002115577459335327 493 11 499 81
chair 0.4148988127708435 2 12 305 373
tvmonitor 0.02245756983757019 471 1 499 88
chair 0.003678649663925171 414 10 500 376
pottedplant 0.0013406574726104736 2 0 75 25
chair 0.031736671924591064 0 12 109 372
person 0.5660187602043152 22 0 244 374
pottedplant 0.0012065470218658447 0 0 66 42
chair 0.0015853047370910645 250 1 475 175
person 0.001388639211654663 70 187 229 270
dog 0.02280205488204956 206 137 395 294
chair 0.020646393299102783 360 2 469 83
chair 0.001495271921157837 415 2 500 139
chair 0.002969682216644287 383 4 498 140
tvmonitor 0.0014837086200714111 437 3 499 156
chair 0.0022170841693878174 9 10 110 202
chair 0.003795117139816284 8 10 170 199
person 0.0014215409755706787 490 4 499 91
dog 0.00185316801071167 203 138 315 255
person 0.0012207329273223877 469 54 499 333
