boat 0.0010444223880767822 4 110 408 374
person 0.005729943513870239 403 62 500 375
person 0.011507302522659302 439 58 499 374
person 0.9043107628822327 138 2 267 373
person 0.9089384078979492 378 160 499 373
bottle 0.0014608204364776611 138 111 147 193
person 0.002867281436920166 0 -5 27 228
person 0.001040339469909668 0 86 10 240
chair 0.0020991265773773193 0 55 51 191
person 0.01994621753692627 0 44 38 235
person 0.0026832520961761475 473 121 499 371
bottle 0.029985934495925903 381 210 442 254
person 0.008284062147140503 0 0 64 233
person 0.21800264716148376 0 9 42 368
pottedplant 0.001040339469909668 0 240 11 369
chair 0.0018822550773620605 336 205 444 338
person 0.08914017677307129 0 4 78 369
bus 0.014118820428848267 0 0 142 372
boat 0.004982620477676392 0 3 144 374
person 0.003884732723236084 0 160 11 373
tvmonitor 0.002074718475341797 316 0 499 126
cat 0.001432657241821289 349 163 374 185
person 0.01854574680328369 0 0 110 231
person 0.16026467084884644 0 1 114 371
person 0.0037074387073516846 61 0 108 84
person 0.001489490270614624 62 0 187 84
person 0.0012842416763305664 0 282 6 375
bird 0.005752265453338623 0 94 38 196
bird 0.0025115013122558594 0 72 11 192
person 0.0028339028358459473 56 0 111 142
person 0.004007279872894287 53 38 112 144
person 0.0010362863540649414 52 5 149 148
person 0.001831650733947754 0 232 11 384
chair 0.006193429231643677 239 100 409 225
person 0.0524231493473053 0 0 72 110
person 0.1343218982219696 0 0 109 109
