sofa 0.0023875534534454346 54 175 268 324
chair 0.07977861166000366 254 139 426 331
chair 0.6671474575996399 410 92 499 363
chair 0.5813032388687134 252 139 494 366
chair 0.0030398666858673096 47 263 174 373
chair 0.004573792219161987 48 264 228 373
chair 0.3802986145019531 48 175 319 372
tvmonitor 0.013585120439529419 0 2 33 153
chair 0.001466512680053711 482 133 499 255
tvmonitor 0.0016419589519500732 0 32 27 184
chair 0.002631455659866333 436 90 499 198
chair 0.0025508105754852295 437 51 499 215
tvmonitor 0.0025409162044525146 21 93 83 151
tvmonitor 0.0017207860946655273 0 0 52 151
person 0.002011030912399292 0 84 25 269
bottle 0.001466512680053711 198 272 215 309
chair 0.003324180841445923 445 136 499 372
tvmonitor 0.028009146451950073 0 0 20 152
chair 0.0030045807361602783 475 122 499 315
chair 0.0013724565505981445 458 172 499 290
chair 0.0015366971492767334 471 167 499 296
chair 0.0011879205703735352 482 165 499 298
chair 0.0022344589233398438 468 125 499 349
bottle 0.0010817945003509521 331 253 380 282
chair 0.029648125171661377 438 86 499 302
tvmonitor 0.027274370193481445 0 34 17 140
chair 0.004054129123687744 467 83 499 316
chair 0.1131901741027832 281 138 427 247
