car 0.9420797824859619 173 156 421 249
bus 0.003324180841445923 118 86 229 137
pottedplant 0.008711427450180054 167 130 181 139
aeroplane 0.10631856322288513 458 89 499 118
aeroplane 0.0013564825057983398 472 20 499 91
aeroplane 0.008576959371566772 478 12 499 95
aeroplane 0.0016874969005584717 473 65 499 120
train 0.019343703985214233 116 85 229 136
person 0.0067453086376190186 211 101 229 133
aeroplane 0.025564581155776978 456 71 500 119
car 0.004944056272506714 295 110 315 128
person 0.04849517345428467 260 155 297 188
aeroplane 0.07159435749053955 458 104 498 116
aeroplane 0.011596441268920898 462 46 499 135
person 0.005511492490768433 228 142 236 157
aeroplane 0.07290294766426086 479 41 499 88
car 0.5039061903953552 294 109 344 131
car 0.0907389223575592 317 113 344 131
person 0.7745829820632935 206 101 229 156
aeroplane 0.5331546068191528 480 64 499 86
