diningtable 0.0016102492809295654 -1 226 495 330
diningtable 0.021493196487426758 179 258 499 331
diningtable 0.015663117170333862 225 239 499 331
person 0.950229287147522 240 75 490 326
person 0.001455157995223999 449 58 499 288
person 0.0015487074851989746 468 97 499 325
diningtable 0.0013724565505981445 0 276 497 332
diningtable 0.03371736407279968 218 293 500 332
diningtable 0.0017410516738891602 5 340 501 424
person 0.9586938619613647 0 54 274 332
person 0.006666600704193115 362 132 389 161
person 0.004331141710281372 424 152 453 193
person 0.0012018680572509766 495 120 500 228
chair 0.0016483962535858154 495 142 500 224
diningtable 0.008778899908065796 464 169 499 222
chair 0.0011424720287322998 495 165 499 220
chair 0.0046637654304504395 449 212 497 319
chair 0.0018822550773620605 488 222 500 328
bottle 0.0116862952709198 0 168 5 273
chair 0.003524214029312134 477 238 500 334
chair 0.16721951961517334 469 214 499 315
chair 0.003976315259933472 404 188 491 312
diningtable 0.0075772106647491455 197 166 305 223
person 0.0028118789196014404 0 174 5 324
chair 0.0025310516357421875 438 165 499 226
bottle 0.002790004014968872 232 119 250 159
bottle 0.008252084255218506 232 118 260 160
person 0.0012792348861694336 474 196 499 330
bottle 0.005663484334945679 254 127 264 170
person 0.0018822550773620605 0 108 9 325
person 0.0708191990852356 407 142 434 176
person 0.04193025827407837 432 143 455 174
chair 0.04193025827407837 428 188 467 228
diningtable 0.0014215409755706787 458 167 499 270
bottle 0.009898394346237183 151 2 184 67
chair 0.0016228556632995605 427 188 487 270
chair 0.005426615476608276 471 150 499 321
person 0.035680413246154785 422 142 457 192
bottle 0.006615281105041504 255 117 266 171
bottle 0.005468875169754028 258 117 274 172
bottle 0.0025807321071624756 273 132 288 172
person 0.0028339028358459473 417 141 485 190
diningtable 0.0019117295742034912 202 160 416 226
person 0.001560807228088379 461 155 499 227
chair 0.002415567636489868 0 148 16 267
diningtable 0.0011424720287322998 312 262 499 331
diningtable 0.003235042095184326 377 214 500 331
diningtable 0.002003192901611328 475 206 499 331
chair 0.010209739208221436 462 169 498 224
diningtable 0.0010733604431152344 200 155 399 203
person 0.6169357895851135 435 132 499 191
