tvmonitor 0.1212683916091919 440 158 499 372
cat 0.9431356191635132 163 50 332 350
dog 0.005002021789550781 0 113 127 277
tvmonitor 0.0977327823638916 455 150 499 216
dog 0.30239152908325195 0 129 127 210
tvmonitor 0.0024628937244415283 447 2 499 166
tvmonitor 0.00284498929977417 480 3 499 167
dog 0.002790004014968872 0 60 41 151
dog 0.0015668869018554688 0 63 105 139
dog 0.013689994812011719 36 94 102 136
dog 0.0028228759765625 0 89 105 173
tvmonitor 0.0020666420459747314 472 240 499 323
dog 0.003160238265991211 32 93 130 195
bottle 0.0012112557888031006 493 262 499 369
tvmonitor 0.0017615854740142822 490 225 500 328
dog 0.013480961322784424 36 94 126 143
dog 0.006823897361755371 36 94 131 165
tvmonitor 0.01422739028930664 455 102 499 217
tvmonitor 0.0010902583599090576 460 19 499 235
dog 0.004166156053543091 0 119 72 211
cat 0.24798792600631714 0 128 128 210
person 0.0033632218837738037 253 -85 500 0
person 0.0025508105754852295 308 -77 506 0
tvmonitor 0.015723586082458496 463 157 499 398
tvmonitor 0.0048677921295166016 470 155 499 370
person 0.005219787359237671 344 0 499 259
horse 0.002560734748840332 0 3 129 210
person 0.001904308795928955 0 2 129 210
chair 0.0012065470218658447 266 255 405 374
tvmonitor 0.002323359251022339 480 204 499 373
tvmonitor 0.06347915530204773 447 140 499 331
dog 0.003976315259933472 0 112 17 214
person 0.1980639398097992 331 1 499 360
person 0.02753472328186035 447 3 499 356
dog 0.008511096239089966 0 77 45 302
dog 0.07531079649925232 0 100 40 207
bottle 0.002560734748840332 493 257 499 341
dog 0.001432657241821289 0 15 38 148
person 0.017577439546585083 345 0 489 121
person 0.02386951446533203 447 0 499 154
bottle 0.0022963285446166992 492 251 499 325
cat 0.0026520490646362305 0 103 34 198
dog 0.005426615476608276 0 105 35 260
pottedplant 0.0012943148612976074 279 301 403 374
tvmonitor 0.02585861086845398 450 150 499 255
person 0.003222525119781494 448 129 499 325
