chair 0.0034027397632598877 408 72 499 279
person 0.9365208148956299 94 0 498 280
person 0.6884690523147583 459 41 499 278
chair 0.0013406574726104736 0 78 187 279
tvmonitor 0.031141668558120728 118 0 260 112
chair 0.00106087327003479 422 61 498 154
tvmonitor 0.2546006739139557 82 0 492 154
tvmonitor 0.3442223072052002 83 0 262 153
chair 0.0022170841693878174 131 20 500 278
chair 0.5418936014175415 0 60 94 278
tvmonitor 0.002453356981277466 83 1 262 235
person 0.005384683609008789 488 31 499 134
chair 0.008188486099243164 459 88 499 278
person 0.0016102492809295654 478 102 500 264
chair 0.010249316692352295 421 102 490 152
bottle 0.0011248290538787842 490 47 500 131
person 0.0026110410690307617 487 58 500 220
chair 0.001120448112487793 418 99 498 208
tvmonitor 0.020332276821136475 88 119 211 237
person 0.008413106203079224 460 88 500 240
person 0.0018388032913208008 486 84 500 242
