car 0.007518589496612549 0 204 21 224
car 0.007065832614898682 0 193 39 231
car 0.03462067246437073 22 193 65 242
pottedplant 0.02655753493309021 81 231 98 251
pottedplant 0.007345408201217651 196 224 213 253
pottedplant 0.012099772691726685 197 235 221 254
pottedplant 0.018056362867355347 198 214 211 242
car 0.9429258704185486 334 196 416 267
car 0.8864172101020813 0 205 58 303
car 0.006797581911087036 0 206 22 236
pottedplant 0.06030997633934021 81 224 98 252
pottedplant 0.0048677921295166016 205 236 221 253
car 0.5964333415031433 0 192 65 249
car 0.007232218980789185 0 204 28 249
car 0.004982620477676392 0 205 36 239
car 0.001477956771850586 0 208 44 244
