chair 0.0034027397632598877 478 159 499 373
person 0.0010162293910980225 0 61 36 365
person 0.9483484625816345 64 41 257 373
person 0.9523952007293701 246 42 497 373
person 0.0010902583599090576 0 52 79 371
sofa 0.0013617873191833496 0 42 496 373
chair 0.01444736123085022 484 225 499 373
bottle 0.0015010833740234375 487 199 499 363
chair 0.0021827220916748047 448 223 499 373
chair 0.024608224630355835 487 225 499 328
bottle 0.04485040903091431 483 286 499 374
bottle 0.006823897361755371 403 131 427 163
bottle 0.0010241866111755371 204 42 228 109
bottle 0.003824770450592041 208 43 228 97
bottle 0.021534323692321777 482 215 499 373
