sofa 0.006589770317077637 0 209 215 373
person 0.8683817386627197 184 99 283 297
person 0.08479490876197815 0 104 92 354
person 0.020725667476654053 0 114 148 362
person 0.004247784614562988 0 170 204 370
chair 0.0010902583599090576 186 192 326 322
person 0.8795605897903442 232 194 329 325
sofa 0.005080223083496094 0 195 97 371
chair 0.001020193099975586 0 205 214 374
chair 0.5698527097702026 55 113 207 328
sofa 0.11961567401885986 322 132 499 257
chair 0.014062851667404175 481 128 499 196
chair 0.007969379425048828 494 135 500 193
bottle 0.0014837086200714111 230 260 249 303
bottle 0.03622123599052429 238 260 257 295
bottle 0.0021827220916748047 442 283 475 346
bottle 0.002693742513656616 246 293 261 337
person 0.002901047468185425 0 175 55 370
pottedplant 0.002003192901611328 443 307 478 343
pottedplant 0.001455157995223999 441 306 496 342
pottedplant 0.4455294609069824 288 154 322 233
chair 0.001972287893295288 435 121 499 272
bottle 0.0015130341053009033 216 137 253 197
person 0.0050605833530426025 134 101 281 295
bottle 0.057920247316360474 241 272 260 337
chair 0.002003192901611328 107 132 150 197
chair 0.0018676519393920898 127 136 152 199
chair 0.0016102492809295654 151 112 268 224
chair 0.5592899322509766 314 116 442 252
bottle 0.017443329095840454 241 276 255 313
person 0.0014608204364776611 0 188 34 321
bottle 0.087566077709198 0 201 97 320
tvmonitor 0.001524806022644043 431 137 448 155
tvmonitor 0.002969682216644287 484 136 499 189
tvmonitor 0.0017275214195251465 432 137 458 155
tvmonitor 0.010652929544448853 431 136 474 156
tvmonitor 0.006027162075042725 480 135 499 154
tvmonitor 0.004681944847106934 482 131 499 156
chair 0.00394555926322937 152 118 205 191
chair 0.004133999347686768 486 134 499 202
bottle 0.008380681276321411 238 260 255 275
tvmonitor 0.0012943148612976074 0 101 17 117
bottle 0.020410388708114624 231 278 243 313
bottle 0.009936809539794922 240 275 258 324
chair 0.0030874907970428467 61 116 207 239
chair 0.0013832449913024902 119 114 209 267
chair 0.001367121934890747 123 109 273 288
chair 0.0026110410690307617 451 133 499 255
chair 0.0018388032913208008 0 75 86 321
chair 0.007636308670043945 467 128 499 244
person 0.003765672445297241 187 101 283 236
