horse 0.030965417623519897 331 219 499 373
person 0.021370261907577515 450 113 499 372
boat 0.001069188117980957 0 107 331 356
horse 0.08977669477462769 1 64 430 357
person 0.5496408343315125 468 77 499 360
boat 0.003272920846939087 0 99 441 268
train 0.008984774351119995 0 91 427 297
person 0.6592963337898254 191 73 297 342
boat 0.0012742578983306885 0 90 95 288
boat 0.002867281436920166 0 117 121 284
boat 0.004944056272506714 0 122 245 282
boat 0.004133999347686768 0 117 343 282
horse 0.004830062389373779 136 260 499 373
horse 0.12336331605911255 330 267 500 373
cow 0.1666761040687561 331 267 499 373
person 0.008915573358535767 438 74 499 373
horse 0.9066517353057861 4 157 418 373
person 0.027587056159973145 358 76 499 373
person 0.0010733604431152344 485 202 499 350
person 0.0017547309398651123 437 216 499 284
person 0.003991752862930298 461 131 499 300
person 0.07450070977210999 198 73 295 247
person 0.0026110410690307617 486 180 500 277
horse 0.00208282470703125 443 191 499 371
person 0.0017073750495910645 437 235 499 291
person 0.0022257566452026367 472 181 499 276
car 0.003809899091720581 0 97 439 270
person 0.002406179904937744 431 229 499 367
person 0.001714080572128296 437 153 499 285
boat 0.0012399256229400635 0 144 41 283
boat 0.012431591749191284 0 160 152 264
boat 0.0020991265773773193 0 193 253 265
person 0.0012350976467132568 438 246 498 282
person 0.005021452903747559 484 107 500 258
person 0.001069188117980957 444 81 499 252
person 0.4416731297969818 468 80 499 271
