boat 0.9089384078979492 128 146 397 214
boat 0.004700213670730591 476 114 499 236
boat 0.0017547309398651123 55 177 76 190
boat 0.011201143264770508 101 174 133 186
boat 0.002359837293624878 370 124 398 140
boat 0.22135034203529358 474 176 500 189
boat 0.001455157995223999 55 179 87 192
boat 0.027587056159973145 0 135 11 194
boat 0.0011558830738067627 0 116 17 195
boat 0.0022607743740081787 68 169 133 185
boat 0.0010775625705718994 162 149 250 195
boat 0.0013044774532318115 474 172 499 210
boat 0.0013995170593261719 2 166 28 189
boat 0.01342916488647461 13 157 42 188
boat 0.0012350976467132568 22 161 54 188
boat 0.0011971890926361084 102 165 134 186
boat 0.0020505785942077637 168 148 233 179
boat 0.0016355812549591064 136 174 379 214
boat 0.0012842416763305664 4 171 27 189
boat 0.003123670816421509 13 171 33 186
boat 0.0021657347679138184 13 169 39 187
boat 0.004811316728591919 19 168 43 187
boat 0.001020193099975586 42 171 70 185
boat 0.001367121934890747 60 167 127 187
boat 0.055620014667510986 474 109 499 189
boat 0.062328606843948364 474 147 499 189
boat 0.23722487688064575 0 165 11 192
boat 0.692642092704773 54 171 100 192
boat 0.004231303930282593 53 171 133 187
boat 0.0030045807361602783 0 159 11 209
boat 0.00208282470703125 489 110 500 192
boat 0.003678649663925171 0 152 15 195
