tvmonitor 0.0010988116264343262 301 19 499 330
chair 0.0010733604431152344 302 20 499 330
bird 0.10706377029418945 166 110 350 322
bird 0.09041720628738403 216 118 351 309
bird 0.007232218980789185 67 73 500 328
bird 0.08850756287574768 0 15 106 310
bird 0.008188486099243164 0 15 170 310
bird 0.474631130695343 153 95 312 315
bird 0.0022696256637573242 285 26 499 330
dog 0.007518589496612549 0 28 36 195
bird 0.0673007071018219 0 35 52 187
cat 0.015845149755477905 0 46 14 252
cat 0.018264353275299072 0 45 51 213
dog 0.024235934019088745 0 45 17 198
chair 0.0019419193267822266 71 106 167 187
chair 0.0013459324836730957 70 104 203 192
bird 0.004231303930282593 68 38 206 210
bird 0.012146621942520142 0 72 14 189
bird 0.0022257566452026367 243 102 309 177
bird 0.019793838262557983 248 121 351 265
person 0.038609206676483154 0 4 54 185
bird 0.002631455659866333 0 104 49 289
bird 0.04008492827415466 0 144 111 291
person 0.0012544989585876465 0 125 39 321
chair 0.003160238265991211 0 162 108 299
chair 0.0016228556632995605 1 0 141 144
dog 0.10706377029418945 0 14 54 223
person 0.0030162930488586426 0 11 101 245
bird 0.0019191503524780273 74 39 406 232
bird 0.08299189805984497 0 18 67 304
person 0.009670913219451904 0 38 15 270
pottedplant 0.0011336207389831543 0 118 13 263
cat 0.0010733604431152344 0 45 23 195
bird 0.0016613304615020752 0 104 30 318
bird 0.0028228759765625 0 123 41 317
bird 0.0010241866111755371 0 99 19 234
cat 0.002867281436920166 0 54 13 192
bird 0.0011513829231262207 70 0 197 131
person 0.009936809539794922 0 28 49 302
bird 0.0018822550773620605 68 90 288 252
bird 0.008677929639816284 275 121 350 229
bird 0.024702221155166626 19 146 109 260
person 0.018759876489639282 0 40 21 299
bird 0.004591643810272217 37 163 89 235
chair 0.0038546323776245117 68 97 202 247
bird 0.002958148717880249 69 73 244 234
bird 0.0011074244976043701 364 72 447 187
