person 0.009267330169677734 462 210 499 325
person 0.0026727914810180664 274 199 355 350
person 0.04569396376609802 480 115 500 333
person 0.002969682216644287 2 181 34 211
pottedplant 0.004133999347686768 198 133 224 201
cat 0.0010945498943328857 269 277 292 308
cat 0.001972287893295288 268 242 299 337
person 0.0012112557888031006 115 173 136 210
chair 0.001178741455078125 281 221 319 342
person 0.0011879205703735352 288 213 318 283
dog 0.020885050296783447 486 217 499 332
cat 0.012821823358535767 269 285 291 302
cat 0.007547855377197266 269 284 291 312
cat 0.0010945498943328857 268 253 318 342
dog 0.007460415363311768 269 284 292 305
dog 0.010409027338027954 269 284 293 313
dog 0.0015853047370910645 268 273 317 340
person 0.8661319017410278 358 206 427 329
person 0.03222090005874634 279 286 360 349
person 0.010530352592468262 487 215 499 274
pottedplant 0.0028339028358459473 257 299 281 318
bus 0.0010567307472229004 1 5 495 357
bottle 0.004416227340698242 115 172 138 212
dog 0.0050605833530426025 272 264 329 328
person 0.0538000762462616 274 212 335 350
sheep 0.012146621942520142 480 254 499 324
bottle 0.006388753652572632 372 253 390 289
dog 0.5640987157821655 286 289 360 349
sheep 0.8044062852859497 424 273 497 324
person 0.7620676159858704 278 198 318 350
pottedplant 0.010249316692352295 115 173 137 211
person 0.5525398850440979 482 210 499 324
dog 0.0011074244976043701 300 290 355 342
person 0.004102110862731934 494 209 500 263
bottle 0.0013459324836730957 133 174 148 211
bottle 0.0010567307472229004 170 164 179 210
dog 0.004503071308135986 269 284 301 316
bottle 0.0018822550773620605 279 242 295 284
bottle 0.0011160969734191895 279 243 316 284
person 0.0018969178199768066 494 182 500 269
bus 0.004264324903488159 0 105 38 309
