person 0.0013302266597747803 0 69 74 377
diningtable 0.7956579923629761 -2 40 500 375
bottle 0.4960938096046448 402 46 456 174
bottle 0.6334109306335449 444 59 499 191
bottle 0.008380681276321411 485 7 499 75
chair 0.0030516982078552246 128 0 380 131
chair 0.006364047527313232 0 256 72 379
chair 0.010449320077896118 0 186 72 380
bottle 0.6076631546020508 469 0 499 69
bottle 0.002415567636489868 404 3 478 169
bottle 0.061874181032180786 435 0 499 184
bottle 0.003416001796722412 485 96 500 199
bottle 0.16451644897460938 470 -1 499 192
bottle 0.0037074387073516846 483 10 499 118
bottle 0.049402832984924316 432 1 480 75
chair 0.03449025750160217 137 4 293 130
chair 0.0022344589233398438 207 5 313 108
chair 0.0019117295742034912 206 1 390 107
chair 0.0860166847705841 294 0 382 78
