diningtable 0.6160122752189636 1 244 496 374
person 0.7975567579269409 306 52 499 364
chair 0.0011741816997528076 295 153 500 361
diningtable 0.003736436367034912 220 286 498 373
person 0.00564149022102356 27 50 496 368
person 0.001367121934890747 6 49 263 292
person 0.04603534936904907 109 42 330 278
chair 0.0021657347679138184 403 156 500 365
person 0.010328888893127441 220 157 340 287
chair 0.001178741455078125 0 109 12 189
chair 0.003565669059753418 0 63 35 189
person 0.0011558830738067627 291 52 434 267
person 0.0031724870204925537 265 52 413 283
chair 0.022033512592315674 0 66 22 190
chair 0.01798534393310547 0 72 22 249
chair 0.002323359251022339 0 162 26 341
person 0.0010485053062438965 471 144 499 369
bottle 0.4130036234855652 0 219 13 337
bottle 0.9039729833602905 231 192 277 349
person 0.9513247013092041 0 57 168 292
person 0.8110787272453308 108 36 259 262
person 0.9056569337844849 238 53 357 283
bottle 0.002359837293624878 41 282 103 373
bottle 0.011115282773971558 59 295 109 373
person 0.0013995170593261719 483 198 499 370
chair 0.002314329147338867 0 127 18 197
chair 0.0031976401805877686 0 136 23 193
bottle 0.028115570545196533 70 309 109 373
chair 0.040997445583343506 0 126 12 339
bottle 0.8856285810470581 181 180 223 324
chair 0.0014438629150390625 0 121 7 191
bottle 0.0019117295742034912 181 182 206 272
bottle 0.00790780782699585 459 119 471 147
chair 0.0017007291316986084 0 119 6 242
chair 0.0010817945003509521 0 75 9 193
chair 0.0015010833740234375 0 123 14 239
bottle 0.0038396716117858887 1 319 58 374
bottle 0.004038453102111816 0 279 58 373
bottle 0.014558762311935425 44 279 85 373
bottle 0.002424955368041992 179 180 229 261
