train 0.7826625108718872 0 60 423 288
person 0.00208282470703125 338 107 361 172
train 0.06929132342338562 0 57 109 314
person 0.0020505785942077637 335 105 345 130
person 0.00276830792427063 343 107 356 129
person 0.6460129022598267 348 118 372 172
person 0.018904060125350952 494 189 500 289
person 0.0026520490646362305 491 149 499 287
person 0.006564319133758545 375 137 390 161
person 0.08725422620773315 379 138 390 159
person 0.0012842416763305664 488 109 499 302
person 0.0026623904705047607 344 115 357 153
person 0.0015010833740234375 362 118 372 148
train 0.0016483962535858154 0 104 109 267
person 0.001674354076385498 343 109 359 168
person 0.007938534021377563 344 111 354 130
person 0.007846683263778687 344 114 356 128
person 0.0015010833740234375 347 116 361 149
