chair 0.012723177671432495 368 176 499 373
chair 0.01883181929588318 173 190 490 374
chair 0.13251429796218872 286 189 495 374
person 0.0011648833751678467 365 100 500 373
person 0.0076958537101745605 433 76 499 372
diningtable 0.8955245018005371 -1 156 496 373
tvmonitor 0.0017275214195251465 0 92 22 156
chair 0.0021573007106781006 0 90 23 204
chair 0.00391504168510437 0 90 33 200
chair 0.0010162293910980225 0 91 23 161
chair 0.8449235558509827 133 96 232 181
chair 0.2743517756462097 0 111 82 204
chair 0.34158164262771606 24 110 82 197
chair 0.0018388032913208008 218 127 347 180
chair 0.002406179904937744 284 233 456 374
chair 0.029089927673339844 431 166 499 373
chair 0.0026520490646362305 465 172 499 302
chair 0.0021657347679138184 0 69 51 221
chair 0.0022607743740081787 451 90 499 363
chair 0.001957029104232788 471 81 499 379
tvmonitor 0.031497299671173096 0 50 17 129
chair 0.3157352805137634 0 113 51 215
tvmonitor 0.48828333616256714 0 55 13 99
tvmonitor 0.08850756287574768 0 93 22 127
chair 0.003780364990234375 126 169 230 219
chair 0.005597800016403198 137 166 338 216
chair 0.0168512761592865 0 110 102 252
chair 0.003160238265991211 79 169 241 222
