dog 0.8587157726287842 194 148 457 359
dog 0.1356911063194275 193 241 391 361
dog 0.0011160969734191895 180 31 445 315
dog 0.06754660606384277 285 149 456 353
dog 0.0025115013122558594 362 132 499 319
dog 0.02400621771812439 192 164 386 360
dog 0.00391504168510437 405 137 499 334
dog 0.016658097505569458 443 122 499 325
dog 0.8940523266792297 181 31 347 305
sheep 0.013901978731155396 441 195 499 299
aeroplane 0.004905790090560913 0 210 43 280
train 0.0017342865467071533 0 212 52 261
dog 0.0010988116264343262 378 229 500 333
sheep 0.0015791356563568115 0 266 36 326
dog 0.009054571390151978 345 169 457 354
dog 0.001225501298904419 404 217 500 300
dog 0.016215503215789795 442 215 499 300
sheep 0.0018388032913208008 445 220 499 340
sheep 0.0016483962535858154 447 244 499 291
dog 0.005261063575744629 448 237 499 294
dog 0.003075540065765381 433 228 499 336
dog 0.001560807228088379 192 250 331 361
sheep 0.008252084255218506 441 149 499 298
aeroplane 0.001264333724975586 0 190 52 319
sheep 0.0011879205703735352 448 256 499 294
aeroplane 0.0034561753273010254 0 217 35 258
aeroplane 0.012821823358535767 0 206 49 259
train 0.0015668869018554688 -2 209 173 267
dog 0.05089092254638672 278 148 393 277
dog 0.01196029782295227 276 149 457 277
aeroplane 0.010170340538024902 0 180 51 258
train 0.0015010833740234375 -5 188 175 264
aeroplane 0.0030516982078552246 0 193 40 248
aeroplane 0.0013250410556793213 0 208 30 252
aeroplane 0.008062601089477539 0 215 39 246
aeroplane 0.010776817798614502 0 219 46 243
aeroplane 0.0020666420459747314 0 132 51 259
