sofa 0.15354740619659424 123 141 492 329
person 0.8692725896835327 68 113 218 266
chair 0.0031724870204925537 93 128 218 266
person 0.00933942198753357 318 121 452 303
sofa 0.09334826469421387 229 171 499 326
person 0.8994784951210022 130 122 454 321
sofa 0.006903529167175293 75 198 499 334
sofa 0.003416001796722412 66 237 499 332
sofa 0.0035796165466308594 77 178 233 274
pottedplant 0.0010567307472229004 285 111 321 177
chair 0.0010043680667877197 0 181 24 268
person 0.0012496113777160645 80 179 150 258
diningtable 0.0020505785942077637 293 273 499 331
bottle 0.0028339028358459473 472 305 499 331
chair 0.007518589496612549 428 170 499 318
pottedplant 0.0015977323055267334 40 130 92 185
chair 0.0016355812549591064 125 141 218 257
chair 0.0010162293910980225 314 150 366 224
chair 0.001040339469909668 311 164 398 239
chair 0.0010083019733428955 286 170 418 250
person 0.0034696757793426514 477 110 499 315
sheep 0.003795117139816284 429 169 499 317
tvmonitor 0.0011160969734191895 0 178 81 326
diningtable 0.006850332021713257 0 193 81 265
bottle 0.0015729963779449463 441 306 501 330
chair 0.003960907459259033 96 182 215 270
chair 0.003795117139816284 119 186 233 273
person 0.0010650157928466797 82 181 141 233
sofa 0.010014057159423828 428 172 499 317
pottedplant 0.002115577459335327 313 142 358 184
diningtable 0.004503071308135986 220 166 376 213
chair 0.0013044774532318115 180 159 217 237
person 0.007288604974746704 313 140 365 225
chair 0.003063589334487915 84 210 136 269
dog 0.0021321773529052734 80 182 134 235
dog 0.0022431910037994385 109 182 133 214
pottedplant 0.036769360303878784 315 141 361 224
pottedplant 0.05877736210823059 29 110 98 185
