chair 0.00106087327003479 411 230 499 331
boat 0.029704153537750244 1 138 471 333
chair 0.002693742513656616 0 203 101 332
boat 0.464901328086853 35 89 93 127
boat 0.0010775625705718994 0 57 11 119
boat 0.0017410516738891602 36 71 97 126
boat 0.005619615316390991 273 112 394 157
boat 0.010530352592468262 379 61 439 76
boat 0.5312093496322632 374 64 439 77
boat 0.003075540065765381 0 51 10 99
boat 0.0075772106647491455 38 61 99 105
boat 0.0014438629150390625 385 52 425 60
boat 0.0028897523880004883 386 52 432 63
boat 0.0013995170593261719 45 61 92 77
bottle 0.0024438798427581787 102 240 121 275
boat 0.0018245279788970947 375 67 403 76
boat 0.004944056272506714 374 67 411 77
bottle 0.004609555006027222 1 246 43 286
bottle 0.004944056272506714 10 247 43 282
bottle 0.00321003794670105 20 247 45 281
bottle 0.0011031031608581543 38 247 64 281
boat 0.016786664724349976 5 24 463 310
boat 0.00321003794670105 178 53 212 68
boat 0.016786664724349976 264 84 393 157
chair 0.002958148717880249 474 241 499 331
boat 0.006719321012496948 42 19 398 179
boat 0.004348009824752808 22 12 483 205
chair 0.00208282470703125 474 204 499 332
boat 0.0018103718757629395 456 5 499 67
boat 0.0048677921295166016 179 52 197 67
boat 0.004924893379211426 178 51 235 68
bottle 0.01292121410369873 16 242 64 282
bird 0.0010444223880767822 347 137 385 174
bottle 0.02386951446533203 32 164 47 205
boat 0.016530483961105347 481 5 499 66
boat 0.047423362731933594 0 52 10 83
boat 0.7549138069152832 40 61 102 91
boat 0.004681944847106934 138 48 176 58
person 0.25091254711151123 311 100 326 129
person 0.0021912753582000732 351 116 376 130
bird 0.0015977323055267334 351 116 380 131
person 0.06608361005783081 32 164 47 205
person 0.012772411108016968 286 108 305 137
bird 0.003765672445297241 349 120 393 157
boat 0.005865275859832764 349 123 394 153
bird 0.8808004856109619 336 138 387 197
boat 0.0012399256229400635 455 26 488 66
boat 0.0038396716117858887 493 8 500 66
bird 0.8925619125366211 216 135 264 211
person 0.0025409162044525146 359 116 374 129
bird 0.0014837086200714111 360 116 374 129
boat 0.06656795740127563 329 52 365 84
person 0.08977669477462769 285 108 305 128
pottedplant 0.004573792219161987 90 177 146 204
