car 0.9329444169998169 41 12 425 314
chair 0.008778899908065796 458 0 500 44
person 0.0010083019733428955 57 28 86 78
pottedplant 0.0011879205703735352 457 0 478 27
car 0.002341538667678833 0 42 15 83
car 0.002641737461090088 14 55 40 82
person 0.0011603832244873047 14 1 39 49
person 0.04620686173439026 57 0 89 77
car 0.0014215409755706787 0 18 16 83
car 0.001831650733947754 0 51 40 83
person 0.0013459324836730957 17 3 43 56
car 0.705784797668457 21 8 142 72
motorbike 0.006438493728637695 13 55 40 82
person 0.05360129475593567 0 0 22 81
person 0.010735392570495605 20 0 44 42
car 0.014898449182510376 71 8 141 70
car 0.014173001050949097 72 7 169 71
person 0.035949915647506714 132 1 163 73
car 0.001489490270614624 135 3 232 75
car 0.0016874969005584717 20 27 68 70
car 0.01711207628250122 19 27 92 72
person 0.0012447535991668701 167 0 219 18
person 0.013848692178726196 227 0 248 20
person 0.0031976401805877686 166 0 186 19
person 0.0023782849311828613 186 0 215 17
