person 0.0015366971492767334 409 165 499 373
dog 0.0075772106647491455 450 126 499 372
chair 0.003496825695037842 0 142 279 373
chair 0.001111745834350586 232 185 496 373
person 0.024608224630355835 61 43 440 371
car 0.059427469968795776 0 140 433 372
car 0.0010945498943328857 174 143 492 372
tvmonitor 0.013901978731155396 74 1 486 371
person 0.005099952220916748 29 54 261 348
person 0.028383255004882812 29 13 349 371
person 0.0673007071018219 200 16 338 368
person 0.04995569586753845 138 16 406 370
cat 0.0020346641540527344 0 53 119 370
person 0.0015426874160766602 381 16 499 373
person 0.008380681276321411 450 19 499 373
motorbike 0.05686435103416443 4 170 496 373
cat 0.0015307366847991943 264 13 314 79
person 0.012335866689682007 218 20 278 182
bottle 0.0023875534534454346 245 99 272 137
person 0.0011971890926361084 49 144 115 185
person 0.0012350976467132568 155 41 267 164
person 0.029985934495925903 53 94 96 161
dog 0.00822022557258606 451 213 499 373
person 0.005597800016403198 352 211 484 372
person 0.0017753839492797852 460 135 499 374
cat 0.002090960741043091 447 246 499 373
cat 0.009303301572799683 451 187 499 373
cat 0.003075540065765381 260 17 330 94
person 0.865678071975708 221 15 334 190
person 0.0020666420459747314 79 8 255 210
tvmonitor 0.01013106107711792 27 1 135 212
person 0.8563305139541626 145 52 259 210
chair 0.02315419912338257 27 2 489 369
person 0.0017547309398651123 0 19 131 367
person 0.06030997633934021 219 22 270 129
tvmonitor 0.29583969712257385 28 0 451 211
person 0.0028118789196014404 49 114 114 186
cat 0.0014215409755706787 276 25 331 93
person 0.003678649663925171 450 264 499 373
person 0.0018676519393920898 240 68 335 268
