chair 0.001477956771850586 138 197 470 373
bicycle 0.003678649663925171 223 222 470 374
bicycle 0.006388753652572632 293 230 499 374
person 0.001069188117980957 436 48 499 365
person 0.7697710990905762 98 94 460 372
bicycle 0.01186823844909668 77 226 474 374
bicycle 0.19012126326560974 174 306 476 374
car 0.0012692809104919434 8 67 487 370
motorbike 0.003324180841445923 16 66 493 371
chair 0.001264333724975586 235 204 441 373
car 0.0011380314826965332 316 17 449 155
bicycle 0.0723770260810852 320 302 474 374
bicycle 0.0035935938358306885 189 326 421 374
