chair 0.0012792348861694336 406 176 499 373
chair 0.3442223072052002 444 168 499 373
chair 0.3233802318572998 444 237 499 373
person 0.9312113523483276 186 131 332 279
sofa 0.13846442103385925 168 142 397 366
person 0.007636308670043945 454 78 500 369
person 0.0011248290538787842 0 148 35 349
chair 0.8031741380691528 155 141 397 364
person 0.0021573007106781006 0 55 58 355
person 0.0015130341053009033 0 69 96 356
bottle 0.006241738796234131 269 32 279 57
pottedplant 0.04272308945655823 231 37 259 66
person 0.0011694133281707764 234 132 318 203
person 0.0021657347679138184 218 131 312 225
pottedplant 0.16505426168441772 53 301 99 371
chair 0.004609555006027222 459 191 499 331
chair 0.001012265682220459 461 247 499 381
pottedplant 0.0028228759765625 15 292 95 348
pottedplant 0.0034293532371520996 0 281 4 347
person 0.001335442066192627 458 145 499 335
pottedplant 0.04569396376609802 56 302 98 346
pottedplant 0.542863130569458 0 276 32 345
pottedplant 0.001554727554321289 0 217 5 281
person 0.004399091005325317 269 33 280 57
person 0.004038453102111816 273 32 287 57
person 0.0015130341053009033 29 293 86 342
bottle 0.0060742199420928955 271 31 282 57
bottle 0.006438493728637695 279 31 287 58
bottle 0.006719321012496948 285 29 294 61
bottle 0.0012842416763305664 445 311 499 375
bottle 0.0014837086200714111 0 295 4 349
