boat 0.0011292099952697754 277 100 295 109
person 0.0011424720287322998 211 101 229 127
person 0.005080223083496094 153 106 161 118
person 0.0010650157928466797 208 102 232 132
bicycle 0.0025409162044525146 201 129 245 163
dog 0.0011074244976043701 19 119 45 172
bicycle 0.0017684698104858398 180 142 207 168
bicycle 0.0010567307472229004 180 139 222 170
person 0.0021488964557647705 14 123 35 171
person 0.5078119039535522 27 123 45 171
person 0.7969253063201904 124 208 193 282
dog 0.003751039505004883 14 122 29 149
person 0.8499711751937866 192 103 233 161
person 0.8428651094436646 306 81 326 143
dog 0.011914163827896118 13 124 23 144
bicycle 0.8175766468048096 123 216 196 321
bicycle 0.8705992698669434 180 131 245 173
