person 0.01771247386932373 0 0 7 87
person 0.0023875534534454346 487 10 499 77
car 0.0025115013122558594 487 12 499 72
car 0.0013564825057983398 462 61 499 110
motorbike 0.004331141710281372 223 65 280 225
motorbike 0.005219787359237671 228 74 298 225
motorbike 0.0022344589233398438 203 59 276 228
person 0.0012399256229400635 0 4 20 191
motorbike 0.9289232492446899 91 48 273 288
motorbike 0.7981867790222168 374 57 492 234
motorbike 0.0015729963779449463 0 34 14 96
motorbike 0.018723994493484497 142 48 274 223
motorbike 0.8848353028297424 234 55 402 251
motorbike 0.007402688264846802 257 57 490 246
motorbike 0.651354193687439 461 56 499 225
motorbike 0.08418995141983032 398 50 500 222
person 0.0017753839492797852 0 0 23 93
pottedplant 0.004848897457122803 152 1 222 97
pottedplant 0.003824770450592041 0 163 16 295
person 0.0026110410690307617 483 2 499 141
pottedplant 0.0015977323055267334 488 30 499 120
person 0.006145477294921875 476 1 499 178
person 0.00812530517578125 0 0 13 150
person 0.0020991265773773193 488 59 500 225
person 0.0013778507709503174 488 28 499 130
motorbike 0.002901047468185425 478 113 500 218
bicycle 0.0020666420459747314 479 118 500 218
motorbike 0.00406983494758606 471 70 499 268
pottedplant 0.0018676519393920898 487 27 499 76
person 0.0022607743740081787 485 4 499 113
person 0.023242324590682983 0 0 12 95
