person 0.011072665452957153 81 112 389 373
person 0.0021912753582000732 371 102 499 374
diningtable 0.001466512680053711 0 242 157 373
person 0.005021452903747559 233 107 431 372
person 0.026205837726593018 0 110 78 326
person 0.027430295944213867 0 101 107 325
person 0.8883688449859619 330 69 500 373
diningtable 0.0010004639625549316 0 278 149 373
diningtable 0.08914017677307129 0 294 275 374
person 0.035814911127090454 0 111 54 329
person 0.8973388671875 0 105 222 346
person 0.8921864032745361 214 112 386 373
bottle 0.7534657716751099 323 78 354 174
bottle 0.8221883177757263 365 83 402 173
bottle 0.03308582305908203 318 192 382 367
person 0.012772411108016968 443 101 499 373
bottle 0.8832350969314575 21 222 55 332
bottle 0.001680910587310791 471 0 500 107
person 0.015129566192626953 0 148 39 338
bottle 0.014173001050949097 322 75 356 264
bottle 0.007725805044174194 322 76 398 279
bottle 0.09534668922424316 353 78 405 280
person 0.015784263610839844 485 103 499 310
bottle 0.050141364336013794 333 130 397 292
person 0.0015487074851989746 423 129 499 305
bottle 0.011030197143554688 322 190 382 316
bottle 0.001432657241821289 347 75 378 176
person 0.0010444223880767822 335 19 416 176
bottle 0.0016940832138061523 333 15 368 98
person 0.0011424720287322998 485 117 499 182
bottle 0.14854195713996887 335 171 382 283
bottle 0.5794005393981934 333 15 412 169
person 0.0016613304615020752 0 206 30 318
person 0.028870850801467896 197 4 221 57
bottle 0.0011694133281707764 322 76 343 141
bottle 0.0010567307472229004 358 0 399 48
person 0.02161678671836853 157 0 199 44
chair 0.0012447535991668701 0 86 51 317
person 0.005865275859832764 479 78 499 339
