person 0.022202253341674805 465 63 499 343
person 0.0011031031608581543 420 62 499 366
pottedplant 0.0017275214195251465 478 163 499 236
chair 0.0014104843139648438 435 37 482 103
chair 0.0010004639625549316 476 51 499 125
pottedplant 0.0023875534534454346 307 174 355 233
pottedplant 0.001831650733947754 319 176 358 237
pottedplant 0.0022607743740081787 330 174 363 238
person 0.0075772106647491455 476 70 499 200
pottedplant 0.0016419589519500732 480 169 499 255
person 0.003063589334487915 490 165 500 251
pottedplant 0.006145477294921875 481 71 499 180
pottedplant 0.016215503215789795 478 25 498 59
pottedplant 0.005099952220916748 486 68 500 184
pottedplant 0.003285646438598633 493 24 499 60
pottedplant 0.0010733604431152344 305 132 425 213
pottedplant 0.0013459324836730957 286 207 309 302
bottle 0.0011336207389831543 100 267 121 348
pottedplant 0.016722261905670166 358 85 479 205
bottle 0.0012742578983306885 494 317 500 373
bottle 0.3345893621444702 246 253 268 316
person 0.0016678273677825928 492 248 500 380
bottle 0.0020346641540527344 248 254 278 317
pottedplant 0.0018033087253570557 491 239 500 384
person 0.003298431634902954 486 63 500 190
person 0.024514615535736084 463 69 499 229
person 0.00790780782699585 470 36 499 249
cat 0.018976598978042603 479 71 499 174
pottedplant 0.0022873878479003906 493 22 499 70
bottle 0.0030516982078552246 211 196 255 233
bottle 0.010652929544448853 365 233 376 257
bottle 0.003235042095184326 49 282 88 374
bottle 0.11279869079589844 266 269 279 316
pottedplant 0.01956745982170105 281 110 342 241
bottle 0.020885050296783447 378 231 391 254
bottle 0.001040339469909668 112 281 132 345
cat 0.0016039609909057617 469 109 498 162
pottedplant 0.0538000762462616 331 141 424 239
bottle 0.00438198447227478 144 257 174 334
person 0.010409027338027954 464 109 499 198
pottedplant 0.0046637654304504395 188 310 237 373
bottle 0.010986179113388062 214 254 231 316
pottedplant 0.0010162293910980225 269 214 303 299
chair 0.00959622859954834 425 74 491 175
bottle 0.001972287893295288 0 206 13 373
pottedplant 0.0012065470218658447 282 138 338 213
pottedplant 0.0018245279788970947 288 225 308 307
pottedplant 0.0011160969734191895 494 13 499 61
bottle 0.014784276485443115 0 237 54 374
bottle 0.004102110862731934 287 262 301 311
bottle 0.007489442825317383 287 251 309 311
person 0.003416001796722412 482 107 499 221
pottedplant 0.0030162930488586426 467 243 499 328
bottle 0.14804434776306152 115 261 148 345
bottle 0.0010817945003509521 298 251 318 311
bottle 0.06324738264083862 354 232 372 270
bird 0.004792630672454834 0 0 40 38
bottle 0.026862531900405884 366 234 384 264
person 0.0011160969734191895 478 12 499 143
bottle 0.00822022557258606 375 234 389 258
chair 0.0015071630477905273 438 42 477 80
person 0.0025508105754852295 289 250 312 310
pottedplant 0.0022607743740081787 437 6 494 60
pottedplant 0.010170340538024902 228 310 266 367
bottle 0.0023690462112426758 359 231 372 257
pottedplant 0.0013250410556793213 235 310 273 366
bottle 0.005888134241104126 337 232 355 300
cat 0.021782606840133667 479 71 499 133
bottle 0.019269704818725586 0 272 5 372
person 0.003510504961013794 479 60 499 158
bottle 0.22953715920448303 77 269 106 350
bottle 0.0013778507709503174 0 298 31 373
pottedplant 0.0024438798427581787 307 119 343 160
pottedplant 0.0018822550773620605 465 257 500 319
pottedplant 0.0015010833740234375 473 214 499 316
pottedplant 0.00959622859954834 347 17 378 77
pottedplant 0.0012447535991668701 485 210 499 318
person 0.003075540065765381 468 148 499 196
person 0.0017410516738891602 479 135 499 201
pottedplant 0.003765672445297241 393 158 427 205
pottedplant 0.001012265682220459 478 185 499 353
person 0.001714080572128296 481 163 499 229
bottle 0.002725452184677124 455 197 493 280
pottedplant 0.004133999347686768 384 150 426 206
bottle 0.001335442066192627 0 226 17 373
chair 0.001178741455078125 429 170 469 200
pottedplant 0.007120847702026367 401 256 500 348
person 0.0017478764057159424 477 163 499 197
pottedplant 0.0031115710735321045 304 157 338 211
pottedplant 0.0014608204364776611 132 308 238 374
pottedplant 0.003298431634902954 207 0 254 71
pottedplant 0.00135117769241333 396 0 438 85
bottle 0.062328606843948364 370 235 384 258
bottle 0.008380681276321411 385 231 405 256
bottle 0.004133999347686768 385 230 405 276
pottedplant 0.001178741455078125 226 306 301 366
person 0.0031976401805877686 484 196 499 273
bottle 0.002757549285888672 485 194 499 272
bottle 0.002199828624725342 405 218 418 283
bottle 0.006513714790344238 405 216 427 288
bottle 0.001264333724975586 457 230 482 280
bottle 0.003389507532119751 318 233 345 300
bottle 0.008284062147140503 329 232 345 299
bottle 0.03732478618621826 343 232 355 298
bottle 0.011731505393981934 382 227 405 319
pottedplant 0.0015487074851989746 306 199 336 255
bottle 0.0023968517780303955 211 159 255 294
pottedplant 0.001455157995223999 452 167 497 285
person 0.0016039609909057617 457 143 499 285
bottle 0.24580949544906616 354 233 372 296
bottle 0.5039061903953552 383 231 406 293
bottle 0.0015977323055267334 98 127 149 282
bottle 0.15052726864814758 224 115 276 228
pottedplant 0.005261063575744629 299 132 347 254
pottedplant 0.0030045807361602783 302 141 379 250
pottedplant 0.0011971890926361084 421 171 470 252
person 0.007148534059524536 485 155 499 275
person 0.006771385669708252 489 157 500 270
pottedplant 0.001111745834350586 424 171 470 228
pottedplant 0.001012265682220459 271 134 320 315
