dog 0.0022084414958953857 189 107 386 309
dog 0.0010988116264343262 191 181 386 321
dog 0.6636692881584167 104 68 266 263
dog 0.0708191990852356 141 67 267 184
dog 0.19436731934547424 180 67 267 183
dog 0.007518589496612549 162 79 267 247
dog 0.007402688264846802 138 63 267 236
person 0.0010988116264343262 5 -9 484 173
person 0.0019494593143463135 31 0 266 169
person 0.35667160153388977 0 0 258 241
person 0.12210246920585632 0 1 80 238
person 0.013223767280578613 0 -5 79 343
person 0.0034561753273010254 0 -1 123 338
dog 0.006513714790344238 43 51 391 304
pottedplant 0.0010362863540649414 132 364 183 374
dog 0.003272920846939087 105 102 224 260
cat 0.03321123123168945 105 104 218 261
