aeroplane 0.9082899689674377 -1 41 499 343
person 0.0011031031608581543 294 144 319 162
person 0.00185316801071167 394 260 407 311
person 0.0011879205703735352 442 268 456 309
person 0.0011603832244873047 478 239 499 320
person 0.0021827220916748047 489 237 500 320
person 0.0012302696704864502 492 262 499 312
aeroplane 0.013122200965881348 0 -169 489 185
person 0.003272920846939087 394 259 405 275
person 0.001432657241821289 395 259 412 315
person 0.001524806022644043 474 246 499 313
person 0.4551987051963806 46 249 71 315
person 0.13206565380096436 438 270 455 313
person 0.0028228759765625 82 284 98 314
person 0.4590761959552765 460 260 476 312
bottle 0.010289043188095093 13 52 42 124
