train 0.0023052990436553955 368 60 500 333
train 0.007402688264846802 405 47 500 328
train 0.9390246272087097 212 132 376 204
person 0.0032476186752319336 423 157 433 182
person 0.003524214029312134 429 164 437 183
person 0.0022607743740081787 444 161 453 183
person 0.0022607743740081787 449 162 455 183
person 0.050141364336013794 457 164 468 183
train 0.00831615924835205 386 142 423 177
person 0.006241738796234131 0 147 19 187
person 0.01854574680328369 119 151 130 176
train 0.050141364336013794 0 86 228 259
train 0.015663117170333862 435 47 500 261
car 0.003272920846939087 401 143 422 155
person 0.0016613304615020752 73 148 86 182
person 0.003416001796722412 77 147 96 181
person 0.013172894716262817 82 147 97 181
train 0.002779155969619751 487 83 499 198
train 0.004007279872894287 436 80 499 197
person 0.001388639211654663 129 151 142 173
person 0.0011879205703735352 149 134 160 177
person 0.002424955368041992 121 152 142 174
person 0.011030197143554688 419 152 429 180
train 0.01186823844909668 392 148 423 177
train 0.002406179904937744 377 143 423 181
train 0.0022170841693878174 457 76 499 215
train 0.0028228759765625 478 70 499 249
