pottedplant 0.02400621771812439 145 111 251 236
bottle 0.005729943513870239 3 205 293 357
tvmonitor 0.007260352373123169 5 215 293 357
chair 0.003930270671844482 29 56 155 344
tvmonitor 0.06278634071350098 4 274 292 357
pottedplant 0.005819797515869141 20 39 48 177
pottedplant 0.8799730539321899 91 92 138 147
chair 0.006692379713058472 37 60 111 195
pottedplant 0.0010043680667877197 22 106 42 169
pottedplant 0.0022696256637573242 190 112 230 173
pottedplant 0.002590775489807129 21 75 42 146
pottedplant 0.6388348937034607 142 112 222 195
pottedplant 0.8679343461990356 210 126 273 239
pottedplant 0.0012594163417816162 22 36 40 127
pottedplant 0.0016292035579681396 140 3 283 237
chair 0.24798792600631714 36 61 154 219
pottedplant 0.8705992698669434 151 164 228 244
pottedplant 0.003795117139816284 22 44 44 146
pottedplant 0.007938534021377563 32 16 127 162
chair 0.0031976401805877686 40 62 131 155
chair 0.001111745834350586 32 135 155 217
pottedplant 0.0011558830738067627 239 126 273 239
