bus 0.9260351657867432 1 57 211 298
bus 0.9505971670150757 229 61 492 299
bus 0.28616875410079956 465 72 499 272
bus 0.1175718605518341 0 67 77 239
pottedplant 0.013848692178726196 109 21 175 68
bus 0.0015853047370910645 8 86 101 203
person 0.12085327506065369 361 140 392 186
car 0.03889983892440796 0 180 9 230
car 0.0022785067558288574 1 176 25 237
person 0.002560734748840332 381 142 414 180
bus 0.0016165375709533691 16 117 100 183
person 0.0026008784770965576 325 136 386 186
person 0.0011248290538787842 67 107 91 144
bus 0.19193220138549805 427 74 499 275
person 0.003537982702255249 380 147 404 183
person 0.0012159943580627441 322 109 351 141
pottedplant 0.0673007071018219 0 0 176 116
person 0.00941208004951477 0 33 23 262
person 0.0011336207389831543 381 101 414 142
person 0.001040339469909668 399 100 415 138
pottedplant 0.0021827220916748047 0 3 66 256
person 0.0030995309352874756 305 112 352 150
person 0.005663484334945679 331 119 358 143
person 0.0012842416763305664 380 104 406 141
bus 0.2018132209777832 0 64 25 240
pottedplant 0.006930291652679443 18 0 177 67
bus 0.00118333101272583 229 152 238 229
person 0.003736436367034912 400 153 462 187
person 0.03137829899787903 399 144 425 186
person 0.006097882986068726 0 167 6 203
bus 0.0013147294521331787 218 180 230 197
car 0.001388639211654663 1 155 26 232
person 0.0017342865467071533 305 115 348 174
person 0.001455157995223999 323 119 368 166
person 0.0010988116264343262 373 131 402 179
bus 0.006538987159729004 0 88 15 209
bus 0.0017275214195251465 1 83 24 213
person 0.0022607743740081787 33 143 67 175
person 0.0011380314826965332 151 122 182 170
car 0.0015487074851989746 0 194 7 241
bus 0.005002021789550781 0 168 7 218
bus 0.0013044774532318115 0 166 11 216
person 0.02080520987510681 346 153 376 187
person 0.007093280553817749 351 148 390 187
person 0.003063589334487915 331 121 375 183
bus 0.0010775625705718994 218 168 231 199
bus 0.001335442066192627 229 163 238 217
pottedplant 0.001111745834350586 486 205 499 269
bus 0.005447685718536377 0 66 18 202
pottedplant 0.01524651050567627 0 59 17 134
person 0.004830062389373779 67 110 99 172
person 0.004468142986297607 131 117 176 164
person 0.002790004014968872 139 117 181 162
bus 0.013326108455657959 0 98 12 239
bus 0.005468875169754028 0 95 50 240
car 0.015663117170333862 0 171 11 239
car 0.0017207860946655273 2 129 48 238
car 0.0014050006866455078 3 170 63 239
person 0.0010902583599090576 258 136 270 149
person 0.13117218017578125 323 119 354 163
pottedplant 0.0010988116264343262 96 12 177 66
person 0.0019266009330749512 364 124 391 166
