motorbike 0.1835937798023224 368 171 499 373
person 0.08663347363471985 239 156 422 205
bicycle 0.0011513829231262207 249 284 499 373
person 0.025809377431869507 369 116 499 373
person 0.7738999128341675 111 182 401 276
person 0.0023052990436553955 409 84 499 371
boat 0.0011074244976043701 0 84 11 175
dog 0.0013995170593261719 316 186 375 209
person 0.7745829820632935 308 117 360 167
person 0.04336750507354736 284 116 361 199
person 0.0013459324836730957 302 133 423 201
bird 0.001964658498764038 14 364 75 375
person 0.0673007071018219 235 117 385 207
bird 0.002018868923187256 472 242 499 331
person 0.0012742578983306885 153 119 423 227
bird 0.044351041316986084 296 281 324 317
person 0.0034027397632598877 472 210 499 371
boat 0.001225501298904419 0 109 13 175
dog 0.003884732723236084 356 98 375 116
bird 0.022629231214523315 356 98 375 115
boat 0.0010988116264343262 0 143 33 164
dog 0.001972287893295288 295 155 424 226
dog 0.4016876220703125 233 153 422 204
cow 0.3015681505203247 297 154 423 201
dog 0.40733349323272705 299 154 423 201
