horse 0.044516921043395996 32 242 387 374
person 0.0034561753273010254 33 156 336 374
horse 0.3398268222808838 29 274 443 508
horse 0.0069571733474731445 171 291 442 515
horse 0.006640911102294922 299 342 453 510
horse 0.0052814483642578125 317 364 467 501
horse 0.0018969178199768066 25 307 374 458
person 0.9133665561676025 187 152 314 372
horse 0.8615355491638184 31 276 440 374
boat 0.001466512680053711 366 107 415 160
horse 0.02517762780189514 283 274 430 313
bird 0.0021912753582000732 365 107 412 141
bird 0.0024724602699279785 366 107 413 154
boat 0.0021488964557647705 0 237 9 282
boat 0.10819017887115479 61 234 101 250
horse 0.23440924286842346 275 274 438 361
pottedplant 0.0024438798427581787 478 206 500 222
boat 0.0038396716117858887 349 60 401 78
person 0.003976315259933472 187 149 281 290
boat 0.002199828624725342 479 205 499 223
boat 0.00257071852684021 0 249 9 270
pottedplant 0.002199828624725342 0 246 10 270
