bottle 0.9549820423126221 49 150 152 374
bottle 0.0012692809104919434 6 370 192 525
diningtable 0.01530534029006958 4 240 499 374
chair 0.002140522003173828 0 -5 18 119
pottedplant 0.0024438798427581787 173 13 233 82
bottle 0.0023052990436553955 460 5 482 76
pottedplant 0.0018245279788970947 165 0 193 31
bottle 0.004485577344894409 146 323 167 374
bottle 0.02169954776763916 39 144 91 316
bottle 0.012576550245285034 39 147 125 315
bottle 0.8879808187484741 158 199 216 373
pottedplant 0.0017275214195251465 473 0 499 25
bottle 0.0026623904705047607 0 31 16 110
bottle 0.006388753652572632 40 147 164 310
person 0.025907933712005615 1 32 497 369
bottle 0.005099952220916748 0 0 12 109
chair 0.005911082029342651 0 0 104 113
pottedplant 0.004905790090560913 163 0 237 87
bottle 0.0018033087253570557 0 0 13 51
pottedplant 0.0018676519393920898 0 0 13 50
pottedplant 0.001388639211654663 476 44 499 85
bottle 0.00593411922454834 214 169 249 219
bottle 0.0013250410556793213 473 0 499 76
bottle 0.005219787359237671 52 0 129 52
bottle 0.001466512680053711 153 4 167 33
pottedplant 0.0011603832244873047 216 16 237 50
bottle 0.0023324191570281982 215 16 238 50
bottle 0.001714080572128296 165 0 237 78
bottle 0.005021452903747559 237 11 302 76
bottle 0.01542365550994873 450 0 481 80
bottle 0.0030995309352874756 477 22 499 82
bottle 0.021452128887176514 51 0 137 99
car 0.0076660215854644775 477 38 499 83
bottle 0.004133999347686768 85 2 174 95
chair 0.0011971890926361084 0 0 13 51
bottle 0.0024628937244415283 100 111 227 328
