person 0.040997445583343506 35 50 80 149
person 0.031141668558120728 242 175 257 199
motorbike 0.08570975065231323 41 246 62 272
bicycle 0.05281311273574829 41 245 62 272
pottedplant 0.004150032997131348 66 243 82 266
train 0.6791782379150391 167 80 304 273
person 0.0011513829231262207 242 174 269 200
pottedplant 0.003635883331298828 0 255 6 281
pottedplant 0.001367121934890747 0 251 13 279
pottedplant 0.001524806022644043 0 260 12 280
pottedplant 0.004681944847106934 0 243 5 279
pottedplant 0.0069571733474731445 59 240 69 268
car 0.004609555006027222 475 186 499 205
pottedplant 0.01711207628250122 69 234 84 265
pottedplant 0.0030874907970428467 78 234 92 263
car 0.0013147294521331787 408 192 452 221
car 0.003736436367034912 493 185 499 236
pottedplant 0.0010817945003509521 0 227 7 279
pottedplant 0.0032476186752319336 31 233 43 259
bicycle 0.001714080572128296 51 243 65 270
bicycle 0.0021573007106781006 74 224 103 253
pottedplant 0.020176976919174194 65 232 83 267
car 0.05749580264091492 85 226 102 245
pottedplant 0.004399091005325317 74 230 91 262
pottedplant 0.00438198447227478 82 237 100 261
pottedplant 0.008984774351119995 85 237 103 256
car 0.013122200965881348 408 203 430 218
pottedplant 0.009746164083480835 29 215 46 259
pottedplant 0.0013044774532318115 35 214 51 261
pottedplant 0.0019954144954681396 74 226 97 257
car 0.01904943585395813 409 202 425 216
person 0.08570975065231323 35 50 80 82
pottedplant 0.0014050006866455078 35 211 76 263
pottedplant 0.0015366971492767334 326 79 338 90
bird 0.0015729963779449463 485 -1 499 13
car 0.8397353291511536 420 183 499 224
car 0.18476739525794983 480 185 499 224
pottedplant 0.003976315259933472 370 76 382 91
bicycle 0.0011336207389831543 0 261 5 289
car 0.09009644389152527 483 187 499 205
pottedplant 0.0029812753200531006 81 229 103 259
