bus 0.018194735050201416 308 217 498 373
chair 0.035680413246154785 308 216 498 373
person 0.0011925697326660156 310 54 500 370
bus 0.752739667892456 102 81 318 262
sofa 0.003976315259933472 308 217 498 373
car 0.017310142517089844 107 20 160 53
bus 0.011158108711242676 231 2 498 98
car 0.029985934495925903 33 36 70 78
car 0.4244120717048645 102 81 319 261
tvmonitor 0.0013778507709503174 53 14 113 37
car 0.0019343793392181396 131 0 272 42
car 0.0012065470218658447 26 24 161 76
bottle 0.001289278268814087 494 300 500 372
