sheep 0.2901751399040222 425 115 499 253
bird 0.7786496877670288 108 105 335 308
bird 0.5282900929450989 217 106 335 306
sheep 0.03321123123168945 427 116 499 315
sheep 0.001489490270614624 454 118 500 248
bird 0.004166156053543091 86 72 314 203
bird 0.0027148425579071045 102 80 316 251
bird 0.001674354076385498 425 43 499 253
sheep 0.0013724565505981445 468 118 499 348
sheep 0.002314329147338867 377 149 500 250
sheep 0.0010650157928466797 452 140 499 329
sheep 0.004118025302886963 460 112 499 171
sheep 0.0021321773529052734 459 111 500 208
sheep 0.001489490270614624 473 143 499 264
bird 0.0028561055660247803 129 106 249 240
