train 0.8519556522369385 0 14 320 293
person 0.0018676519393920898 208 0 233 41
bicycle 0.03449025750160217 475 79 489 97
bicycle 0.019793838262557983 488 72 499 101
boat 0.0023052990436553955 330 47 377 69
bicycle 0.01698121428489685 488 83 499 102
person 0.005685538053512573 254 159 272 188
person 0.005405604839324951 353 68 377 90
person 0.003075540065765381 491 41 500 108
person 0.0012302696704864502 0 57 8 106
person 0.002424955368041992 494 0 499 101
person 0.0063148438930511475 257 159 276 200
person 0.015906304121017456 383 25 394 59
person 0.003991752862930298 172 0 183 10
boat 0.05541503429412842 232 25 261 40
bicycle 0.004944056272506714 352 69 377 92
person 0.001477956771850586 312 33 348 50
car 0.044516921043395996 312 34 353 53
boat 0.0034561753273010254 232 23 270 41
boat 0.0011879205703735352 231 23 293 49
person 0.31912127137184143 252 159 277 229
car 0.0015853047370910645 297 66 353 86
person 0.00803142786026001 359 68 377 88
bicycle 0.0026520490646362305 421 61 454 86
bicycle 0.0010322332382202148 437 61 454 86
person 0.0028339028358459473 488 58 499 105
