person 0.001264333724975586 0 12 70 322
bird 0.002406179904937744 266 363 467 480
bird 0.0022963285446166992 176 19 211 62
bird 0.0012447535991668701 0 32 35 176
bird 0.004573792219161987 16 -100 407 18
bird 0.0016102492809295654 363 139 481 200
bird 0.0014608204364776611 262 -145 500 48
bird 0.0012159943580627441 0 3 45 175
bird 0.001489490270614624 -8 -79 184 62
bird 0.016153186559677124 33 -54 372 35
bird 0.003751039505004883 41 -105 483 69
bird 0.0011513829231262207 357 121 464 193
bird 0.0034293532371520996 93 -69 480 67
bird 0.0032476186752319336 180 -50 488 63
bird 0.011115282773971558 0 64 29 235
bird 0.01186823844909668 293 -58 498 42
bird 0.006097882986068726 308 -90 500 34
bird 0.005576103925704956 298 -49 497 81
bird 0.0012842416763305664 175 0 212 61
bird 0.0011074244976043701 102 -39 478 105
bird 0.0010733604431152344 0 121 43 341
bird 0.0018895864486694336 424 94 499 340
bird 0.020176976919174194 386 153 488 283
bird 0.0010485053062438965 0 136 35 299
bird 0.8816165924072266 174 128 267 218
bird 0.0012994110584259033 443 103 499 318
bird 0.0026832520961761475 400 134 499 318
bird 0.014841258525848389 0 160 30 234
bird 0.0014438629150390625 481 292 499 374
bird 0.0013459324836730957 418 95 439 119
