sheep 0.0013044774532318115 314 183 479 358
sheep 0.41395092010498047 138 16 475 358
sheep 0.003416001796722412 317 58 479 358
sheep 0.45423007011413574 213 139 479 358
sheep 0.0030280649662017822 349 126 479 358
sheep 0.0016613304615020752 382 102 479 356
sheep 0.0016228556632995605 210 213 479 358
sheep 0.0015307366847991943 367 14 479 354
person 0.0025508105754852295 201 0 292 40
sheep 0.022888898849487305 0 0 210 152
cow 0.016722261905670166 68 0 478 355
cow 0.00185316801071167 196 0 479 355
sheep 0.6740499138832092 0 0 220 343
sheep 0.0022170841693878174 160 35 258 158
sheep 0.01342916488647461 224 9 268 40
sheep 0.0010733604431152344 154 1 168 21
sheep 0.0011694133281707764 118 0 174 68
sheep 0.005261063575744629 168 37 253 89
sheep 0.003765672445297241 119 0 210 128
sheep 0.002958148717880249 119 0 209 76
sheep 0.0010988116264343262 160 0 299 54
sheep 0.006169408559799194 214 0 291 40
sheep 0.004963308572769165 153 0 190 59
sheep 0.012006610631942749 152 0 205 58
