person 0.8000680208206177 454 137 499 373
person 0.8204694986343384 254 112 345 373
person 0.32595008611679077 0 89 30 373
person 0.2005576193332672 0 86 54 372
bicycle 0.05921009182929993 0 173 93 258
bicycle 0.06608361005783081 0 175 93 320
person 0.9276229739189148 139 92 241 367
person 0.8868098258972168 360 114 436 374
person 0.005468875169754028 0 86 43 241
bottle 0.0024921000003814697 267 114 306 195
chair 0.0023782849311828613 166 127 259 194
chair 0.0010043680667877197 130 123 263 229
person 0.005511492490768433 474 96 499 303
person 0.03197786211967468 0 107 22 312
person 0.0011971890926361084 0 123 43 223
person 0.0015366971492767334 9 135 42 219
person 0.0019266009330749512 0 74 19 172
bottle 0.0052814483642578125 249 197 272 222
bottle 0.0012447535991668701 1 305 34 373
car 0.021575510501861572 132 109 345 349
horse 0.03718525171279907 251 109 345 328
chair 0.004718571901321411 212 127 259 193
person 0.0031976401805877686 252 111 343 230
person 0.005729943513870239 440 96 499 370
person 0.0016292035579681396 0 100 19 170
dog 0.0012842416763305664 367 114 436 209
bicycle 0.012335866689682007 0 113 94 331
bicycle 0.014118820428848267 0 181 32 374
pottedplant 0.0014215409755706787 222 206 309 374
car 0.0097084641456604 195 110 345 368
person 0.462958425283432 9 136 59 227
car 0.008778899908065796 127 108 345 278
pottedplant 0.0015130341053009033 448 247 469 277
bottle 0.002958148717880249 211 204 229 242
bottle 0.08914017677307129 238 209 264 231
bottle 0.002199828624725342 231 208 264 245
bottle 0.05541503429412842 238 203 267 231
dog 0.011463016271591187 381 125 430 190
person 0.004331141710281372 0 238 11 374
person 0.0010567307472229004 0 297 33 349
bottle 0.005301922559738159 171 115 201 166
person 0.02546730637550354 457 144 499 312
person 0.0014837086200714111 0 141 91 361
person 0.0021488964557647705 272 124 331 209
bottle 0.003063589334487915 212 216 231 248
bicycle 0.007288604974746704 4 184 95 278
person 0.004736989736557007 481 100 499 216
person 0.0018604099750518799 487 91 499 217
person 0.0017684698104858398 0 92 12 230
person 0.004054129123687744 0 117 15 262
bottle 0.003899872303009033 211 202 228 231
motorbike 0.0013564825057983398 473 241 499 374
person 0.0062660276889801025 0 285 34 375
motorbike 0.0024921000003814697 466 222 499 368
person 0.0012399256229400635 487 219 499 369
bottle 0.005888134241104126 237 205 279 232
cat 0.0017410516738891602 266 113 312 167
horse 0.049402832984924316 0 112 20 366
horse 0.01518791913986206 0 112 61 356
bicycle 0.7676874399185181 6 183 93 243
pottedplant 0.0011160969734191895 143 0 211 122
bottle 0.0010162293910980225 155 99 198 170
person 0.00916031002998352 305 113 354 310
person 0.07585501670837402 0 119 57 308
bottle 0.002779155969619751 164 101 204 170
dog 0.003063589334487915 269 114 323 181
person 0.0010162293910980225 361 113 434 269
pottedplant 0.001455157995223999 229 209 286 307
chair 0.0010817945003509521 131 126 265 282
