boat 0.0010650157928466797 189 145 206 163
person 0.6688798069953918 201 134 222 162
person 0.010052919387817383 267 131 289 152
boat 0.0017410516738891602 268 129 293 155
person 0.0029466450214385986 189 146 208 167
boat 0.0010733604431152344 260 130 293 164
boat 0.001957029104232788 181 70 293 164
boat 0.0029466450214385986 185 97 292 169
person 0.007547855377197266 188 146 223 167
person 0.6370307803153992 268 120 293 151
boat 0.7154243588447571 184 144 291 171
boat 0.007345408201217651 185 159 221 176
boat 0.008611321449279785 186 156 221 171
boat 0.005842477083206177 186 151 221 169
