person 0.007120847702026367 416 77 499 333
chair 0.024891287088394165 394 0 500 119
chair 0.003795117139816284 442 -2 500 151
chair 0.008252084255218506 469 52 499 301
chair 0.006193429231643677 462 -4 499 182
chair 0.0017410516738891602 467 57 499 160
diningtable 0.8006922006607056 6 0 499 333
chair 0.005426615476608276 369 0 421 53
diningtable 0.43878522515296936 369 0 499 122
chair 0.013122200965881348 461 0 499 307
bottle 0.004264324903488159 414 251 499 333
bottle 0.0018676519393920898 422 261 488 334
bottle 0.0023052990436553955 427 160 499 332
person 0.0017342865467071533 462 125 499 332
chair 0.006413578987121582 192 0 209 19
chair 0.002424955368041992 195 0 213 16
chair 0.02112632989883423 301 0 342 15
chair 0.004468142986297607 235 305 442 333
chair 0.0012159943580627441 249 287 492 333
chair 0.002641737461090088 186 0 212 21
chair 0.00185316801071167 191 0 202 21
chair 0.004755467176437378 282 265 494 333
chair 0.00955912470817566 421 95 499 294
diningtable 0.001178741455078125 370 0 498 61
