car 0.9390246272087097 3 202 489 364
boat 0.00257071852684021 456 90 499 297
boat 0.0016355812549591064 467 178 499 220
person 0.002115577459335327 0 238 7 332
person 0.003298431634902954 0 216 12 268
person 0.008543968200683594 493 307 499 336
person 0.002003192901611328 485 308 499 336
bicycle 0.02096518874168396 493 307 500 336
person 0.0010650157928466797 488 287 499 342
bicycle 0.010409027338027954 484 307 499 336
person 0.001489490270614624 493 283 500 342
person 0.0010817945003509521 0 242 5 292
person 0.002359837293624878 0 208 17 329
person 0.00257071852684021 0 251 6 329
cow 0.008950114250183105 0 16 24 39
person 0.0023506581783294678 0 217 10 257
boat 0.001020193099975586 474 160 499 207
boat 0.01182246208190918 410 127 467 149
aeroplane 0.005468875169754028 0 16 25 39
person 0.001388639211654663 0 254 4 283
boat 0.001040339469909668 456 203 499 234
person 0.0012065470218658447 0 217 7 245
boat 0.0011424720287322998 455 197 499 225
