car 0.9111766219139099 14 95 479 247
car 0.004150032997131348 0 59 35 113
car 0.9268327951431274 0 60 85 114
car 0.0010988116264343262 481 118 499 196
car 0.8489729166030884 101 74 177 114
person 0.0033371448516845703 486 96 499 224
car 0.0022696256637573242 104 71 156 81
car 0.002314329147338867 105 72 163 84
car 0.004503071308135986 103 72 167 88
car 0.004982620477676392 0 62 13 113
car 0.004755467176437378 0 61 23 112
car 0.012674123048782349 104 73 169 102
bicycle 0.007938534021377563 461 123 499 237
car 0.710628867149353 180 72 460 154
pottedplant 0.0010650157928466797 471 112 485 121
pottedplant 0.0010650157928466797 481 94 499 121
pottedplant 0.006339401006698608 469 92 499 149
bicycle 0.016153186559677124 443 112 499 228
bicycle 0.0052814483642578125 469 121 500 223
bicycle 0.001972287893295288 490 113 500 222
bicycle 0.001335442066192627 450 94 469 112
pottedplant 0.014841258525848389 471 94 498 119
person 0.18126201629638672 142 122 183 149
car 0.010289043188095093 139 75 176 104
pottedplant 0.0034027397632598877 450 94 468 112
car 0.0028118789196014404 199 55 218 63
car 0.0013044774532318115 224 54 244 63
car 0.001111745834350586 0 77 12 113
car 0.0023968517780303955 486 125 499 172
motorbike 0.0026727914810180664 402 109 500 219
motorbike 0.5389832854270935 441 110 499 226
motorbike 0.0014050006866455078 469 107 499 196
car 0.0028339028358459473 486 127 499 158
motorbike 0.02211776375770569 465 106 499 221
motorbike 0.0032602250576019287 487 100 499 221
