bird 0.005301922559738159 408 355 421 367
aeroplane 0.001040339469909668 469 355 482 369
aeroplane 0.001524806022644043 469 356 490 374
cat 0.005099952220916748 384 11 500 368
cat 0.003621727228164673 437 15 499 367
aeroplane 0.00321003794670105 408 355 429 374
aeroplane 0.004297584295272827 417 367 432 375
bird 0.004399091005325317 422 369 431 375
aeroplane 0.0032602250576019287 477 368 498 374
aeroplane 0.0019117295742034912 492 305 499 332
aeroplane 0.004231303930282593 483 369 498 374
bird 0.0035935938358306885 408 355 422 373
aeroplane 0.0021238625049591064 468 356 499 374
aeroplane 0.001524806022644043 489 314 499 331
aeroplane 0.004007279872894287 492 316 499 332
aeroplane 0.3504211902618408 236 163 262 179
bird 0.6636692881584167 236 163 262 180
bird 0.0022431910037994385 492 316 499 332
boat 0.0013459324836730957 492 275 499 334
