person 0.8987698554992676 176 85 498 331
car 0.0026623904705047607 -1 150 500 331
person 0.007755845785140991 30 86 496 331
bird 0.006241738796234131 0 28 95 190
person 0.0022873878479003906 206 228 340 332
pottedplant 0.01090201735496521 0 26 99 246
pottedplant 0.006145477294921875 0 26 115 328
pottedplant 0.004102110862731934 0 14 302 331
dog 0.023508936166763306 174 231 325 331
bird 0.00462755560874939 -1 37 84 73
bird 0.03732478618621826 0 28 101 87
bird 0.005384683609008789 -4 13 140 89
bird 0.004198610782623291 0 0 101 78
