car 0.9329444169998169 124 76 457 303
person 0.013480961322784424 121 113 138 148
bus 0.005119770765304565 100 29 151 133
person 0.012383639812469482 122 115 133 148
bus 0.004166156053543091 97 33 139 131
person 0.00421491265296936 162 93 192 120
person 0.002314329147338867 291 97 305 117
bottle 0.0010043680667877197 307 93 318 118
train 0.005343139171600342 0 0 112 249
bicycle 0.003991752862930298 320 90 359 119
bicycle 0.0020346641540527344 344 86 425 127
bus 0.2743517756462097 0 0 113 147
bus 0.0016613304615020752 0 32 151 196
train 0.18772712349891663 0 0 112 147
car 0.010860145092010498 124 111 146 125
car 0.0012447535991668701 1 118 40 146
motorbike 0.0026520490646362305 4 118 40 146
car 0.007846683263778687 380 114 422 131
person 0.012723177671432495 121 113 145 148
car 0.016658097505569458 124 112 147 131
car 0.006339401006698608 122 112 147 147
car 0.004022836685180664 130 114 148 134
bus 0.0027360916137695312 106 40 125 127
