motorbike 0.011596441268920898 296 130 478 315
motorbike 0.7634811401367188 41 63 476 324
motorbike 0.6688798069953918 19 133 481 318
car 0.8479689955711365 413 81 499 242
person 0.9222040176391602 134 94 276 331
bicycle 0.003976315259933472 123 62 223 188
dog 0.020646393299102783 269 130 409 210
pottedplant 0.018194735050201416 272 130 407 209
sheep 0.09981748461723328 267 129 403 210
motorbike 0.0548042356967926 273 130 406 210
motorbike 0.016153186559677124 100 63 223 201
motorbike 0.0032476186752319336 130 61 235 220
motorbike 0.029425203800201416 127 62 223 271
bicycle 0.0013147294521331787 124 63 224 147
person 0.00391504168510437 326 0 359 53
pottedplant 0.0018822550773620605 395 170 422 197
person 0.001012265682220459 266 42 275 60
