chair 0.0010004639625549316 0 146 64 341
sofa 0.9367526173591614 101 206 425 368
chair 0.06053093075752258 0 181 42 372
pottedplant 0.004736989736557007 37 70 118 321
chair 0.10557791590690613 153 269 302 373
pottedplant 0.0017007291316986084 0 157 16 218
pottedplant 0.0012496113777160645 0 184 12 215
pottedplant 0.0011074244976043701 0 179 16 220
pottedplant 0.0019954144954681396 212 281 292 353
pottedplant 0.07369807362556458 151 271 301 373
pottedplant 0.0028897523880004883 0 89 12 224
pottedplant 0.0011603832244873047 0 94 23 227
pottedplant 0.006121635437011719 206 272 310 373
sofa 0.001714080572128296 0 209 32 281
pottedplant 0.0015853047370910645 0 49 27 312
chair 0.00369301438331604 0 221 9 344
pottedplant 0.0011971890926361084 207 303 286 348
chair 0.0030516982078552246 0 223 20 341
chair 0.07807624340057373 0 205 33 366
chair 0.013122200965881348 0 202 67 366
pottedplant 0.0011160969734191895 207 303 287 371
pottedplant 0.0015366971492767334 490 208 499 340
diningtable 0.003795117139816284 0 250 70 366
chair 0.0011336207389831543 113 214 177 289
pottedplant 0.002867281436920166 0 105 14 285
chair 0.0014159977436065674 172 155 202 193
chair 0.059427469968795776 0 208 32 280
chair 0.027378231287002563 0 153 32 278
chair 0.003324180841445923 0 322 41 374
pottedplant 0.005261063575744629 0 131 13 223
pottedplant 0.002406179904937744 0 136 18 228
sofa 0.02245756983757019 0 264 41 374
chair 0.0019343793392181396 494 242 500 350
pottedplant 0.0026623904705047607 0 131 30 282
