chair 0.2233763039112091 386 237 500 374
chair 0.004645615816116333 247 184 438 374
person 0.9164110422134399 0 68 135 304
diningtable 0.0020585954189300537 220 166 394 357
diningtable 0.8044062852859497 65 162 395 373
person 0.9249600172042847 246 50 500 373
chair 0.8791466951370239 0 240 158 374
chair 0.33895111083984375 247 238 500 374
chair 0.020449548959732056 0 165 84 370
chair 0.049402832984924316 0 185 138 372
diningtable 0.00142708420753479 11 147 179 369
person 0.0019876956939697266 233 165 392 373
chair 0.003650069236755371 393 86 499 372
pottedplant 0.0010817945003509521 463 19 490 55
pottedplant 0.02096518874168396 464 12 499 55
pottedplant 0.010986179113388062 476 12 499 55
bottle 0.6992539167404175 142 100 158 164
bottle 0.0021657347679138184 151 104 174 165
person 0.0017275214195251465 215 58 267 114
person 0.0012496113777160645 59 66 84 122
chair 0.0011971890926361084 18 98 129 252
person 0.004830062389373779 57 81 85 155
bottle 0.0017963051795959473 90 113 103 151
person 0.00321003794670105 470 48 499 209
chair 0.0018895864486694336 442 148 499 389
chair 0.002199828624725342 0 175 21 291
person 0.002199828624725342 477 124 499 393
chair 0.008413106203079224 0 175 56 375
chair 0.09534668922424316 0 205 106 367
chair 0.0012159943580627441 400 104 440 166
chair 0.17610549926757812 0 216 109 330
person 0.00803142786026001 0 54 15 206
chair 0.012674123048782349 0 263 20 372
person 0.8624651432037354 223 63 280 154
person 0.0023782849311828613 0 74 40 174
bottle 0.001264333724975586 199 115 218 158
chair 0.0020666420459747314 433 204 499 374
person 0.002867281436920166 57 88 96 156
chair 0.010209739208221436 0 170 28 373
bottle 0.001972287893295288 155 116 174 167
bottle 0.0013406574726104736 177 112 207 173
bottle 0.787930965423584 188 112 208 172
pottedplant 0.0015668869018554688 467 35 499 82
pottedplant 0.004118025302886963 471 12 499 85
pottedplant 0.007460415363311768 467 4 499 132
chair 0.016467034816741943 0 228 18 373
pottedplant 0.0012065470218658447 467 11 499 194
person 0.3923368453979492 0 59 28 268
chair 0.0010817945003509521 0 224 31 358
person 0.0017547309398651123 459 52 499 277
bottle 0.0017547309398651123 191 105 209 134
chair 0.001957029104232788 488 274 500 375
chair 0.001674354076385498 0 271 38 373
chair 0.0020505785942077637 0 297 19 373
person 0.6859501600265503 254 60 340 170
person 0.003075540065765381 390 58 499 238
person 0.0011694133281707764 65 67 84 88
person 0.8803843259811401 266 62 427 207
person 0.0035796165466308594 0 76 7 210
chair 0.0012018680572509766 0 202 28 328
chair 0.0015977323055267334 0 176 14 307
person 0.007636308670043945 0 64 84 202
chair 0.0016548335552215576 0 182 29 300
person 0.0022431910037994385 230 59 263 91
person 0.003537982702255249 52 70 98 156
person 0.006169408559799194 371 57 499 279
chair 0.0034832358360290527 0 109 83 320
person 0.0024344027042388916 418 57 499 329
bottle 0.003751039505004883 215 128 232 160
person 0.006193429231643677 471 72 499 363
chair 0.00394555926322937 313 90 361 129
bottle 0.0010043680667877197 133 124 146 163
chair 0.012674123048782349 0 171 100 308
bottle 0.001455157995223999 170 114 189 177
person 0.015542924404144287 332 61 404 130
person 0.0018459856510162354 345 57 425 128
bottle 0.003442734479904175 141 120 159 164
chair 0.002590775489807129 472 209 499 373
person 0.00185316801071167 230 68 338 184
bottle 0.0020267367362976074 189 110 206 139
person 0.0018388032913208008 0 64 15 306
bottle 0.0011336207389831543 226 129 243 183
bottle 0.002912372350692749 228 131 250 187
bottle 0.003678649663925171 143 99 156 130
bottle 0.8479689955711365 240 132 263 213
bottle 0.7490874528884888 210 129 232 202
person 0.011463016271591187 0 60 46 146
person 0.8499711751937866 75 56 149 139
bottle 0.021534323692321777 205 119 218 171
person 0.010289043188095093 336 58 424 153
chair 0.0023506581783294678 0 104 7 255
chair 0.006027162075042725 0 104 13 254
bottle 0.00284498929977417 160 113 179 171
bottle 0.006850332021713257 169 113 183 178
bottle 0.008950114250183105 175 112 191 176
person 0.18952050805091858 0 57 28 143
bottle 0.0017547309398651123 225 130 243 159
bottle 0.00462755560874939 229 131 252 160
bottle 0.017376601696014404 241 131 259 173
