bird 0.19497978687286377 232 283 499 370
bird 0.9566324949264526 135 143 303 292
bird 0.0012112557888031006 0 226 109 415
bird 0.001831650733947754 0 239 139 398
bird 0.0015366971492767334 0 239 190 441
bird 0.001449495553970337 109 266 480 511
bird 0.001069188117980957 0 190 141 365
bird 0.01865246891975403 231 148 499 368
bird 0.0010860264301300049 175 284 498 486
bird 0.01659417152404785 18 15 487 217
bird 0.007877200841903687 0 265 70 367
bird 0.025564581155776978 22 0 124 70
bird 0.002018868923187256 302 150 400 233
bird 0.014392048120498657 0 314 70 367
