car 0.8723500967025757 240 72 498 319
person 0.01771247386932373 448 13 499 397
person 0.01518791913986206 466 11 499 395
person 0.7975567579269409 308 11 498 398
person 0.00369301438331604 493 90 500 232
bottle 0.0020346641540527344 356 188 395 215
car 0.0021321773529052734 480 139 499 278
car 0.0028228759765625 179 94 303 225
car 0.004399091005325317 205 94 331 228
car 0.00394555926322937 235 92 384 239
person 0.029089927673339844 488 214 500 373
person 0.012193650007247925 440 27 499 279
person 0.02432847023010254 480 45 499 285
person 0.013637453317642212 489 56 500 188
car 0.006388753652572632 240 95 365 163
person 0.01090201735496521 481 56 499 201
person 0.0021488964557647705 373 5 495 262
car 0.9136754274368286 0 90 272 288
bottle 0.0018174350261688232 480 85 499 182
bottle 0.0021573007106781006 489 79 500 189
person 0.00142708420753479 353 10 495 205
person 0.26511818170547485 352 15 441 264
car 0.0013147294521331787 194 94 299 175
car 0.012723177671432495 111 88 409 234
car 0.009124904870986938 229 79 467 233
person 0.00952214002609253 465 211 499 398
car 0.0017893016338348389 322 29 439 288
person 0.19682586193084717 483 195 499 396
person 0.001455157995223999 482 185 500 316
person 0.006850332021713257 395 9 499 398
car 0.012240886688232422 11 87 410 260
person 0.024514615535736084 475 198 500 397
person 0.0017342865467071533 440 233 498 399
car 0.0015977323055267334 184 84 359 252
person 0.4054486155509949 353 16 430 131
person 0.0015366971492767334 484 89 499 196
person 0.0032476186752319336 483 87 499 237
car 0.0012742578983306885 466 81 499 314
car 0.0021488964557647705 477 74 499 320
person 0.030906885862350464 352 14 461 146
