person 0.008062601089477539 467 13 499 324
person 0.08632457256317139 0 32 46 340
person 0.007460415363311768 476 18 499 278
person 0.0030162930488586426 0 163 47 230
person 0.001964658498764038 0 28 23 111
person 0.0011074244976043701 418 5 499 146
bicycle 0.0010988116264343262 367 38 396 62
car 0.9284056425094604 78 0 423 282
person 0.025564581155776978 455 5 499 286
bicycle 0.0012594163417816162 365 37 397 71
person 0.7394237518310547 381 0 463 148
car 0.013637453317642212 36 2 161 111
person 0.7098248600959778 451 1 499 155
person 0.0014050006866455078 365 1 395 50
person 0.001489490270614624 376 3 395 42
person 0.46976348757743835 0 17 45 236
person 0.006364047527313232 0 39 4 113
person 0.003298431634902954 490 58 500 206
person 0.002790004014968872 100 0 148 47
person 0.0027148425579071045 143 0 169 37
person 0.01182246208190918 41 1 70 54
person 0.0029928982257843018 120 0 148 49
person 0.0011603832244873047 370 0 398 45
person 0.005199640989303589 455 0 499 94
person 0.4960938096046448 0 0 51 122
person 0.001432657241821289 467 120 499 249
person 0.0013044774532318115 491 108 500 254
person 0.0018388032913208008 1 1 75 119
person 0.0012065470218658447 464 0 499 117
