sofa 0.8418275117874146 321 218 498 345
sofa 0.0031358301639556885 175 256 499 373
chair 0.002359837293624878 339 262 499 374
sofa 0.005774706602096558 0 219 215 374
sofa 0.20561525225639343 0 334 216 374
sofa 0.004982620477676392 1 327 383 374
diningtable 0.010818421840667725 4 327 492 373
sofa 0.10158616304397583 148 333 498 373
chair 0.029369741678237915 212 302 499 373
pottedplant 0.0017007291316986084 193 266 218 299
pottedplant 0.001554727554321289 190 237 219 300
chair 0.0010526180267333984 494 166 499 311
chair 0.0010083019733428955 253 281 298 350
pottedplant 0.001714080572128296 231 277 255 301
diningtable 0.002406179904937744 173 283 306 346
dog 0.0016874969005584717 0 311 82 369
chair 0.0013406574726104736 0 311 83 368
chair 0.004054129123687744 284 337 527 373
sofa 0.03832080960273743 285 338 530 373
sofa 0.004450768232345581 252 322 495 373
