aeroplane 0.0010083019733428955 366 89 499 191
train 0.8587157726287842 1 142 351 224
boat 0.0015977323055267334 439 98 476 150
aeroplane 0.00131988525390625 442 118 499 189
aeroplane 0.001972287893295288 463 108 499 193
car 0.0034561753273010254 378 175 425 187
car 0.0013147294521331787 395 175 425 187
person 0.0012594163417816162 0 170 11 216
boat 0.001477956771850586 350 173 373 190
person 0.002958148717880249 140 190 151 204
boat 0.004573792219161987 0 0 131 223
boat 0.0097084641456604 0 0 211 224
boat 0.005099952220916748 0 0 301 221
aeroplane 0.0010526180267333984 396 66 499 190
train 0.004830062389373779 159 138 353 227
car 0.0010650157928466797 0 190 10 241
aeroplane 0.00142708420753479 458 160 499 186
aeroplane 0.001674354076385498 406 139 500 188
aeroplane 0.0011248290538787842 439 136 500 188
aeroplane 0.001524806022644043 460 128 499 189
train 0.001367121934890747 364 146 491 188
aeroplane 0.001674354076385498 418 154 500 188
pottedplant 0.003780364990234375 431 190 447 202
train 0.03875422477722168 29 146 159 218
train 0.00629037618637085 376 173 426 188
car 0.0396362841129303 0 189 10 220
