motorbike 0.0031976401805877686 41 158 322 431
person 0.002140522003173828 112 262 320 429
person 0.4610167145729065 226 232 316 406
car 0.0014438629150390625 22 141 318 431
motorbike 0.0010945498943328857 2 338 241 431
motorbike 0.004038453102111816 16 314 324 431
motorbike 0.5292633771896362 101 282 326 431
motorbike 0.014282047748565674 180 263 326 430
person 0.0026008784770965576 50 159 322 430
person 0.0067453086376190186 145 235 316 424
motorbike 0.0010567307472229004 -5 385 274 431
motorbike 0.0017615854740142822 20 392 323 431
motorbike 0.003765672445297241 29 373 326 431
person 0.0011879205703735352 207 285 228 305
car 0.002867281436920166 66 408 250 431
pottedplant 0.003416001796722412 30 412 178 431
car 0.0029928982257843018 3 323 48 350
motorbike 0.0026110410690307617 31 414 249 432
person 0.03032785654067993 231 231 302 311
car 0.013742715120315552 95 416 268 431
person 0.0019494593143463135 5 321 46 343
car 0.0012159943580627441 2 0 325 273
car 0.21011754870414734 0 0 60 104
person 0.0010902583599090576 196 285 251 313
person 0.002901047468185425 20 321 32 338
person 0.0013617873191833496 20 320 48 340
pottedplant 0.019793838262557983 22 412 124 432
car 0.0012544989585876465 92 421 160 431
car 0.02432847023010254 104 418 176 431
car 0.6334109306335449 0 337 94 423
motorbike 0.005842477083206177 205 281 307 404
