horse 0.924144983291626 78 46 211 229
horse 0.0347515344619751 301 30 319 230
person 0.0010162293910980225 139 38 156 60
person 0.0017823278903961182 291 75 319 232
person 0.0021827220916748047 301 68 319 232
person 0.0015977323055267334 301 35 319 174
person 0.0012159943580627441 303 125 319 231
train 0.0010241866111755371 264 32 319 216
train 0.036631643772125244 304 27 319 217
person 0.9056569337844849 118 23 183 144
person 0.001554727554321289 119 23 212 141
bottle 0.010209739208221436 304 31 319 186
person 0.003621727228164673 135 23 182 77
person 0.00185316801071167 143 38 156 47
person 0.0018388032913208008 90 173 108 228
person 0.001524806022644043 315 147 319 233
person 0.00208282470703125 304 26 319 200
