chair 0.0022873878479003906 121 188 370 496
chair 0.0016613304615020752 219 205 375 497
chair 0.0014438629150390625 306 198 375 495
chair 0.02681148052215576 18 308 230 499
person 0.0012792348861694336 15 240 360 498
person 0.08151650428771973 198 149 370 339
person 0.6800290942192078 269 146 370 335
person 0.012335866689682007 268 140 374 494
chair 0.0012692809104919434 13 102 362 498
person 0.00284498929977417 310 155 375 492
person 0.9127457737922668 211 329 374 500
person 0.14755311608314514 16 358 169 499
chair 0.0016355812549591064 18 417 249 500
person 0.0063148438930511475 25 126 117 475
person 0.816990852355957 105 74 314 413
person 0.8283824920654297 0 120 84 499
person 0.0028339028358459473 8 123 238 497
person 0.002935171127319336 11 104 335 489
person 0.6169357895851135 17 319 230 500
person 0.014614790678024292 89 324 371 499
person 0.25312113761901855 62 128 114 210
tvmonitor 0.002018868923187256 53 0 193 33
person 0.003147989511489868 32 134 108 262
person 0.005301922559738159 48 128 113 241
pottedplant 0.0015307366847991943 137 0 203 45
person 0.0017963051795959473 269 146 347 245
person 0.001040339469909668 31 145 88 204
person 0.7240901589393616 33 132 115 324
person 0.01292121410369873 112 147 369 339
person 0.009485304355621338 328 233 374 409
person 0.03690752387046814 2 122 112 323
person 0.004736989736557007 271 177 291 206
person 0.001466512680053711 271 177 298 212
person 0.008284062147140503 51 127 103 199
person 0.002867281436920166 62 128 101 191
person 0.043530017137527466 352 233 374 332
person 0.06142312288284302 329 230 374 344
person 0.005080223083496094 0 118 39 387
person 0.002790004014968872 16 354 108 499
person 0.012193650007247925 349 227 373 269
person 0.002901047468185425 359 231 374 333
person 0.0010322332382202148 270 164 330 233
