dog 0.9079643487930298 0 80 403 373
chair 0.1699577271938324 378 31 441 150
chair 0.011374980211257935 272 50 360 208
person 0.0011424720287322998 98 0 406 213
car 0.0017410516738891602 -3 2 410 197
person 0.004681944847106934 204 0 406 226
chair 0.008252084255218506 -5 0 404 296
chair 0.005447685718536377 141 0 403 226
chair 0.001489490270614624 388 0 441 75
person 0.0013147294521331787 6 0 404 373
chair 0.028707504272460938 273 0 403 225
chair 0.8333238959312439 442 0 499 208
person 0.00135117769241333 273 0 407 181
chair 0.0018245279788970947 381 0 502 159
chair 0.006771385669708252 266 50 351 100
chair 0.003976315259933472 380 0 425 131
