cow 0.0022519826889038086 229 93 329 149
cow 0.03137829899787903 268 91 366 173
cow 0.004198610782623291 139 111 221 171
cow 0.0023875534534454346 204 108 226 129
cow 0.002935171127319336 148 109 226 159
cow 0.031857043504714966 205 108 239 144
cow 0.0320991575717926 205 102 271 134
cow 0.0018388032913208008 212 100 271 144
cow 0.001831650733947754 211 95 306 173
cow 0.001146942377090454 159 113 222 177
cow 0.015663117170333862 205 102 271 157
cow 0.04672485589981079 307 91 366 179
cow 0.0013250410556793213 176 113 225 188
cow 0.001449495553970337 314 123 347 178
cow 0.009231507778167725 204 107 237 179
cow 0.00955912470817566 204 105 271 180
cow 0.9019226431846619 137 113 222 200
cow 0.004102110862731934 200 111 228 181
cow 0.7599365711212158 220 92 366 184
cow 0.007148534059524536 205 108 240 129
cow 0.005888134241104126 205 106 248 130
cow 0.0034832358360290527 217 100 271 128
cow 0.0018388032913208008 205 115 222 143
cow 0.008611321449279785 212 116 271 143
cow 0.0017753839492797852 238 117 270 140
cow 0.0014215409755706787 203 125 223 146
cow 0.00257071852684021 204 119 241 163
