person 0.9227616190910339 6 64 410 373
person 0.0020505785942077637 405 193 499 373
person 0.0019419193267822266 433 178 499 371
person 0.004331141710281372 0 24 128 374
tvmonitor 0.002115577459335327 161 86 205 151
person 0.0016355812549591064 404 331 433 373
bottle 0.003123670816421509 75 17 111 100
bottle 0.0014104843139648438 199 14 232 89
train 0.0026110410690307617 421 202 499 256
chair 0.0010988116264343262 162 154 209 226
bottle 0.002935171127319336 400 185 430 268
person 0.0033371448516845703 404 332 450 373
person 0.8386808037757874 449 322 499 373
person 0.00276830792427063 493 333 500 373
person 0.001040339469909668 64 346 132 373
