person 0.816990852355957 293 119 404 245
person 0.31742578744888306 0 112 34 367
person 0.0010526180267333984 90 267 272 373
diningtable 0.40262678265571594 147 231 498 373
person 0.9238649606704712 0 112 218 373
person 0.93744295835495 372 96 499 296
person 0.028816312551498413 88 171 273 374
person 0.01048976182937622 0 38 22 183
person 0.024421334266662598 0 70 26 218
person 0.0022344589233398438 0 76 38 196
person 0.0016355812549591064 483 97 499 280
person 0.005426615476608276 122 118 173 211
bottle 0.0013778507709503174 277 207 291 261
person 0.8661319017410278 176 117 255 222
bottle 0.016786664724349976 283 206 296 258
person 0.0015729963779449463 58 120 229 269
person 0.19744417071342468 0 118 34 239
person 0.007011294364929199 0 72 20 175
person 0.002790004014968872 0 47 62 337
chair 0.001477956771850586 494 173 499 312
bottle 0.005797207355499268 282 204 298 281
tvmonitor 0.0026520490646362305 135 163 196 202
person 0.001831650733947754 0 129 22 379
chair 0.0012742578983306885 91 270 269 374
diningtable 0.002323359251022339 88 269 271 374
diningtable 0.0015366971492767334 368 282 499 372
diningtable 0.001477956771850586 297 273 502 344
person 0.0014837086200714111 476 168 499 369
person 0.001449495553970337 95 177 212 290
chair 0.0026623904705047607 293 148 404 277
person 0.0030162930488586426 488 93 499 235
bottle 0.0021073520183563232 438 254 454 294
pottedplant 0.011418908834457397 100 53 141 75
tvmonitor 0.002590775489807129 489 101 499 187
chair 0.0017275214195251465 162 199 224 257
bottle 0.0028897523880004883 276 209 289 240
person 0.0033501386642456055 474 94 499 298
person 0.002912372350692749 93 104 223 288
person 0.001449495553970337 103 137 222 273
tvmonitor 0.0015010833740234375 156 200 223 255
pottedplant 0.004231303930282593 100 54 116 74
bottle 0.054400503635406494 340 275 362 340
person 0.0017207860946655273 127 157 176 209
person 0.001225501298904419 126 153 231 259
person 0.0011160969734191895 293 42 311 75
bottle 0.003780364990234375 435 258 464 342
