bicycle 0.022033512592315674 417 180 500 372
person 0.0013302266597747803 464 30 499 358
person 0.8973388671875 70 53 170 362
bicycle 0.0018749535083770752 450 160 499 369
bicycle 0.005774706602096558 202 190 381 372
bicycle 0.7287482023239136 201 179 497 372
bicycle 0.062328606843948364 343 179 499 373
person 0.003416001796722412 249 65 272 103
person 0.005865275859832764 0 46 15 214
pottedplant 0.0018103718757629395 326 253 348 303
person 0.0250818133354187 122 78 182 134
person 0.0026520490646362305 245 72 272 105
bottle 0.0015130341053009033 416 258 438 295
person 0.005774706602096558 179 219 224 330
person 0.001146942377090454 179 229 242 331
bicycle 0.0028228759765625 203 205 347 355
bicycle 0.003123670816421509 216 204 348 320
dog 0.0013250410556793213 326 253 348 303
person 0.0010567307472229004 114 89 181 147
cat 0.0013302266597747803 4 72 51 116
person 0.007938534021377563 115 81 181 192
boat 0.004924893379211426 300 199 366 225
person 0.03321123123168945 121 55 184 130
bottle 0.0013778507709503174 409 262 436 293
tvmonitor 0.0018676519393920898 172 31 284 119
bottle 0.001012265682220459 412 258 442 304
bottle 0.0022963285446166992 434 257 444 305
bicycle 0.001069188117980957 248 205 353 344
person 0.001335442066192627 2 51 120 352
person 0.47268345952033997 398 238 436 327
person 0.0022431910037994385 327 253 347 303
person 0.04655161499977112 137 39 273 335
person 0.02931046485900879 379 237 436 329
person 0.003389507532119751 154 172 165 190
bicycle 0.004609555006027222 441 218 499 372
person 0.013848692178726196 155 38 245 329
person 0.04402092099189758 173 28 273 328
person 0.015602916479110718 399 238 436 292
person 0.051269859075546265 109 52 182 355
person 0.3065270483493805 354 234 403 328
bicycle 0.0034027397632598877 245 206 347 306
person 0.003272920846939087 179 222 211 329
person 0.02333083748817444 349 237 436 373
bottle 0.002867281436920166 345 279 368 330
person 0.0024438798427581787 0 49 13 155
person 0.002453356981277466 114 126 165 329
bottle 0.003635883331298828 155 171 165 192
person 0.00386965274810791 180 99 210 330
person 0.005002021789550781 180 97 240 331
person 0.001466512680053711 131 91 224 309
person 0.001964658498764038 172 74 223 313
person 0.0024628937244415283 0 56 13 131
bottle 0.002090960741043091 119 94 136 113
bottle 0.0013995170593261719 148 93 164 122
chair 0.0011603832244873047 144 93 179 123
person 0.0012943148612976074 122 93 173 125
bottle 0.0024628937244415283 344 254 369 328
person 0.0016940832138061523 484 118 499 332
