person 0.8074612021446228 0 25 301 374
person 0.003272920846939087 0 33 44 369
person 0.002790004014968872 0 32 103 370
person 0.498046875 251 51 500 373
person 0.37662309408187866 0 33 487 373
pottedplant 0.0011336207389831543 0 110 10 162
pottedplant 0.0015487074851989746 0 83 10 188
person 0.003751039505004883 31 139 79 210
bottle 0.0016613304615020752 59 136 73 174
bottle 0.15973952412605286 21 227 43 277
person 0.001069188117980957 42 144 60 169
bottle 0.0018103718757629395 55 132 73 174
person 0.0012842416763305664 0 58 27 284
bottle 0.20561525225639343 22 156 41 206
person 0.0015977323055267334 20 119 109 270
