diningtable 0.00803142786026001 20 155 414 331
diningtable 0.00276830792427063 46 182 483 331
diningtable 0.07316717505455017 288 190 499 331
diningtable 0.011331260204315186 0 221 437 331
diningtable 0.01764485239982605 207 263 494 331
person 0.0017410516738891602 457 22 500 250
diningtable 0.028816312551498413 6 263 396 332
person 0.0029466450214385986 279 61 499 332
chair 0.0011879205703735352 163 150 432 326
person 0.935112714767456 281 52 483 241
person 0.8875916004180908 0 25 241 331
person 0.0013044774532318115 484 7 499 183
person 0.0019876956939697266 0 183 7 340
bottle 0.0011336207389831543 0 196 7 338
person 0.0030995309352874756 0 84 10 331
person 0.00185316801071167 0 161 9 299
person 0.0022170841693878174 338 53 483 199
diningtable 0.0057077109813690186 213 262 342 331
diningtable 0.0010733604431152344 215 245 388 331
person 0.0017615854740142822 1 23 399 324
chair 0.0010817945003509521 281 137 462 241
person 0.0022696256637573242 345 156 464 223
person 0.001146942377090454 0 65 17 350
chair 0.5506075620651245 174 150 324 267
bottle 0.0024724602699279785 289 96 319 154
person 0.005040973424911499 289 95 317 154
person 0.0013995170593261719 489 41 499 201
person 0.0014050006866455078 344 129 483 223
