bus 0.9296934604644775 69 74 429 252
pottedplant 0.01069408655166626 446 151 497 178
person 0.0013564825057983398 252 85 318 156
chair 0.013377547264099121 0 149 15 249
person 0.016722261905670166 98 143 124 168
person 0.0012447535991668701 103 141 144 169
person 0.007636308670043945 448 143 459 160
car 0.014118820428848267 465 142 479 155
person 0.005040973424911499 145 121 161 148
person 0.008062601089477539 158 117 177 159
person 0.0013096034526824951 158 116 187 162
pottedplant 0.0010650157928466797 464 153 497 177
pottedplant 0.01764485239982605 487 153 499 193
car 0.0030995309352874756 73 202 119 224
car 0.002746790647506714 106 207 138 233
car 0.003795117139816284 115 207 138 233
car 0.0017547309398651123 118 207 140 236
car 0.001225501298904419 117 203 163 237
person 0.0010162293910980225 196 25 213 47
car 0.00462755560874939 88 202 117 216
