bus 0.0010860264301300049 67 135 178 248
bus 0.013223767280578613 59 98 118 152
bus 0.005468875169754028 65 98 121 170
person 0.002323359251022339 137 104 169 185
bus 0.005119770765304565 60 94 132 161
pottedplant 0.0014215409755706787 491 91 499 123
bus 0.3157352805137634 58 98 81 128
person 0.003824770450592041 138 98 158 130
bus 0.0012943148612976074 3 100 85 153
bus 0.01155179738998413 60 97 122 135
car 0.0025508105754852295 468 143 489 161
person 0.004963308572769165 409 108 424 127
person 0.0010650157928466797 218 29 239 44
boat 0.0018459856510162354 264 12 297 49
person 0.47852879762649536 109 133 138 165
bus 0.004982620477676392 59 94 161 192
person 0.0026832520961761475 160 122 186 181
person 0.005219787359237671 137 112 189 184
bus 0.9418665170669556 68 64 465 250
bus 0.008950114250183105 66 89 171 232
car 0.043530017137527466 487 146 499 160
person 0.0013564825057983398 137 134 163 182
person 0.0011248290538787842 147 118 187 186
person 0.0015010833740234375 136 141 158 185
person 0.05460202693939209 400 107 420 127
bus 0.0010902583599090576 463 111 499 132
person 0.001455157995223999 108 118 129 155
person 0.0010322332382202148 110 122 138 160
person 0.01090201735496521 283 107 321 131
person 0.01292121410369873 298 106 322 130
person 0.0029928982257843018 355 109 382 130
person 0.32082176208496094 364 108 382 128
bus 0.004450768232345581 461 110 499 154
person 0.006364047527313232 137 120 204 185
car 0.7233090996742249 461 143 489 166
car 0.0015366971492767334 457 150 463 169
car 0.01444736123085022 13 196 43 215
person 0.001146942377090454 274 107 299 131
person 0.001466512680053711 137 97 164 164
person 0.06512489914894104 282 110 298 131
