person 0.19930782914161682 0 30 76 373
person 0.002958148717880249 0 240 119 373
bottle 0.22135034203529358 151 151 167 193
tvmonitor 0.0015977323055267334 479 -2 499 272
bottle 0.0012943148612976074 327 162 345 187
chair 0.0011160969734191895 184 8 210 74
person 0.0015977323055267334 0 124 32 389
tvmonitor 0.003147989511489868 476 1 499 360
person 0.001388639211654663 0 93 24 395
pottedplant 0.006145477294921875 310 44 321 69
pottedplant 0.0011160969734191895 0 244 20 351
cat 0.9284056425094604 239 143 319 226
