person 0.9699005484580994 139 176 293 435
train 0.012146621942520142 255 58 500 389
train 0.6943025588989258 107 52 500 416
person 0.0034696757793426514 212 25 239 115
person 0.04240426421165466 229 104 249 120
car 0.0018245279788970947 228 100 269 123
train 0.0010162293910980225 181 98 269 252
person 0.018056362867355347 279 104 306 145
person 0.001028209924697876 211 104 249 123
car 0.0011160969734191895 226 103 249 123
car 0.0013044774532318115 392 47 476 78
car 0.0026110410690307617 384 46 499 152
car 0.002115577459335327 486 51 499 94
train 0.0017007291316986084 1 7 235 116
train 0.0010902583599090576 0 98 270 266
person 0.003324180841445923 158 17 234 111
person 0.20497792959213257 199 19 239 117
person 0.007786005735397339 194 15 229 113
tvmonitor 0.001012265682220459 351 114 395 145
person 0.004364967346191406 195 18 225 92
car 0.0017823278903961182 415 45 497 70
car 0.7866226434707642 391 45 499 108
person 0.8925619125366211 111 5 159 121
