train 0.0013096034526824951 3 265 490 330
train 0.6169357895851135 0 277 182 347
train 0.006692379713058472 1 291 477 343
train 0.011731505393981934 0 167 184 348
train 0.004231303930282593 0 286 300 333
train 0.0031115710735321045 2 285 453 330
train 0.0057077109813690186 2 300 493 374
boat 0.00118333101272583 472 17 499 154
bird 0.0019876956939697266 318 197 346 214
bird 0.0016419589519500732 317 194 351 214
boat 0.001524806022644043 473 70 499 144
aeroplane 0.001972287893295288 473 50 499 146
bird 0.005384683609008789 474 115 499 145
aeroplane 0.008576959371566772 474 114 499 146
bird 0.006719321012496948 473 114 499 206
person 0.005159556865692139 153 301 168 323
person 0.0017823278903961182 154 300 177 323
cow 0.018334269523620605 474 115 499 141
person 0.002406179904937744 130 302 145 324
person 0.003063589334487915 131 301 156 324
train 0.002901047468185425 134 299 181 323
person 0.0017823278903961182 146 300 181 323
train 0.0013564825057983398 150 300 181 322
cow 0.0023324191570281982 474 114 499 180
