car 0.9485396146774292 10 235 178 339
car 0.0015791356563568115 0 222 142 299
person 0.0017615854740142822 111 198 130 239
pottedplant 0.0037074387073516846 430 150 470 172
tvmonitor 0.0021912753582000732 10 104 39 132
person 0.0010775625705718994 128 203 138 235
bus 0.0010241866111755371 289 197 310 242
person 0.020099759101867676 8 290 38 369
chair 0.0016102492809295654 481 238 499 317
person 0.0014722347259521484 486 253 499 379
person 0.11596250534057617 0 299 7 369
person 0.005426615476608276 304 219 317 252
car 0.0012159943580627441 0 216 17 373
motorbike 0.0011074244976043701 261 220 284 259
person 0.018759876489639282 0 293 34 373
person 0.0010945498943328857 267 219 288 265
person 0.0019419193267822266 281 227 299 255
person 0.8006922006607056 356 211 381 282
car 0.8816165924072266 171 223 249 286
person 0.003650069236755371 410 217 425 283
person 0.8365548849105835 411 218 444 297
person 0.002790004014968872 131 206 140 235
car 0.006615281105041504 0 222 48 354
car 0.013689994812011719 0 228 68 342
car 0.006169408559799194 0 237 93 315
car 0.0017410516738891602 7 289 40 369
person 0.09041720628738403 445 240 475 288
person 0.0010485053062438965 448 235 486 290
chair 0.009784013032913208 444 244 475 288
person 0.003524214029312134 259 202 298 254
car 0.02898019552230835 0 230 40 291
car 0.023778796195983887 0 235 61 288
car 0.10158616304397583 258 202 307 249
bus 0.019418001174926758 258 201 308 246
person 0.25091254711151123 107 202 121 238
person 0.28298789262771606 119 204 132 238
person 0.0017547309398651123 262 222 284 253
car 0.0018103718757629395 0 223 22 239
car 0.13846442103385925 235 217 279 260
car 0.0020585954189300537 235 216 295 259
person 0.001591503620147705 321 211 340 240
person 0.766291081905365 391 211 417 284
person 0.0011925697326660156 445 197 480 287
person 0.0028118789196014404 277 228 297 273
person 0.006564319133758545 447 224 486 278
bicycle 0.002314329147338867 277 238 295 273
bus 0.0011879205703735352 282 170 324 197
bus 0.0013250410556793213 263 183 310 241
person 0.0016874969005584717 10 289 31 336
tvmonitor 0.0011694133281707764 2 87 39 148
tvmonitor 0.003063589334487915 10 94 38 135
bus 0.001225501298904419 258 171 315 246
person 0.003496825695037842 131 213 141 235
car 0.0016678273677825928 139 217 168 234
