diningtable 0.0034561753273010254 3 136 391 332
pottedplant 0.014282047748565674 0 148 379 333
pottedplant 0.01196029782295227 351 215 500 334
pottedplant 0.10594767332077026 0 59 304 331
person 0.023824095726013184 94 118 382 332
pottedplant 0.0012399256229400635 348 145 499 333
person 0.19193220138549805 104 7 381 333
pottedplant 0.1276499330997467 0 73 468 332
person 0.6714699268341064 213 9 383 330
bird 0.004718571901321411 260 168 380 331
bird 0.003496825695037842 129 151 279 301
bird 0.002406179904937744 239 207 374 332
bird 0.003298431634902954 259 239 376 332
pottedplant 0.0021488964557647705 427 217 499 322
