bus 0.018904060125350952 425 109 499 180
train 0.007636308670043945 424 107 499 182
bus 0.004118025302886963 209 99 430 188
train 0.0016613304615020752 424 70 499 182
person 0.0015977323055267334 2 144 20 192
bus 0.8820229172706604 7 97 437 209
person 0.5039061903953552 0 151 12 192
car 0.0028009116649627686 0 148 14 201
person 0.0010162293910980225 0 129 9 186
person 0.002199828624725342 34 132 51 152
person 0.010091900825500488 41 133 52 152
pottedplant 0.004150032997131348 330 186 489 280
car 0.0011603832244873047 0 158 18 222
bird 0.0015977323055267334 184 251 231 288
