motorbike 0.9600651264190674 38 38 288 200
pottedplant 0.0013832449913024902 0 7 32 133
pottedplant 0.003537982702255249 0 3 58 133
bottle 0.0022084414958953857 155 70 213 117
pottedplant 0.007547855377197266 0 45 17 133
pottedplant 0.027587056159973145 0 50 49 133
pottedplant 0.00443345308303833 0 48 9 134
person 0.9139833450317383 153 17 258 199
car 0.9469908475875854 231 0 500 103
dog 0.001455157995223999 310 135 416 158
pottedplant 0.007846683263778687 0 56 24 133
bottle 0.0010733604431152344 154 46 216 120
person 0.015013545751571655 126 30 211 180
person 0.008252084255218506 130 31 244 185
