car 0.0021827220916748047 120 437 280 499
car 0.9394690990447998 1 386 172 480
person 0.0010043680667877197 136 184 180 262
car 0.0023875534534454346 173 437 279 499
person 0.8723500967025757 134 183 201 268
car 0.8278263807296753 147 380 203 418
person 0.0017753839492797852 120 366 136 382
car 0.0014438629150390625 132 383 157 397
car 0.0012350976467132568 244 384 280 418
car 0.001674354076385498 46 386 88 405
car 0.007345408201217651 49 385 106 406
car 0.003899872303009033 26 385 94 418
car 0.8714772462844849 186 389 260 434
person 0.002314329147338867 179 208 201 267
car 0.004681944847106934 29 399 59 418
person 0.0011336207389831543 122 182 202 310
