diningtable 0.02275875210762024 293 183 499 373
sofa 0.0014438629150390625 408 187 499 372
chair 0.0723770260810852 406 249 499 373
chair 0.1841798722743988 145 140 212 268
chair 0.9469908475875854 220 183 327 294
sofa 0.8705992698669434 292 179 500 373
chair 0.0012943148612976074 74 165 97 189
person 0.0015010833740234375 452 203 499 373
bottle 0.001432657241821289 459 305 499 374
bottle 0.0021073520183563232 475 300 499 374
bottle 0.0019343793392181396 490 296 500 374
chair 0.003991752862930298 453 201 499 302
cat 0.0020267367362976074 448 288 499 367
chair 0.9343974590301514 62 187 145 299
bottle 0.0015130341053009033 483 291 499 374
bottle 0.0022519826889038086 489 286 500 370
