person 0.8860234618186951 118 226 205 373
chair 0.0011603832244873047 475 185 499 370
tvmonitor 0.002757549285888672 412 114 500 344
person 0.37662309408187866 197 115 261 361
bus 0.9249600172042847 0 9 194 373
person 0.002090960741043091 476 103 499 366
person 0.002693742513656616 0 1 46 69
tvmonitor 0.0607527494430542 413 117 499 215
tvmonitor 0.001225501298904419 484 115 499 224
tvmonitor 0.01094403862953186 478 197 499 341
person 0.0012302696704864502 417 33 499 368
tvmonitor 0.005119770765304565 409 222 430 272
tvmonitor 0.00959622859954834 482 192 499 313
tvmonitor 0.0034027397632598877 490 190 499 312
tvmonitor 0.0024724602699279785 417 224 431 272
person 0.005511492490768433 177 220 210 286
tvmonitor 0.001432657241821289 472 262 499 337
tvmonitor 0.0012159943580627441 490 256 500 340
chair 0.0013459324836730957 474 249 499 369
pottedplant 0.0023782849311828613 0 0 47 69
tvmonitor 0.003537982702255249 445 117 499 212
tvmonitor 0.0010567307472229004 406 220 427 305
chair 0.0021321773529052734 198 272 243 347
person 0.0022696256637573242 0 -1 49 217
person 0.020332276821136475 18 1 42 38
chair 0.10230165719985962 191 265 243 363
chair 0.0017073750495910645 474 284 499 371
tvmonitor 0.0025409162044525146 480 248 499 347
tvmonitor 0.0011879205703735352 491 242 500 349
tvmonitor 0.0013564825057983398 447 117 499 249
tvmonitor 0.0021321773529052734 422 117 499 282
person 0.24006345868110657 185 117 263 285
