sofa 0.0860166847705841 0 180 392 374
person 0.08064311742782593 0 108 349 279
sofa 0.5544705390930176 9 126 501 374
person 0.001120448112487793 0 55 85 361
person 0.003389507532119751 0 107 205 296
person 0.006438493728637695 18 204 383 374
person 0.6288644671440125 1 118 381 374
bottle 0.737159252166748 42 186 62 233
chair 0.0015366971492767334 80 79 155 187
chair 0.00916031002998352 236 72 271 110
bottle 0.007260352373123169 0 99 8 157
bottle 0.0017007291316986084 0 113 13 156
chair 0.0024438798427581787 26 78 182 220
chair 0.002011030912399292 36 80 242 216
chair 0.0021573007106781006 209 70 272 116
bottle 0.016658097505569458 0 120 6 153
bottle 0.0021073520183563232 1 121 12 152
sofa 0.00106087327003479 149 65 273 131
person 0.0021321773529052734 0 34 54 356
person 0.5370416045188904 0 64 257 272
chair 0.005729943513870239 54 65 278 134
chair 0.0018174350261688232 -1 53 344 234
chair 0.028168916702270508 8 66 264 235
chair 0.0026520490646362305 227 75 271 128
