sofa 0.0538000762462616 2 168 419 373
chair 0.03462067246437073 130 208 422 373
sofa 0.10374632477760315 94 189 430 370
boat 0.37570610642433167 1 130 461 374
chair 0.008062601089477539 50 202 464 373
person 0.9439679384231567 198 132 433 373
person 0.8958896398544312 0 173 178 373
person 0.027850180864334106 0 171 402 373
chair 0.10158616304397583 320 191 426 327
boat 0.0016678273677825928 313 73 366 88
bottle 0.0017007291316986084 134 283 165 343
person 0.004963308572769165 0 301 21 374
boat 0.012288272380828857 301 74 377 92
boat 0.0021488964557647705 463 80 488 90
boat 0.0031976401805877686 2 0 477 341
boat 0.0018969178199768066 0 0 189 372
boat 0.001388639211654663 463 81 483 92
person 0.0011248290538787842 206 134 379 297
car 0.004718571901321411 68 59 87 73
car 0.007065832614898682 67 60 94 85
bottle 0.0024344027042388916 482 341 499 373
chair 0.004331141710281372 274 189 425 314
boat 0.0014104843139648438 301 70 396 91
bottle 0.001477956771850586 483 327 499 374
person 0.0022785067558288574 483 308 499 375
chair 0.003976315259933472 482 275 499 374
pottedplant 0.0013564825057983398 481 20 499 92
person 0.005322486162185669 0 256 21 373
