cat 0.0017963051795959473 56 199 373 499
cow 0.0031358301639556885 86 267 373 499
sheep 0.001964658498764038 98 398 374 499
horse 0.014282047748565674 98 352 373 499
cat 0.8665844798088074 17 139 368 443
bird 0.001591503620147705 92 449 243 499
bird 0.0016292035579681396 120 450 265 499
car 0.004924893379211426 0 471 108 500
bird 0.004007279872894287 0 469 201 500
pottedplant 0.0030398666858673096 16 447 187 499
bird 0.002115577459335327 21 446 241 499
cat 0.0012742578983306885 68 449 264 499
diningtable 0.013532936573028564 6 0 373 444
bird 0.001831650733947754 126 448 158 499
chair 0.025273829698562622 9 0 369 468
boat 0.0328364372253418 19 446 160 499
bird 0.0032476186752319336 27 446 162 499
bird 0.003147989511489868 0 471 84 499
bird 0.0010988116264343262 124 447 171 499
