motorbike 0.005554467439651489 269 213 486 331
motorbike 0.013532936573028564 269 111 491 332
person 0.9383517503738403 202 121 284 331
person 0.9222040176391602 293 125 431 332
car 0.590779185295105 296 94 500 328
person 0.029872894287109375 473 63 499 321
car 0.0035518109798431396 3 131 85 203
car 0.01704654097557068 470 73 499 327
person 0.011244326829910278 472 108 500 162
bottle 0.0011603832244873047 488 239 499 270
bottle 0.007316946983337402 490 241 499 267
pottedplant 0.00391504168510437 245 97 264 113
person 0.0016355812549591064 101 97 117 133
person 0.05749580264091492 472 78 499 237
person 0.004468142986297607 16 132 75 162
bottle 0.004198610782623291 490 227 500 318
person 0.0011248290538787842 481 106 499 327
car 0.8864172101020813 110 86 195 130
car 0.010530352592468262 297 97 459 196
person 0.00284498929977417 72 98 82 113
dog 0.004645615816116333 18 120 56 161
dog 0.0010362863540649414 16 127 83 162
dog 0.001146942377090454 59 129 89 158
dog 0.004416227340698242 69 120 90 158
bottle 0.0018174350261688232 489 207 500 335
boat 0.0010322332382202148 269 157 403 331
motorbike 0.002003192901611328 434 101 499 299
person 0.02245756983757019 472 81 499 181
dog 0.001432657241821289 16 141 57 161
person 0.010328888893127441 21 111 72 162
person 0.003272920846939087 47 116 86 159
person 0.5467380285263062 94 97 118 152
bottle 0.0026727914810180664 490 198 499 280
car 0.08882337808609009 6 130 86 161
boat 0.0011336207389831543 1 35 85 168
person 0.00790780782699585 472 105 499 192
person 0.02025449275970459 206 88 218 108
person 0.6825742125511169 24 120 55 161
person 0.025273829698562622 28 114 64 162
person 0.04240426421165466 42 107 85 162
person 0.007755845785140991 62 117 89 158
person 0.020099759101867676 27 120 52 145
person 0.0026520490646362305 481 69 500 167
person 0.15304052829742432 44 107 65 149
person 0.7217429280281067 71 115 90 157
motorbike 0.0022344589233398438 427 100 500 235
motorbike 0.043693095445632935 472 99 499 237
person 0.0013147294521331787 478 212 499 333
person 0.0028009116649627686 488 209 499 335
bottle 0.0013459324836730957 335 129 388 188
car 0.002003192901611328 470 111 499 184
car 0.001466512680053711 330 111 500 233
car 0.0019876956939697266 419 102 499 240
car 0.036631643772125244 472 96 499 240
person 0.4590761959552765 45 107 65 131
person 0.40733349323272705 92 97 107 153
person 0.5602525472640991 102 97 118 152
