diningtable 0.0011380314826965332 0 212 161 332
person 0.03889983892440796 244 82 499 331
person 0.001335442066192627 0 34 90 329
person 0.01467105746269226 0 33 164 331
sofa 0.007093280553817749 0 34 167 331
person 0.1155630350112915 103 39 285 331
person 0.0019876956939697266 145 112 500 331
chair 0.0012447535991668701 266 39 499 330
person 0.005021452903747559 356 33 499 328
person 0.005576103925704956 411 33 499 328
person 0.007288604974746704 0 37 376 330
person 0.8250249624252319 97 4 497 331
chair 0.013585120439529419 0 33 163 331
chair 0.0033501386642456055 0 117 45 167
chair 0.023242324590682983 381 40 500 146
bottle 0.737159252166748 215 122 365 189
person 0.0030045807361602783 0 -1 479 286
person 0.0034561753273010254 462 6 499 185
sofa 0.0015366971492767334 108 39 499 194
chair 0.0012350976467132568 450 44 499 184
chair 0.006930291652679443 464 18 499 186
sofa 0.025418788194656372 375 37 499 171
chair 0.012674123048782349 0 36 431 325
sofa 0.04501798748970032 0 37 432 327
person 0.08151650428771973 204 0 414 323
tvmonitor 0.001831650733947754 461 80 499 184
sofa 0.005021452903747559 372 35 499 322
chair 0.004982620477676392 389 35 499 317
tvmonitor 0.0028897523880004883 459 0 499 45
person 0.0022696256637573242 472 55 499 330
person 0.0010162293910980225 277 110 458 238
person 0.0014382600784301758 284 160 489 237
person 0.001455157995223999 471 39 499 192
person 0.001674354076385498 487 35 500 192
person 0.0022873878479003906 144 111 301 334
person 0.0011074244976043701 126 120 418 325
bottle 0.0977327823638916 212 123 276 173
chair 0.003272920846939087 0 112 69 246
chair 0.001455157995223999 0 98 118 251
bottle 0.0012065470218658447 263 128 356 188
