car 0.0048677921295166016 0 257 105 333
car 0.9664098620414734 18 136 490 312
person 0.0010567307472229004 0 62 23 186
person 0.001020193099975586 0 80 33 180
person 0.011463016271591187 0 89 10 121
car 0.001477956771850586 453 172 476 201
person 0.0013044774532318115 0 94 30 127
person 0.007969379425048828 41 107 64 130
person 0.0019117295742034912 0 91 31 163
person 0.007373988628387451 0 53 11 122
person 0.001674354076385498 0 20 12 128
person 0.0034696757793426514 0 86 9 152
person 0.0021912753582000732 0 89 17 147
person 0.003123670816421509 0 92 31 139
