dog 0.8354835510253906 182 114 301 271
cat 0.001367121934890747 0 11 219 392
bird 0.003123670816421509 440 57 499 327
bird 0.0015668869018554688 464 127 499 350
bird 0.001225501298904419 492 53 499 112
bird 0.00208282470703125 476 226 499 361
bird 0.0013564825057983398 473 213 499 386
bird 0.0022344589233398438 468 234 499 331
bird 0.007431507110595703 433 96 499 262
bird 0.006193429231643677 480 226 499 333
bird 0.003524214029312134 485 219 499 288
bird 0.005752265453338623 485 232 499 313
bird 0.004399091005325317 484 161 499 314
bird 0.0015729963779449463 478 113 499 300
bird 0.004755467176437378 468 248 499 315
bird 0.0012994110584259033 456 138 499 307
bird 0.0012159943580627441 491 43 500 125
bird 0.0017410516738891602 473 100 499 263
bird 0.0013564825057983398 459 156 499 249
