aeroplane 0.0030280649662017822 449 64 499 223
aeroplane 0.9326993227005005 6 -5 499 284
aeroplane 0.010571062564849854 1 176 498 505
person 0.003524214029312134 6 109 56 177
person 0.03690752387046814 117 100 167 166
aeroplane 0.02605646848678589 450 209 470 226
boat 0.0064885616302490234 451 68 499 208
aeroplane 0.0021827220916748047 399 145 499 226
person 0.07585501670837402 77 195 103 260
aeroplane 0.0057077109813690186 445 204 495 227
aeroplane 0.00118333101272583 452 199 500 228
aeroplane 0.0019494593143463135 6 2 149 112
person 0.001264333724975586 110 100 153 163
aeroplane 0.04569396376609802 450 144 499 224
boat 0.15817251801490784 451 145 499 204
person 0.0020991265773773193 111 107 150 138
person 0.011776894330978394 79 196 95 237
