diningtable 0.008062601089477539 0 177 333 499
bottle 0.9105420708656311 151 70 263 499
bottle 0.002935171127319336 258 138 330 491
person 0.0015071630477905273 1 144 115 428
diningtable 0.18952050805091858 0 371 339 500
bottle 0.001120448112487793 141 53 178 134
bottle 0.0015853047370910645 175 62 261 260
bottle 0.005980461835861206 222 63 270 262
bottle 0.0034561753273010254 228 62 290 275
bottle 0.0015010833740234375 24 91 128 325
person 0.002199828624725342 197 0 331 64
bottle 0.001178741455078125 57 86 130 332
person 0.003222525119781494 0 0 135 311
person 0.00391504168510437 92 0 204 126
bottle 0.0042809247970581055 226 59 262 288
bottle 0.03934001922607422 254 58 330 238
person 0.0015130341053009033 0 0 107 130
bottle 0.001388639211654663 1 118 90 309
person 0.015542924404144287 0 0 213 133
bottle 0.0030516982078552246 262 135 324 239
person 0.07503995299339294 8 0 332 142
person 0.05964553356170654 177 0 331 136
person 0.10123014450073242 1 0 331 209
bottle 0.8365548849105835 118 48 183 319
bottle 0.001831650733947754 254 56 330 346
bottle 0.001972287893295288 154 49 186 172
bottle 0.0033501386642456055 161 51 194 158
bottle 0.0025310516357421875 189 69 234 207
bottle 0.008284062147140503 188 68 252 217
person 0.020410388708114624 184 0 331 247
bottle 0.001489490270614624 271 420 332 499
bottle 0.0022344589233398438 292 420 332 499
bottle 0.0015366971492767334 208 176 265 440
pottedplant 0.0014608204364776611 244 399 332 499
bottle 0.04069101810455322 76 37 170 240
bottle 0.0011603832244873047 163 55 216 291
bottle 0.006797581911087036 257 162 332 387
bottle 0.004314333200454712 228 63 257 186
bottle 0.0029928982257843018 189 68 236 139
bottle 0.0032602250576019287 163 49 194 246
bottle 0.001957029104232788 189 67 250 168
bottle 0.0010241866111755371 267 63 300 166
bottle 0.0018822550773620605 267 61 314 167
pottedplant 0.001477956771850586 202 299 333 501
pottedplant 0.018976598978042603 257 319 332 499
