sofa 0.0017007291316986084 296 169 408 354
sofa 0.01444736123085022 289 186 488 360
person 0.1307273805141449 466 136 499 373
sofa 0.140811026096344 10 163 285 298
sofa 0.0017073750495910645 26 273 234 374
chair 0.004314333200454712 317 182 497 373
person 0.0020346641540527344 437 131 499 310
sofa 0.01704654097557068 153 164 285 295
person 0.7556356191635132 273 129 398 314
chair 0.061874181032180786 273 167 451 347
sofa 0.017577439546585083 275 134 500 368
sofa 0.09467661380767822 0 173 137 328
sofa 0.06560257077217102 0 172 91 326
sofa 0.1436695158481598 0 172 261 337
chair 0.06142312288284302 188 163 286 295
person 0.9463987350463867 321 130 499 374
person 0.0010162293910980225 485 127 499 206
person 0.0023690462112426758 89 154 120 183
chair 0.010449320077896118 379 181 441 247
pottedplant 0.0018103718757629395 450 102 494 136
pottedplant 0.10557791590690613 312 98 385 178
person 0.006388753652572632 489 126 499 210
person 0.009860128164291382 309 128 387 239
person 0.014614790678024292 487 123 499 296
person 0.005597800016403198 25 146 154 215
person 0.0010775625705718994 0 61 37 183
bottle 0.0016355812549591064 186 278 205 312
pottedplant 0.0015130341053009033 44 197 110 253
person 0.0016228556632995605 490 128 499 156
person 0.010571062564849854 307 128 354 208
person 0.011331260204315186 308 128 376 194
person 0.0010322332382202148 23 141 111 214
person 0.5832034945487976 90 153 151 208
chair 0.004166156053543091 0 171 137 325
pottedplant 0.0029812753200531006 80 192 197 307
pottedplant 0.03371736407279968 90 159 189 303
pottedplant 0.0016102492809295654 39 188 90 258
person 0.1393992006778717 91 153 126 202
chair 0.0010004639625549316 298 201 402 334
chair 0.001111745834350586 319 206 435 327
person 0.003824770450592041 165 150 220 211
diningtable 0.0026212334632873535 467 167 499 374
pottedplant 0.8661319017410278 126 193 207 308
person 0.0019419193267822266 303 165 428 308
pottedplant 0.04903769493103027 405 149 453 194
person 0.002341538667678833 479 125 499 223
dog 0.0010945498943328857 90 162 152 209
person 0.001432657241821289 163 152 226 227
person 0.0010817945003509521 0 57 27 167
bottle 0.0013832449913024902 490 128 499 155
chair 0.0048677921295166016 333 181 446 288
chair 0.023598521947860718 0 168 91 322
pottedplant 0.8333238959312439 44 192 132 298
person 0.8469594717025757 164 151 246 283
pottedplant 0.011374980211257935 341 145 387 178
person 0.00438198447227478 474 131 499 339
sofa 0.0030280649662017822 5 169 97 264
pottedplant 0.0019266009330749512 89 127 140 168
person 0.07977861166000366 91 154 152 300
person 0.03079017996788025 89 153 174 307
person 0.0023968517780303955 90 152 250 313
chair 0.0021827220916748047 6 170 75 266
person 0.7341197729110718 22 141 104 264
pottedplant 0.002969682216644287 409 166 456 194
person 0.0012842416763305664 473 129 499 230
person 0.003650069236755371 491 111 499 258
person 0.0016874969005584717 164 150 234 255
person 0.003824770450592041 288 128 354 241
person 0.0012943148612976074 119 150 238 286
