car 0.16398006677627563 363 139 500 373
motorbike 0.45035916566848755 29 207 269 373
car 0.35131120681762695 317 161 420 269
person 0.8025557994842529 192 152 274 308
pottedplant 0.0011694133281707764 0 124 25 336
car 0.061874181032180786 407 99 499 373
boat 0.0014215409755706787 0 221 314 373
car 0.0607527494430542 443 99 499 373
person 0.8929362297058105 74 127 249 373
motorbike 0.3575683832168579 317 161 418 272
bottle 0.0020666420459747314 116 157 131 187
motorbike 0.00208282470703125 364 172 421 219
person 0.0033763349056243896 344 175 411 253
person 0.003565669059753418 363 194 413 229
person 0.0034696757793426514 369 190 413 220
car 0.07450070977210999 319 161 389 212
car 0.0016613304615020752 318 159 425 218
bird 0.0012544989585876465 0 234 24 269
motorbike 0.007431507110595703 368 188 419 222
person 0.0013778507709503174 388 189 422 218
pottedplant 0.003298431634902954 2 149 42 199
car 0.007606714963912964 440 188 488 224
motorbike 0.025564581155776978 319 216 371 272
person 0.0014438629150390625 0 209 23 269
car 0.0010322332382202148 0 235 23 325
bicycle 0.0012943148612976074 181 204 275 355
bicycle 0.0013459324836730957 199 214 275 306
motorbike 0.0016940832138061523 226 217 275 306
boat 0.01048976182937622 0 228 22 332
motorbike 0.0015130341053009033 180 205 275 374
person 0.00874510407447815 0 213 25 321
pottedplant 0.003736436367034912 0 142 7 203
pottedplant 0.0015729963779449463 0 147 15 202
pottedplant 0.00135117769241333 0 141 11 202
boat 0.0012496113777160645 0 234 24 282
person 0.003537982702255249 0 149 24 275
motorbike 0.0015010833740234375 345 190 410 265
car 0.001560807228088379 461 163 485 174
car 0.0026110410690307617 484 120 499 217
car 0.002725452184677124 488 123 500 216
person 0.00391504168510437 0 195 25 284
motorbike 0.180683434009552 316 170 371 272
car 0.002453356981277466 429 168 461 213
car 0.004886746406555176 0 274 22 333
boat 0.00916031002998352 0 276 22 332
bicycle 0.0015010833740234375 189 166 216 191
person 0.0025115013122558594 100 127 187 220
person 0.004314333200454712 378 235 445 285
person 0.4843800663948059 363 158 424 220
car 0.2261001169681549 318 161 389 233
motorbike 0.002115577459335327 357 196 413 251
person 0.0015791356563568115 362 193 416 246
car 0.6992539167404175 439 169 493 225
car 0.007938534021377563 474 147 500 313
pottedplant 0.0010083019733428955 0 139 17 265
person 0.003537982702255249 125 128 229 282
person 0.04336750507354736 193 152 275 251
person 0.22067788243293762 319 161 367 249
person 0.1980639398097992 355 159 424 248
car 0.0021827220916748047 467 160 500 325
pottedplant 0.0019799768924713135 0 153 110 249
person 0.018334269523620605 107 127 248 336
