boat 0.00118333101272583 109 220 483 290
boat 0.0038546323776245117 466 92 499 229
boat 0.7483526468276978 41 0 414 293
boat 0.003565669059753418 467 158 499 279
boat 0.09367886185646057 35 187 409 293
boat 0.0028228759765625 179 204 472 289
boat 0.0010567307472229004 449 155 499 288
boat 0.0018676519393920898 204 172 390 280
boat 0.0010162293910980225 293 179 450 225
boat 0.01013106107711792 467 158 499 235
person 0.0046637654304504395 175 173 205 205
train 0.0012544989585876465 352 174 393 198
boat 0.03817746043205261 341 212 461 286
boat 0.09367886185646057 373 226 464 288
boat 0.0021827220916748047 378 217 500 284
car 0.010611921548843384 103 205 150 231
car 0.011244326829910278 0 190 66 223
car 0.7461398243904114 23 190 66 222
car 0.04320555925369263 50 190 93 223
person 0.005240768194198608 225 216 247 236
boat 0.0011336207389831543 339 193 388 238
boat 0.0034293532371520996 318 191 446 279
chair 0.0011971890926361084 485 210 499 226
car 0.0011925697326660156 63 205 150 248
car 0.006169408559799194 73 206 149 231
person 0.0010322332382202148 109 210 142 230
car 0.0016613304615020752 335 191 419 231
car 0.7233090996742249 384 208 427 231
car 0.002341538667678833 388 200 460 227
car 0.0097084641456604 62 189 128 208
car 0.0076660215854644775 86 189 129 205
boat 0.05460202693939209 336 192 381 217
car 0.002590775489807129 336 193 414 218
car 0.0010526180267333984 345 195 421 221
boat 0.009936809539794922 61 190 159 247
boat 0.003147989511489868 276 187 386 246
boat 0.04849517345428467 333 192 387 226
boat 0.03271239995956421 332 190 428 230
bus 0.09334826469421387 466 165 499 224
boat 0.008677929639816284 323 191 391 236
boat 0.031024068593978882 383 205 427 231
car 0.06278634071350098 384 204 446 231
car 0.7981867790222168 406 199 469 231
boat 0.0010567307472229004 476 164 499 232
car 0.0018459856510162354 381 200 425 230
car 0.003751039505004883 398 200 438 218
car 0.001012265682220459 405 200 457 218
car 0.006589770317077637 80 197 154 230
boat 0.0022519826889038086 334 174 393 222
car 0.03271239995956421 78 190 150 215
person 0.012576550245285034 174 173 209 233
car 0.04146131873130798 67 190 145 225
car 0.013637453317642212 444 192 462 202
car 0.024702221155166626 59 190 104 225
car 0.012576550245285034 334 193 382 217
car 0.0016165375709533691 375 197 416 216
