boat 0.0016419589519500732 129 209 207 254
boat 0.0015189051628112793 75 223 207 260
person 0.0016102492809295654 198 209 216 237
person 0.02585861086845398 189 212 213 236
boat 0.01711207628250122 47 212 103 234
chair 0.0010362863540649414 287 301 316 345
person 0.6206216216087341 139 224 165 255
person 0.4148988127708435 165 219 189 256
person 0.7577925324440002 112 222 140 258
person 0.0018245279788970947 164 219 205 257
person 0.6619234681129456 182 219 208 258
person 0.1422344446182251 59 211 69 227
person 0.7676874399185181 90 199 105 239
person 0.019793838262557983 140 220 189 256
person 0.028222382068634033 138 214 155 225
person 0.05686435103416443 142 211 163 229
person 0.04958641529083252 152 210 162 229
bird 0.0016228556632995605 55 232 72 240
boat 0.004166156053543091 55 232 72 240
person 0.0016613304615020752 90 209 104 239
person 0.33807653188705444 206 209 215 238
cow 0.8577655553817749 350 215 382 271
boat 0.01949256658554077 47 211 85 231
person 0.0860166847705841 54 211 69 228
boat 0.003524214029312134 -2 221 55 236
boat 0.013901978731155396 46 219 80 230
boat 0.028761863708496094 47 216 71 230
person 0.002115577459335327 115 212 128 237
person 0.0010241866111755371 115 213 132 235
person 0.02405199408531189 138 214 150 224
person 0.004645615816116333 166 215 189 244
person 0.02056744694709778 172 217 188 240
person 0.01711207628250122 175 217 188 236
person 0.005911082029342651 184 217 205 244
person 0.008445650339126587 190 218 206 236
person 0.008611321449279785 196 213 209 237
