car 0.9651171565055847 0 209 312 477
pottedplant 0.0034832358360290527 239 188 332 286
pottedplant 0.004755467176437378 286 187 333 285
person 0.0015977323055267334 320 265 332 294
pottedplant 0.0017547309398651123 271 226 302 243
pottedplant 0.002958148717880249 269 220 324 244
pottedplant 0.005752265453338623 322 270 333 293
pottedplant 0.0017007291316986084 265 220 328 256
person 0.004198610782623291 211 236 250 263
pottedplant 0.004264324903488159 298 187 332 291
car 0.005554467439651489 322 268 333 294
