person 0.5039061903953552 448 137 499 373
sofa 0.0013564825057983398 146 245 310 374
person 0.2782570719718933 161 274 312 374
sofa 0.025515884160995483 190 160 500 373
person 0.00394555926322937 302 149 496 374
person 0.9254993200302124 364 142 499 374
person 0.6557776927947998 166 198 387 373
person 0.6851080656051636 317 155 408 373
chair 0.20497792959213257 0 208 48 370
sofa 0.0012544989585876465 30 149 340 347
sofa 0.006850332021713257 83 165 376 355
sofa 0.007065832614898682 103 177 316 367
person 0.28061643242836 128 150 284 325
sofa 0.09602698683738708 170 182 381 342
sofa 0.21011754870414734 175 178 444 360
person 0.003664344549179077 420 142 499 372
person 0.9254993200302124 43 121 155 332
sofa 0.005980461835861206 191 195 400 369
person 0.0097084641456604 212 156 365 289
person 0.2934045195579529 166 151 306 329
sofa 0.008984774351119995 293 148 500 372
sofa 0.0411514937877655 64 189 498 374
tvmonitor 0.005511492490768433 0 48 11 170
tvmonitor 0.004038453102111816 491 166 499 233
person 0.0020505785942077637 495 206 500 357
person 0.20946994423866272 253 151 305 216
bottle 0.0011513829231262207 233 350 259 374
chair 0.0011292099952697754 449 327 500 374
diningtable 0.0026212334632873535 449 329 499 374
person 0.028009146451950073 187 198 338 335
bottle 0.026658833026885986 51 157 65 184
person 0.5708098411560059 49 41 181 257
chair 0.017310142517089844 48 44 181 258
person 0.008677929639816284 47 119 194 323
person 0.05877736210823059 272 155 369 378
person 0.870158314704895 107 117 206 322
person 0.01013106107711792 185 154 358 314
person 0.03271239995956421 473 126 499 370
tvmonitor 0.005426615476608276 0 80 10 173
chair 0.0018245279788970947 486 137 500 223
tvmonitor 0.001560807228088379 0 65 8 168
person 0.037469178438186646 173 151 277 275
person 0.008711427450180054 488 148 499 374
person 0.003884732723236084 316 226 391 374
person 0.0014104843139648438 206 174 331 282
person 0.0024628937244415283 230 190 342 267
person 0.10520932078361511 262 159 360 260
person 0.0060506463050842285 326 156 443 309
person 0.015663117170333862 482 142 499 360
person 0.008644551038742065 224 192 352 341
person 0.038034677505493164 239 158 361 359
bottle 0.02211776375770569 186 326 204 360
person 0.006903529167175293 325 153 467 336
bottle 0.0015010833740234375 68 190 82 211
bottle 0.0011248290538787842 68 188 86 217
tvmonitor 0.13296425342559814 486 158 499 209
tvmonitor 0.0019191503524780273 0 79 6 171
person 0.003976315259933472 481 134 500 291
person 0.014727562665939331 492 135 500 292
chair 0.0010004639625549316 0 163 21 259
pottedplant 0.002424955368041992 142 321 189 351
person 0.0010004639625549316 491 218 500 365
diningtable 0.002693742513656616 449 276 499 374
chair 0.00391504168510437 448 244 499 373
person 0.00185316801071167 325 162 361 262
person 0.22747060656547546 325 155 402 264
person 0.603931725025177 300 159 359 257
tvmonitor 0.00933942198753357 488 161 499 329
person 0.002115577459335327 64 122 155 265
person 0.027067720890045166 198 151 314 255
