bicycle 0.9544758796691895 9 242 376 499
boat 0.012723177671432495 224 45 247 62
boat 0.030558109283447266 244 45 265 62
person 0.0012447535991668701 36 55 62 78
person 0.004198610782623291 46 56 59 77
pottedplant 0.0013995170593261719 61 51 84 73
boat 0.013955414295196533 200 57 233 72
pottedplant 0.002560734748840332 7 55 65 80
chair 0.0011971890926361084 2 0 50 67
chair 0.0015010833740234375 3 0 71 69
person 0.012528061866760254 325 155 368 177
boat 0.012821823358535767 202 101 374 160
pottedplant 0.003496825695037842 355 252 374 303
pottedplant 0.002901047468185425 358 214 374 308
boat 0.0022344589233398438 296 28 316 43
pottedplant 0.013901978731155396 276 245 362 303
boat 0.0869433581829071 215 37 264 63
boat 0.09704703092575073 199 60 236 82
boat 0.011158108711242676 68 35 209 103
boat 0.05749580264091492 62 0 225 103
boat 0.01467105746269226 0 36 68 116
person 0.0020666420459747314 323 150 355 177
boat 0.5660187602043152 0 0 70 119
person 0.0011031031608581543 11 249 139 446
person 0.0030162930488586426 77 249 137 442
pottedplant 0.010611921548843384 276 202 374 399
boat 0.9029529690742493 35 102 375 221
boat 0.0012943148612976074 145 101 374 204
pottedplant 0.0038546323776245117 0 30 8 65
pottedplant 0.0017963051795959473 61 51 75 74
pottedplant 0.005159556865692139 207 51 227 67
person 0.004150032997131348 315 155 351 179
pottedplant 0.002074718475341797 0 18 9 66
pottedplant 0.0012399256229400635 357 260 374 311
pottedplant 0.0012742578983306885 359 260 374 332
person 0.03032785654067993 88 248 134 359
person 0.00391504168510437 87 246 180 377
car 0.0016678273677825928 134 29 191 47
car 0.007011294364929199 122 38 142 51
pottedplant 0.03649437427520752 159 29 188 45
pottedplant 0.006903529167175293 204 38 233 65
pottedplant 0.012772411108016968 214 35 248 63
boat 0.001069188117980957 130 29 198 50
boat 0.005554467439651489 134 29 186 48
car 0.00952214002609253 217 32 260 46
car 0.006640911102294922 255 29 288 43
car 0.0017547309398651123 256 28 295 44
car 0.0018388032913208008 283 28 317 44
car 0.005384683609008789 297 31 317 44
car 0.0024921000003814697 298 30 320 41
car 0.004450768232345581 315 25 331 38
car 0.0010733604431152344 326 23 343 36
pottedplant 0.004503071308135986 354 197 374 300
pottedplant 0.02056744694709778 207 43 228 66
pottedplant 0.029985934495925903 221 41 247 63
person 0.0030162930488586426 50 248 136 413
person 0.01791679859161377 88 248 134 406
person 0.001178741455078125 86 245 188 420
person 0.23092201352119446 292 155 314 180
person 0.23092201352119446 326 155 346 177
person 0.28298789262771606 342 155 372 177
car 0.0033763349056243896 214 33 256 52
boat 0.0020666420459747314 256 31 281 43
person 0.0010650157928466797 228 486 248 499
bottle 0.0010817945003509521 231 487 246 499
boat 0.0015010833740234375 231 36 264 63
pottedplant 0.008252084255218506 262 42 280 52
boat 0.20370766520500183 0 84 62 119
boat 0.0023506581783294678 260 40 280 52
pottedplant 0.00443345308303833 0 28 9 72
chair 0.005797207355499268 9 14 44 60
pottedplant 0.4610167145729065 283 202 373 297
pottedplant 0.0013044774532318115 65 0 91 23
person 0.007176309823989868 352 154 373 177
pottedplant 0.012971192598342896 359 267 374 290
