person 0.0034561753273010254 0 72 49 371
chair 0.0011336207389831543 11 149 500 374
dog 0.8940523266792297 132 139 499 367
chair 0.003063589334487915 292 94 391 158
tvmonitor 0.003795117139816284 292 94 390 159
sofa 0.5087882280349731 48 1 276 194
person 0.022586196660995483 0 7 47 219
chair 0.0015189051628112793 262 5 422 139
dog 0.21535086631774902 0 55 48 233
pottedplant 0.001225501298904419 263 0 348 138
sofa 0.013223767280578613 20 14 498 364
chair 0.00941208004951477 36 16 498 365
cat 0.0048677921295166016 0 131 49 312
chair 0.005119770765304565 292 30 418 152
pottedplant 0.0018895864486694336 266 0 344 70
