chair 0.0024344027042388916 201 317 363 499
chair 0.9105420708656311 163 368 374 499
pottedplant 0.036357581615448 237 82 272 116
pottedplant 0.0038546323776245117 258 85 307 118
pottedplant 0.0013250410556793213 1 238 31 278
pottedplant 0.0018245279788970947 3 240 52 292
pottedplant 0.003960907459259033 23 241 51 297
pottedplant 0.0016678273677825928 202 257 234 288
pottedplant 0.0011879205703735352 26 0 116 38
diningtable 0.003324180841445923 0 451 56 499
pottedplant 0.07133513689041138 231 73 270 117
pottedplant 0.32082176208496094 0 224 21 280
pottedplant 0.0016228556632995605 236 78 307 118
pottedplant 0.008950114250183105 0 224 53 279
chair 0.0018103718757629395 0 365 12 422
chair 0.003324180841445923 0 361 21 422
chair 0.003765672445297241 0 359 47 422
pottedplant 0.0016355812549591064 155 285 182 349
bottle 0.0016165375709533691 184 245 202 284
pottedplant 0.002115577459335327 190 246 231 288
pottedplant 0.0013044774532318115 107 310 160 398
pottedplant 0.01904943585395813 238 88 266 116
pottedplant 0.0010567307472229004 349 154 374 241
pottedplant 0.003272920846939087 264 86 299 118
chair 0.001674354076385498 11 300 56 353
chair 0.01013106107711792 0 452 45 499
chair 0.004416227340698242 0 288 52 322
pottedplant 0.6566590666770935 112 296 175 403
diningtable 0.03021344542503357 0 418 68 499
pottedplant 0.040386855602264404 57 309 112 400
pottedplant 0.0653633177280426 89 300 126 393
chair 0.016658097505569458 0 292 60 369
pottedplant 0.05089092254638672 53 267 118 402
pottedplant 0.0014215409755706787 239 96 264 116
pottedplant 0.0024628937244415283 55 308 112 365
chair 0.002424955368041992 0 277 19 319
chair 0.8128677606582642 0 297 67 421
chair 0.0015189051628112793 0 270 53 320
chair 0.0014608204364776611 52 316 111 399
pottedplant 0.03359013795852661 75 308 123 396
pottedplant 0.003736436367034912 124 328 162 403
bottle 0.005663484334945679 174 248 188 283
person 0.0011879205703735352 190 246 223 287
pottedplant 0.0013147294521331787 124 296 178 380
chair 0.003510504961013794 0 476 57 499
chair 0.001225501298904419 0 488 59 500
chair 0.01444736123085022 0 417 67 499
tvmonitor 0.0018388032913208008 0 0 38 16
pottedplant 0.0011648833751678467 0 0 38 16
pottedplant 0.003285646438598633 40 253 123 378
pottedplant 0.06804093718528748 68 249 137 400
pottedplant 0.12002691626548767 88 249 136 399
pottedplant 0.005468875169754028 91 291 171 400
pottedplant 0.0015487074851989746 152 290 182 389
pottedplant 0.0051396191120147705 349 79 374 171
pottedplant 0.0012842416763305664 102 289 178 379
diningtable 0.0016613304615020752 232 381 349 436
chair 0.003324180841445923 0 364 66 500
pottedplant 0.0010817945003509521 37 0 99 26
pottedplant 0.013689994812011719 2 230 52 320
pottedplant 0.7233090996742249 32 256 85 321
pottedplant 0.697608470916748 91 249 136 314
pottedplant 0.0011336207389831543 232 67 267 99
pottedplant 0.0010567307472229004 259 73 314 186
chair 0.0016678273677825928 233 386 349 436
chair 0.0010988116264343262 230 370 374 436
tvmonitor 0.001477956771850586 0 0 37 11
pottedplant 0.002424955368041992 0 0 36 10
pottedplant 0.0010322332382202148 76 299 120 369
pottedplant 0.004331141710281372 8 225 58 286
pottedplant 0.0029466450214385986 0 263 19 320
pottedplant 0.02096518874168396 28 251 54 318
pottedplant 0.026456594467163086 46 265 81 319
bottle 0.00803142786026001 38 0 62 18
pottedplant 0.0033112764358520508 34 0 94 18
pottedplant 0.022629231214523315 19 235 57 316
pottedplant 0.003780364990234375 73 263 96 316
pottedplant 0.005576103925704956 75 258 103 315
pottedplant 0.0014104843139648438 82 250 116 315
pottedplant 0.009821981191635132 0 157 31 174
