car 0.004774004220962524 441 81 499 101
bicycle 0.0013778507709503174 373 36 410 100
person 0.0021573007106781006 0 48 11 164
car 0.0011741816997528076 0 53 20 166
motorbike 0.004905790090560913 0 71 36 237
car 0.0028228759765625 424 55 499 94
train 0.022543251514434814 428 53 500 89
car 0.008644551038742065 432 81 499 121
bottle 0.0018969178199768066 374 38 415 101
car 0.003809899091720581 456 50 500 81
car 0.008611321449279785 416 53 499 111
train 0.012006610631942749 422 53 499 104
person 0.004591643810272217 0 44 7 165
person 0.003389507532119751 0 58 17 161
bicycle 0.009898394346237183 112 31 147 68
train 0.0023690462112426758 423 22 499 125
person 0.006003767251968384 258 82 289 125
car 0.004102110862731934 373 39 417 116
train 0.005159556865692139 415 38 500 136
bus 0.0010444223880767822 406 64 499 123
person 0.005685538053512573 0 64 6 158
car 0.0011336207389831543 0 83 37 158
car 0.02479657530784607 405 64 500 127
car 0.0069571733474731445 407 52 499 170
motorbike 0.00517958402633667 0 59 33 162
motorbike 0.7563560009002686 0 58 96 165
bus 0.0011336207389831543 428 56 500 79
car 0.9420797824859619 42 61 390 280
motorbike 0.028761863708496094 0 76 49 167
person 0.0024438798427581787 162 73 204 139
person 0.0010817945003509521 231 85 260 120
motorbike 0.028544962406158447 2 59 95 117
bicycle 0.015845149755477905 32 59 95 116
motorbike 0.0034561753273010254 0 89 6 159
car 0.0014104843139648438 0 87 48 164
person 0.0010444223880767822 165 77 199 104
motorbike 0.007120847702026367 0 78 8 165
motorbike 0.00941208004951477 0 80 15 165
train 0.0011603832244873047 426 29 499 85
person 0.0034027397632598877 0 89 6 152
