tvmonitor 0.004718571901321411 267 90 487 308
person 0.007065832614898682 26 89 85 277
person 0.0048677921295166016 40 191 62 277
person 0.00284498929977417 41 91 113 279
person 0.0023324191570281982 40 207 62 269
person 0.005619615316390991 33 126 83 274
tvmonitor 0.0015130341053009033 483 12 499 127
person 0.0010988116264343262 64 251 82 272
chair 0.0014104843139648438 329 231 377 308
person 0.009485304355621338 114 205 135 268
person 0.8428651094436646 212 149 274 304
tvmonitor 0.0011160969734191895 400 4 498 415
tvmonitor 0.2166738212108612 71 10 483 383
person 0.0015729963779449463 64 246 82 269
tvmonitor 0.11437144875526428 294 9 484 339
person 0.01627802848815918 116 242 135 269
person 0.012053072452545166 49 154 82 267
person 0.0026832520961761475 359 218 401 282
person 0.001335442066192627 360 227 395 290
tvmonitor 0.0024344027042388916 234 147 259 173
person 0.0012112557888031006 317 195 418 304
person 0.007938534021377563 362 209 420 275
person 0.8056327104568481 68 163 120 303
person 0.5679367780685425 310 146 365 303
person 0.059864312410354614 10 148 55 300
person 0.01764485239982605 116 184 135 270
person 0.7310574054718018 134 160 178 301
person 0.6424316167831421 291 162 327 275
tvmonitor 0.004503071308135986 484 0 499 223
person 0.09568923711776733 116 229 135 268
person 0.0010322332382202148 441 104 470 141
person 0.004364967346191406 59 218 84 271
person 0.004399091005325317 63 230 84 271
