chair 0.6279522776603699 345 181 499 373
diningtable 0.85584956407547 0 126 476 374
chair 0.003524214029312134 429 91 499 369
chair 0.007373988628387451 448 153 483 248
chair 0.004198610782623291 0 104 77 227
chair 0.7008944153785706 39 96 115 199
person 0.0010362863540649414 0 157 23 373
chair 0.825588047504425 354 87 430 148
chair 0.03462067246437073 441 168 500 375
chair 0.0800657868385315 413 170 500 301
chair 0.0014215409755706787 461 326 499 373
chair 0.02386951446533203 459 193 499 374
bottle 0.0011694133281707764 290 109 317 158
chair 0.0012594163417816162 472 213 499 357
chair 0.004331141710281372 464 275 499 377
chair 0.0025115013122558594 0 95 116 216
chair 0.0017753839492797852 0 97 109 262
chair 0.01542365550994873 443 181 499 287
chair 0.0016039609909057617 462 170 499 276
bottle 0.0020585954189300537 302 108 316 132
chair 0.04977071285247803 416 152 486 293
bottle 0.0021912753582000732 278 123 303 176
bottle 0.015784263610839844 295 122 324 191
chair 0.001455157995223999 484 162 499 263
chair 0.0011248290538787842 472 161 499 259
chair 0.0010043680667877197 0 84 52 309
chair 0.0019799768924713135 0 100 79 285
chair 0.04402092099189758 426 150 483 269
chair 0.015663117170333862 440 141 499 285
chair 0.0030516982078552246 463 129 499 316
