person 0.001264333724975586 217 125 487 374
dog 0.22815802693367004 103 16 498 373
person 0.6817271113395691 0 22 398 374
dog 0.007065832614898682 319 133 500 373
person 0.0019419193267822266 0 30 45 373
person 0.00809389352798462 0 30 167 374
tvmonitor 0.001111745834350586 0 57 26 222
dog 0.6020615696907043 108 15 343 267
tvmonitor 0.044351041316986084 0 -1 250 81
tvmonitor 0.04903769493103027 0 -1 462 82
tvmonitor 0.0033763349056243896 -1 -4 350 120
tvmonitor 0.007518589496612549 0 -2 472 217
tvmonitor 0.00257071852684021 -14 3 193 72
