bird 0.0022344589233398438 477 40 499 338
bird 0.012146621942520142 309 218 488 302
bird 0.001957029104232788 174 176 488 302
bird 0.0018174350261688232 245 356 486 415
bird 0.0012544989585876465 319 345 484 416
bird 0.0010362863540649414 357 329 488 416
bird 0.0032602250576019287 41 365 455 442
bird 0.005774706602096558 235 371 480 426
bird 0.004133999347686768 376 374 499 436
bird 0.003650069236755371 488 15 499 310
bird 0.0011160969734191895 3 39 359 199
bird 0.7341197729110718 9 38 356 291
bird 0.0015487074851989746 457 20 499 278
bird 0.00257071852684021 452 380 499 429
