chair 0.06878867745399475 0 226 141 374
diningtable 0.5243947505950928 126 285 497 374
chair 0.0010043680667877197 20 95 141 332
person 0.8504682183265686 34 89 172 333
diningtable 0.0328364372253418 0 279 140 374
chair 0.13523343205451965 0 297 140 374
diningtable 0.0010362863540649414 0 244 401 373
chair 0.1187908947467804 0 167 16 333
chair 0.001466512680053711 35 97 257 342
person 0.9276229739189148 266 142 447 290
chair 0.013172894716262817 35 93 174 349
chair 0.0010567307472229004 38 143 242 363
person 0.018795818090438843 469 155 499 337
chair 0.02779737114906311 24 175 153 369
chair 0.0013832449913024902 0 125 19 205
chair 0.001028209924697876 0 129 37 206
chair 0.0010485053062438965 488 215 499 356
person 0.004331141710281372 0 123 16 158
person 0.0010004639625549316 346 131 366 153
chair 0.005819797515869141 0 137 45 258
person 0.020885050296783447 34 86 153 232
chair 0.0013044774532318115 0 254 10 338
person 0.028761863708496094 332 131 374 177
person 0.6029970049858093 191 104 275 285
person 0.7725293636322021 80 26 163 213
chair 0.014727562665939331 0 225 25 373
chair 0.08418995141983032 0 283 69 373
chair 0.13893115520477295 3 291 69 339
bottle 0.006339401006698608 489 282 499 346
chair 0.012821823358535767 0 173 33 336
chair 0.020176976919174194 0 177 73 335
chair 0.021452128887176514 0 228 68 338
person 0.003780364990234375 469 206 499 315
person 0.0035935938358306885 489 200 500 322
person 0.0017275214195251465 267 189 362 292
bottle 0.8407841920852661 331 219 359 301
bottle 0.8643088936805725 353 193 396 318
chair 0.018688201904296875 39 191 115 336
chair 0.058993369340896606 0 247 69 368
diningtable 0.001069188117980957 112 211 275 273
chair 0.0010322332382202148 157 141 274 289
chair 0.0017547309398651123 0 123 22 178
chair 0.0010004639625549316 362 182 448 284
bottle 0.0020346641540527344 0 123 4 161
person 0.04813694953918457 343 131 373 165
person 0.0012159943580627441 0 123 19 176
chair 0.002090960741043091 0 313 102 373
chair 0.0010162293910980225 0 348 91 374
bottle 0.0017823278903961182 166 250 192 295
person 0.0025115013122558594 486 201 500 304
bottle 0.0011248290538787842 488 234 499 350
person 0.003884732723236084 151 114 272 260
bottle 0.0014104843139648438 0 123 7 161
person 0.00208282470703125 172 113 260 227
person 0.4016876220703125 191 105 275 221
