car 0.9485396146774292 125 120 375 297
person 0.007938534021377563 475 137 499 212
person 0.0030045807361602783 293 125 312 146
person 0.0034293532371520996 331 106 347 154
person 0.005888134241104126 485 140 499 209
person 0.004681944847106934 358 120 378 159
person 0.8221883177757263 292 90 345 151
person 0.0012742578983306885 390 124 401 151
person 0.001495271921157837 483 116 499 180
person 0.007093280553817749 330 92 348 127
person 0.031736671924591064 355 120 372 160
person 0.0014438629150390625 382 123 402 173
train 0.018334269523620605 0 97 57 182
train 0.05623906850814819 0 102 36 184
person 0.003621727228164673 138 120 150 172
person 0.0016874969005584717 151 121 167 154
person 0.0017342865467071533 163 100 178 119
person 0.004416227340698242 150 120 178 150
person 0.0010241866111755371 165 126 189 150
person 0.040538668632507324 95 146 111 203
train 0.02717086672782898 0 88 102 187
train 0.0012994110584259033 462 35 499 266
person 0.0015366971492767334 50 125 65 165
person 0.0027042627334594727 55 124 75 169
person 0.0013302266597747803 63 126 80 169
person 0.001554727554321289 100 123 117 160
person 0.0018245279788970947 124 122 134 162
person 0.006666600704193115 126 120 144 173
bicycle 0.004182338714599609 170 137 189 150
motorbike 0.002199828624725342 171 138 189 150
person 0.0012842416763305664 365 121 427 195
person 0.7122327089309692 138 121 163 171
person 0.03449025750160217 25 124 45 184
person 0.06371176242828369 42 123 60 181
person 0.004314333200454712 54 130 71 179
person 0.015483170747756958 54 143 76 179
person 0.005468875169754028 57 133 78 178
person 0.005752265453338623 64 127 84 177
person 0.0010860264301300049 67 122 102 180
person 0.003991752862930298 78 120 105 183
person 0.0015426874160766602 90 143 109 175
person 0.0116862952709198 98 147 110 175
person 0.0020991265773773193 449 118 472 175
car 0.0019419193267822266 0 130 18 178
person 0.002424955368041992 49 125 66 177
person 0.007636308670043945 53 125 77 179
person 0.002359837293624878 98 125 113 176
car 0.017510265111923218 0 136 38 184
person 0.0025807321071624756 39 132 55 182
person 0.01467105746269226 97 146 111 184
person 0.0020267367362976074 363 122 393 166
person 0.0012943148612976074 377 124 402 192
person 0.11437144875526428 436 125 464 177
person 0.021534323692321777 471 118 494 176
person 0.013172894716262817 473 117 499 185
person 0.020176976919174194 492 114 500 206
person 0.0017275214195251465 384 127 403 195
person 0.001972287893295288 443 124 458 164
person 0.017510265111923218 454 117 474 171
person 0.0010567307472229004 487 116 499 163
train 0.006666600704193115 0 104 27 171
person 0.0011424720287322998 53 126 65 162
person 0.011244326829910278 391 127 417 197
person 0.02414378523826599 394 128 424 198
person 0.013274848461151123 414 127 441 200
person 0.001012265682220459 24 119 44 142
person 0.002341538667678833 62 141 85 201
person 0.3738749921321869 367 123 399 188
person 0.0010567307472229004 368 121 388 147
person 0.00185316801071167 377 121 395 143
person 0.0012159943580627441 389 124 401 141
person 0.001225501298904419 468 118 482 142
person 0.0014438629150390625 469 119 490 144
person 0.0012792348861694336 13 121 33 162
person 0.00536385178565979 474 134 492 175
car 0.008611321449279785 0 140 22 184
person 0.0018676519393920898 54 126 64 147
person 0.003635883331298828 61 124 74 144
person 0.2173374891281128 17 126 37 184
person 0.0031115710735321045 81 117 101 148
person 0.0022431910037994385 103 122 118 155
person 0.007373988628387451 54 150 73 179
person 0.26894259452819824 73 125 107 203
person 0.004645615816116333 164 122 185 150
person 0.0012842416763305664 326 97 347 154
person 0.003324180841445923 396 125 437 198
car 0.0017615854740142822 0 108 29 186
car 0.0012018680572509766 0 112 53 185
person 0.0011031031608581543 373 121 397 149
person 0.13799899816513062 54 146 77 195
person 0.014392048120498657 333 92 348 153
person 0.06488728523254395 88 141 110 203
person 0.0019191503524780273 152 106 178 153
person 0.0010650157928466797 163 100 178 147
person 0.012146621942520142 138 120 173 153
person 0.04569396376609802 155 120 174 152
person 0.0024824440479278564 165 120 180 150
