train 0.9118072390556335 29 11 452 332
car 0.0016102492809295654 466 284 475 297
person 0.003607630729675293 476 283 484 300
car 0.0010902583599090576 486 282 497 300
person 0.00916031002998352 0 267 6 329
person 0.0018676519393920898 476 285 487 301
motorbike 0.0012842416763305664 477 286 489 301
train 0.003635883331298828 13 -171 460 229
person 0.012723177671432495 0 262 9 330
car 0.001289278268814087 485 274 499 300
car 0.006797581911087036 453 284 464 295
car 0.012099772691726685 462 284 471 295
car 0.0022431910037994385 465 283 474 296
car 0.007065832614898682 490 282 499 297
car 0.014898449182510376 0 280 9 331
train 0.0015010833740234375 0 270 11 324
car 0.009485304355621338 0 302 9 331
car 0.003442734479904175 0 314 10 331
car 0.002003192901611328 489 270 499 290
car 0.003930270671844482 488 273 499 297
train 0.004681944847106934 0 271 21 325
train 0.001560807228088379 0 263 6 327
train 0.0018676519393920898 0 269 23 299
car 0.01422739028930664 19 276 31 291
