diningtable 0.10706377029418945 67 189 474 310
chair 0.0022170841693878174 372 183 499 310
chair 0.1179770827293396 454 132 499 310
chair 0.011244326829910278 426 188 499 310
sofa 0.8031741380691528 76 14 489 241
person 0.0033763349056243896 66 3 316 203
chair 0.019306659698486328 0 91 97 309
sofa 0.0012792348861694336 25 123 301 230
sofa 0.004468142986297607 24 124 407 223
sofa 0.008062601089477539 0 134 95 310
person 0.001957029104232788 107 73 236 143
bottle 0.0028009116649627686 123 116 219 152
bottle 0.003510504961013794 230 211 259 266
diningtable 0.05521073937416077 0 195 97 310
chair 0.1276499330997467 454 198 499 311
chair 0.002199828624725342 281 291 388 311
chair 0.002746790647506714 24 13 195 207
bottle 0.011287689208984375 273 163 296 217
sofa 0.3098579943180084 24 8 415 210
person 0.7302901148796082 154 3 313 195
sofa 0.0034027397632598877 71 10 331 144
bottle 0.016029298305511475 322 177 344 229
bottle 0.01854574680328369 204 213 231 261
bottle 0.8459442853927612 153 148 175 211
