person 0.0014159977436065674 133 189 376 359
person 0.8828321695327759 93 59 409 360
sofa 0.3032161295413971 0 123 464 373
sofa 0.15558895468711853 0 0 463 370
chair 0.009375691413879395 84 106 434 360
chair 0.0033112764358520508 289 108 434 359
chair 0.004485577344894409 0 130 133 363
person 0.0011336207389831543 205 63 295 161
chair 0.001028209924697876 0 14 14 203
person 0.001455157995223999 197 62 404 222
chair 0.00257071852684021 494 103 500 194
person 0.0021657347679138184 173 73 426 248
chair 0.0016548335552215576 0 20 26 361
chair 0.5448012948036194 0 1 460 371
chair 0.0046637654304504395 0 29 16 138
tvmonitor 0.0010817945003509521 423 324 499 374
