cow 0.0011879205703735352 0 -99 502 5
cow 0.41016557812690735 90 0 503 319
dog 0.690976619720459 97 -1 393 349
sheep 0.002003192901611328 336 53 422 122
cow 0.042245686054229736 97 5 379 347
sheep 0.05749580264091492 131 0 500 304
cow 0.0015366971492767334 329 55 408 126
cow 0.012625247240066528 8 -154 493 0
sheep 0.052229225635528564 438 0 498 43
sheep 0.002341538667678833 313 0 499 81
sheep 0.001335442066192627 358 0 500 71
sheep 0.002003192901611328 443 0 499 137
sheep 0.004645615816116333 370 0 499 45
sheep 0.004681944847106934 443 0 499 81
