bird 0.9284056425094604 101 151 180 321
bird 0.9105420708656311 360 142 433 329
bird 0.001489490270614624 0 275 12 341
pottedplant 0.00406983494758606 0 300 18 337
pottedplant 0.0010241866111755371 167 297 249 337
pottedplant 0.0031976401805877686 0 93 81 184
pottedplant 0.0011925697326660156 446 131 499 342
pottedplant 0.0019876956939697266 0 157 117 322
person 0.001957029104232788 0 210 11 336
pottedplant 0.004718571901321411 0 241 12 338
pottedplant 0.0011292099952697754 0 247 30 337
pottedplant 0.0016613304615020752 0 99 21 185
pottedplant 0.020022839307785034 0 271 12 338
pottedplant 0.0022785067558288574 74 289 138 337
diningtable 0.0013995170593261719 -1 63 133 116
pottedplant 0.0015366971492767334 0 103 32 182
pottedplant 0.007093280553817749 245 96 346 271
bottle 0.0012399256229400635 487 236 499 337
pottedplant 0.004182338714599609 0 298 13 367
pottedplant 0.06681138277053833 0 302 12 337
pottedplant 0.005261063575744629 0 293 30 337
pottedplant 0.0011292099952697754 0 279 71 337
pottedplant 0.002958148717880249 343 238 365 274
