train 0.7981867790222168 110 123 494 355
train 0.02302268147468567 59 128 261 312
train 0.008380681276321411 59 128 392 311
person 0.0011694133281707764 184 182 217 215
person 0.06324738264083862 202 183 216 209
person 0.0028339028358459473 200 176 242 236
person 0.09946715831756592 223 175 245 245
person 0.5698527097702026 385 81 436 146
person 0.0012159943580627441 199 181 217 240
person 0.0034696757793426514 200 180 225 243
person 0.001335442066192627 437 235 455 254
person 0.0013044774532318115 435 227 482 268
train 0.0018676519393920898 16 12 502 325
person 0.003510504961013794 380 168 468 348
person 0.0019419193267822266 435 230 457 287
person 0.002725452184677124 434 228 463 290
person 0.003765672445297241 432 227 483 291
person 0.05582568049430847 202 174 245 313
bottle 0.005554467439651489 396 288 430 345
train 0.00831615924835205 85 157 201 271
person 0.0012842416763305664 193 175 228 274
person 0.309023380279541 221 174 246 279
person 0.0012065470218658447 217 176 269 294
person 0.0017275214195251465 224 175 242 207
person 0.0015307366847991943 389 173 410 195
person 0.0019191503524780273 434 226 472 296
person 0.0030398666858673096 457 235 483 295
train 0.06512489914894104 61 171 164 271
train 0.0116862952709198 129 148 212 272
