person 0.9317106008529663 277 185 360 358
sofa 0.0022170841693878174 86 194 371 360
person 0.9401357173919678 188 197 283 348
sofa 0.006241738796234131 96 182 241 349
person 0.9551495909690857 90 190 189 360
person 0.7570750117301941 268 52 351 341
person 0.912121057510376 338 98 422 351
person 0.02096518874168396 360 70 433 349
sofa 0.0035518109798431396 1 218 461 364
person 0.0010162293910980225 486 96 499 192
person 0.8469594717025757 212 100 275 231
person 0.001120448112487793 160 76 267 201
person 0.04485040903091431 55 75 163 240
person 0.6592963337898254 156 65 225 256
person 0.8204694986343384 373 47 456 357
person 0.028544962406158447 394 88 440 340
person 0.08299189805984497 374 47 457 222
person 0.013021320104598999 104 68 224 246
person 0.8122729063034058 105 71 164 242
person 0.001178741455078125 40 132 87 321
person 0.9222040176391602 40 83 117 327
chair 0.04535484313964844 487 135 499 190
person 0.0038546323776245117 388 99 431 344
bottle 0.001335442066192627 174 156 190 190
person 0.001524806022644043 172 93 210 190
