sofa 0.8723500967025757 48 195 394 373
sofa 0.020488768815994263 395 144 499 327
sofa 0.00831615924835205 324 144 500 354
sofa 0.0018895864486694336 0 191 125 373
chair 0.0025310516357421875 92 94 123 146
chair 0.0022963285446166992 314 174 376 231
pottedplant 0.0020346641540527344 160 39 193 145
chair 0.0010083019733428955 234 111 343 205
chair 0.43782347440719604 175 156 270 215
chair 0.001111745834350586 247 130 345 215
chair 0.0607527494430542 114 54 159 116
chair 0.0012065470218658447 170 110 191 131
chair 0.045864373445510864 113 56 172 129
chair 0.014727562665939331 113 54 184 144
chair 0.009633511304855347 30 112 86 179
chair 0.0020425915718078613 29 111 148 181
chair 0.003123670816421509 160 40 189 134
chair 0.0013778507709503174 31 107 100 161
sofa 0.010328888893127441 9 115 193 195
chair 0.0019117295742034912 33 101 101 150
pottedplant 0.003537982702255249 66 74 92 95
chair 0.0017410516738891602 92 106 123 150
chair 0.002935171127319336 92 107 135 158
pottedplant 0.0021321773529052734 65 74 117 96
pottedplant 0.004681944847106934 403 25 500 227
chair 0.002590775489807129 167 164 281 269
chair 0.0032476186752319336 282 171 384 251
pottedplant 0.005261063575744629 64 74 96 115
pottedplant 0.0025807321071624756 60 76 109 114
pottedplant 0.047604769468307495 405 20 499 155
pottedplant 0.035949915647506714 424 25 457 63
pottedplant 0.0018103718757629395 256 93 297 120
chair 0.015663117170333862 32 133 87 171
chair 0.015364378690719604 171 157 273 252
chair 0.13117218017578125 298 172 383 235
chair 0.0011971890926361084 442 146 499 224
tvmonitor 0.005384683609008789 444 146 499 224
pottedplant 0.0017823278903961182 32 94 98 142
chair 0.051269859075546265 93 94 122 129
pottedplant 0.0017963051795959473 128 80 178 144
chair 0.0030995309352874756 171 82 191 131
chair 0.0027042627334594727 113 119 162 162
diningtable 0.0017478764057159424 251 156 344 220
chair 0.0018822550773620605 391 144 501 276
tvmonitor 0.0037074387073516846 293 0 413 64
pottedplant 0.004007279872894287 39 94 97 115
pottedplant 0.020176976919174194 64 95 95 116
chair 0.0010241866111755371 112 79 149 125
chair 0.0014837086200714111 119 78 153 129
pottedplant 0.0017207860946655273 121 63 175 137
