boat 0.0048677921295166016 125 154 473 211
boat 0.7779757380485535 133 10 440 207
boat 0.0026110410690307617 213 133 499 187
boat 0.00369301438331604 366 135 499 194
boat 0.004102110862731934 126 135 413 208
chair 0.0019954144954681396 448 147 491 190
chair 0.003160238265991211 490 142 499 186
person 0.0011971890926361084 419 137 434 156
person 0.0019266009330749512 479 174 499 197
boat 0.010368883609771729 276 97 440 174
car 0.09106162190437317 1 140 72 157
boat 0.0022873878479003906 305 106 441 171
boat 0.0017823278903961182 364 118 438 170
boat 0.0022519826889038086 436 141 499 180
boat 0.0026727914810180664 488 118 499 190
boat 0.0011558830738067627 0 88 75 157
boat 0.0010817945003509521 0 82 105 158
train 0.0017275214195251465 68 81 232 159
boat 0.005219787359237671 0 107 70 157
boat 0.00629037618637085 0 126 71 157
boat 0.0012350976467132568 0 109 107 159
person 0.0024824440479278564 476 155 499 339
train 0.003298431634902954 67 106 233 160
chair 0.0010043680667877197 394 179 434 201
boat 0.001455157995223999 476 176 498 196
boat 0.0015853047370910645 362 93 438 170
person 0.031497299671173096 420 139 432 165
boat 0.006513714790344238 0 121 20 157
person 0.0342307984828949 421 139 431 156
person 0.002560734748840332 421 140 438 170
boat 0.09842309355735779 0 139 70 157
person 0.0017410516738891602 463 143 472 169
boat 0.001388639211654663 486 139 499 177
boat 0.004331141710281372 0 127 108 158
boat 0.006241738796234131 0 133 22 155
boat 0.00438198447227478 0 137 48 157
boat 0.0013459324836730957 450 172 499 208
person 0.0016874969005584717 491 141 500 177
boat 0.0012350976467132568 476 170 499 312
boat 0.0013564825057983398 308 160 375 173
person 0.0075772106647491455 311 121 326 149
boat 0.0010043680667877197 367 147 423 165
chair 0.003185272216796875 455 145 492 182
chair 0.006027162075042725 470 145 493 180
chair 0.0045206546783447266 476 141 499 181
bottle 0.005511492490768433 491 141 500 179
boat 0.0018676519393920898 145 139 251 190
boat 0.0027360916137695312 269 146 446 177
boat 0.013122200965881348 280 129 442 175
boat 0.003824770450592041 359 140 442 170
boat 0.0012842416763305664 309 154 374 173
car 0.001111745834350586 384 151 431 170
boat 0.02080520987510681 365 141 499 181
boat 0.004700213670730591 484 136 499 195
boat 0.0021321773529052734 277 144 449 191
boat 0.4455294609069824 438 175 499 198
boat 0.10087525844573975 438 154 499 197
person 0.010170340538024902 310 121 327 163
boat 0.004038453102111816 125 138 338 207
