horse 0.0011879205703735352 149 150 377 307
horse 0.013377547264099121 256 322 477 409
horse 0.013122200965881348 338 323 480 409
horse 0.001972287893295288 387 325 493 407
horse 0.004573792219161987 432 327 500 408
horse 0.9219237565994263 51 149 172 289
horse 0.9515048265457153 228 111 483 311
person 0.007176309823989868 462 105 499 308
horse 0.8808004856109619 136 149 260 302
horse 0.024702221155166626 447 170 499 310
horse 0.05051475763320923 462 165 499 310
person 0.9210770130157471 229 25 413 213
person 0.0010775625705718994 183 128 234 232
person 0.0022873878479003906 182 121 265 288
person 0.014336913824081421 182 130 231 171
person 0.2877672612667084 96 127 167 182
person 0.05856207013130188 96 129 172 230
person 0.003416001796722412 97 130 213 221
person 0.002746790647506714 171 139 235 219
person 0.11124423146247864 182 128 235 194
