sofa 0.0022873878479003906 0 167 316 374
cat 0.6206216216087341 77 183 253 374
person 0.019831836223602295 67 174 498 374
person 0.7711530923843384 43 0 501 374
person 0.08328992128372192 273 120 499 374
cat 0.010170340538024902 74 180 455 374
person 0.00284498929977417 0 169 98 374
person 0.0023968517780303955 0 171 286 374
dog 0.015663117170333862 0 172 269 374
dog 0.35131120681762695 77 182 256 374
person 0.0014104843139648438 0 13 156 373
person 0.0015426874160766602 0 12 223 374
sofa 0.004830062389373779 0 1 481 221
person 0.0012065470218658447 178 140 219 213
