person 0.027744650840759277 1 306 86 498
boat 0.6085941791534424 2 244 155 290
boat 0.004538297653198242 -166 16 -4 498
boat 0.001466512680053711 -88 48 -3 497
boat 0.0010083019733428955 2 317 366 499
car 0.001477956771850586 1 322 368 499
car 0.002757549285888672 1 429 368 499
boat 0.002746790647506714 2 247 38 287
boat 0.0012065470218658447 136 222 180 245
boat 0.0015426874160766602 73 213 121 235
boat 0.0010241866111755371 121 200 135 233
boat 0.005405604839324951 134 191 181 245
boat 0.00831615924835205 144 173 181 245
boat 0.009821981191635132 155 170 190 244
boat 0.07396480441093445 256 93 357 258
boat 0.06954386830329895 253 181 354 256
boat 0.06347915530204773 268 134 352 258
boat 0.007816284894943237 1 200 105 256
boat 0.002746790647506714 5 213 64 242
boat 0.06142312288284302 35 222 142 258
boat 0.0027042627334594727 56 217 124 239
boat 0.12721547484397888 92 204 139 240
boat 0.09138533473014832 92 195 130 240
boat 0.001178741455078125 104 210 139 239
boat 0.0026520490646362305 1 198 80 253
boat 0.0342307984828949 36 204 141 255
person 0.02186596393585205 1 305 86 419
boat 0.9015768766403198 172 124 258 263
boat 0.007846683263778687 1 228 45 254
boat 0.5058591365814209 138 167 197 248
boat 0.0045206546783447266 5 228 59 253
boat 0.0013564825057983398 35 228 65 245
boat 0.4282335042953491 252 182 291 247
boat 0.018474966287612915 1 205 47 254
boat 0.00386965274810791 5 218 65 250
boat 0.0012447535991668701 252 235 290 248
boat 0.003416001796722412 36 226 61 242
boat 0.0026832520961761475 42 222 126 252
boat 0.0020267367362976074 46 222 132 241
boat 0.001489490270614624 340 239 373 256
boat 0.02056744694709778 92 225 130 240
boat 0.001111745834350586 137 228 198 246
boat 0.001466512680053711 138 187 205 246
boat 0.0028784871101379395 177 167 232 256
boat 0.001495271921157837 252 229 290 246
boat 0.009860128164291382 251 205 291 246
boat 0.00536385178565979 7 199 40 221
boat 0.0029812753200531006 2 205 51 234
boat 0.0028118789196014404 6 204 39 221
boat 0.003650069236755371 90 207 111 237
boat 0.009746164083480835 108 198 126 238
boat 0.001524806022644043 4 230 66 258
boat 0.001432657241821289 36 237 97 256
boat 0.0023968517780303955 1 245 61 288
boat 0.007755845785140991 138 231 189 247
boat 0.0013044774532318115 17 225 107 266
boat 0.0018604099750518799 167 187 239 263
boat 0.1175718605518341 274 240 348 258
boat 0.0031115710735321045 1 208 108 273
boat 0.3040419816970825 35 224 104 257
boat 0.0010162293910980225 91 207 151 259
boat 0.02280205488204956 274 209 349 257
boat 0.0034832358360290527 274 227 367 258
boat 0.0034561753273010254 8 188 41 221
