chair 0.0016678273677825928 46 97 271 499
cat 0.009019583463668823 122 0 262 33
person 0.0010241866111755371 118 0 194 38
cat 0.0016292035579681396 264 419 293 493
cat 0.0057077109813690186 122 0 288 55
person 0.0021488964557647705 98 0 286 63
person 0.0019876956939697266 110 0 290 101
cat 0.0019191503524780273 118 0 261 94
person 0.0017007291316986084 42 0 196 34
person 0.0013940632343292236 11 0 256 34
person 0.0012447535991668701 106 0 288 46
person 0.027430295944213867 2 0 267 126
sofa 0.006438493728637695 0 1 284 491
person 0.003272920846939087 118 0 293 215
person 0.014062851667404175 5 0 162 128
person 0.0026212334632873535 70 0 292 308
chair 0.008156836032867432 0 12 281 492
person 0.9210770130157471 0 5 276 498
person 0.3575683832168579 2 0 279 216
person 0.02169954776763916 1 0 162 217
bottle 0.025760233402252197 85 158 148 193
bird 0.0018676519393920898 264 421 293 491
person 0.0011648833751678467 118 0 256 25
