motorbike 0.8376206755638123 275 178 450 312
motorbike 0.05770769715309143 280 174 387 268
motorbike 0.010652929544448853 281 173 410 289
person 0.9056569337844849 58 72 176 311
person 0.0026727914810180664 287 245 300 270
person 0.03222090005874634 350 154 377 193
person 0.001264333724975586 312 158 349 211
motorbike 0.07779598236083984 275 191 374 311
person 0.01507142186164856 303 198 437 312
bicycle 0.019195973873138428 277 173 378 303
motorbike 0.0411514937877655 301 184 396 302
bicycle 0.003736436367034912 276 177 336 308
bottle 0.01164129376411438 63 141 99 170
motorbike 0.0025508105754852295 328 186 387 240
motorbike 0.0016102492809295654 307 170 359 231
motorbike 0.004102110862731934 275 184 332 311
sheep 0.0012842416763305664 494 123 499 161
motorbike 0.013795614242553711 322 218 443 311
bicycle 0.1212683916091919 278 173 379 255
person 0.007606714963912964 301 174 386 304
motorbike 0.004331141710281372 334 167 389 253
motorbike 0.0013564825057983398 275 240 320 311
motorbike 0.0016228556632995605 297 233 412 312
bottle 0.001455157995223999 275 242 304 308
sheep 0.007489442825317383 481 128 499 161
sheep 0.002415567636489868 492 128 499 162
bicycle 0.10894683003425598 278 174 334 254
bottle 0.007489442825317383 60 150 84 171
person 0.018904060125350952 318 136 351 185
person 0.03527957201004028 306 153 388 243
person 0.0021321773529052734 307 166 350 227
person 0.1356911063194275 350 154 380 228
person 0.4320632219314575 312 135 352 241
person 0.7025298476219177 348 153 388 239
