motorbike 0.0014159977436065674 0 144 91 288
motorbike 0.5936093330383301 124 139 435 294
motorbike 0.00941208004951477 0 153 153 304
motorbike 0.002406179904937744 11 153 152 247
car 0.001367121934890747 414 89 500 367
car 0.003930270671844482 123 72 500 373
car 0.004054129123687744 232 89 499 373
motorbike 0.05856207013130188 0 169 60 340
motorbike 0.003565669059753418 0 160 102 363
motorbike 0.791820764541626 119 183 497 374
motorbike 0.0011031031608581543 211 137 289 189
person 0.8198937177658081 55 95 111 251
motorbike 0.001524806022644043 217 132 287 179
dog 0.017510265111923218 0 161 11 225
person 0.6057989597320557 93 90 121 223
bicycle 0.0017893016338348389 238 125 289 171
motorbike 0.001111745834350586 167 138 235 175
motorbike 0.010776817798614502 161 129 288 188
motorbike 0.0012544989585876465 136 228 294 294
bicycle 0.0012594163417816162 237 135 312 186
motorbike 0.002757549285888672 179 221 371 269
motorbike 0.007786005735397339 0 183 36 311
bottle 0.0012350976467132568 64 255 112 301
motorbike 0.0022519826889038086 183 128 295 176
bicycle 0.006850332021713257 227 129 297 178
bottle 0.004133999347686768 27 284 62 299
motorbike 0.018334269523620605 123 183 382 261
motorbike 0.49121177196502686 111 129 295 241
motorbike 0.10374632477760315 244 175 437 262
motorbike 0.00593411922454834 112 181 160 242
motorbike 0.006193429231643677 0 167 23 300
motorbike 0.0411514937877655 0 182 56 296
motorbike 0.016658097505569458 0 190 81 292
motorbike 0.008950114250183105 128 199 381 278
motorbike 0.004450768232345581 161 209 359 269
motorbike 0.035146862268447876 132 196 232 295
motorbike 0.03021344542503357 133 197 274 295
motorbike 0.02186596393585205 132 232 384 293
car 0.001388639211654663 343 166 499 257
person 0.01467105746269226 0 152 18 295
person 0.0069571733474731445 170 125 202 158
person 0.004468142986297607 0 151 25 254
person 0.0017963051795959473 0 169 49 253
motorbike 0.19314685463905334 111 148 219 241
motorbike 0.005301922559738159 156 137 355 238
motorbike 0.0010241866111755371 228 233 318 270
person 0.06804093718528748 171 125 188 156
person 0.0013147294521331787 170 124 215 160
dog 0.022287070751190186 0 169 17 253
dog 0.003123670816421509 0 180 44 252
motorbike 0.004755467176437378 0 153 28 257
bottle 0.002424955368041992 57 208 71 228
dog 0.0022696256637573242 0 202 46 252
person 0.04385673999786377 0 143 12 242
motorbike 0.002323359251022339 90 118 166 232
motorbike 0.0022170841693878174 185 136 341 224
motorbike 0.1175718605518341 150 134 294 208
