boat 0.9238649606704712 168 205 378 256
boat 0.001069188117980957 170 125 475 200
boat 0.014173001050949097 168 156 376 253
person 0.0026727914810180664 381 139 395 150
person 0.06954386830329895 304 170 319 190
boat 0.001012265682220459 465 127 499 150
train 0.00106087327003479 377 122 500 163
boat 0.0015010833740234375 31 133 128 165
boat 0.10819017887115479 0 2 48 166
boat 0.010530352592468262 0 55 77 165
boat 0.012576550245285034 0 112 81 167
boat 0.0015366971492767334 293 121 471 153
boat 0.038034677505493164 0 134 77 167
boat 0.0014382600784301758 75 141 135 168
boat 0.005021452903747559 0 1 72 164
person 0.010818421840667725 258 204 287 239
person 0.03410175442695618 256 204 289 248
person 0.09367886185646057 255 216 291 251
boat 0.014173001050949097 -1 139 43 164
boat 0.06053093075752258 41 134 102 165
boat 0.003621727228164673 0 99 41 162
boat 0.0019799768924713135 5 132 42 153
boat 0.0012842416763305664 41 133 74 155
boat 0.002901047468185425 228 244 294 257
boat 0.002115577459335327 229 243 318 258
boat 0.0017007291316986084 243 245 326 255
person 0.0011925697326660156 258 204 275 221
pottedplant 0.0016874969005584717 179 56 220 95
boat 0.010735392570495605 0 86 26 152
boat 0.0037219226360321045 3 93 31 149
boat 0.0010902583599090576 168 207 283 217
boat 0.0018969178199768066 167 205 311 251
person 0.003824770450592041 259 204 282 234
boat 0.007636308670043945 253 207 342 225
boat 0.007176309823989868 0 72 22 159
boat 0.004348009824752808 3 103 38 150
boat 0.0012842416763305664 6 110 44 154
boat 0.0011694133281707764 69 105 100 146
boat 0.001495271921157837 74 153 146 168
boat 0.0024724602699279785 172 132 206 169
boat 0.0012742578983306885 172 142 209 169
boat 0.004905790090560913 372 151 500 174
boat 0.003635883331298828 374 131 500 175
boat 0.001289278268814087 448 123 499 173
boat 0.0018388032913208008 76 157 136 169
boat 0.001455157995223999 86 159 133 168
boat 0.0018822550773620605 207 159 235 169
boat 0.0013832449913024902 214 159 235 169
person 0.06164824962615967 252 217 299 254
train 0.002560734748840332 292 125 378 149
