chair 0.9136754274368286 0 125 93 335
chair 0.002693742513656616 472 142 499 373
tvmonitor 0.002912372350692749 479 97 499 189
person 0.0011971890926361084 0 58 41 161
tvmonitor 0.9246891736984253 294 76 383 160
person 0.0012159943580627441 0 54 32 227
chair 0.0017342865467071533 0 120 66 274
chair 0.017577439546585083 49 117 144 244
bottle 0.7892334461212158 148 135 167 187
person 0.0033763349056243896 0 87 58 179
person 0.008611321449279785 0 72 54 254
chair 0.005080223083496094 0 81 58 224
tvmonitor 0.008677929639816284 386 85 493 179
person 0.005685538053512573 0 68 22 296
chair 0.001714080572128296 0 109 69 228
person 0.006692379713058472 0 65 58 343
chair 0.007518589496612549 0 65 69 335
tvmonitor 0.028222382068634033 476 275 499 371
chair 0.09501117467880249 0 170 65 373
tvmonitor 0.007755845785140991 475 208 499 374
chair 0.0907389223575592 0 226 63 374
tvmonitor 0.007373988628387451 475 152 499 184
person 0.0010945498943328857 0 52 31 141
tvmonitor 0.0010650157928466797 477 80 499 171
tvmonitor 0.002323359251022339 487 71 500 169
chair 0.003075540065765381 0 73 28 306
tvmonitor 0.002757549285888672 488 196 500 306
tvmonitor 0.0018103718757629395 484 79 499 176
chair 0.0022873878479003906 476 160 499 207
chair 0.0028897523880004883 475 158 499 234
bottle 0.007547855377197266 476 240 500 373
tvmonitor 0.009303301572799683 475 155 499 220
chair 0.013172894716262817 0 298 64 374
chair 0.0010567307472229004 485 185 500 309
chair 0.0017963051795959473 475 154 499 264
tvmonitor 0.006003767251968384 68 0 140 90
