person 0.8674857020378113 277 150 342 332
person 0.8753642439842224 218 151 283 331
aeroplane 0.009633511304855347 0 75 188 216
aeroplane 0.001367121934890747 0 69 77 150
aeroplane 0.05281311273574829 0 62 36 212
aeroplane 0.003795117139816284 37 64 185 173
aeroplane 0.005663484334945679 0 172 8 203
aeroplane 0.013585120439529419 0 57 71 210
aeroplane 0.0052814483642578125 0 175 35 203
person 0.019869893789291382 186 78 198 114
bottle 0.0010988116264343262 161 199 173 237
person 0.09876999258995056 263 148 311 330
person 0.00118333101272583 165 71 174 91
aeroplane 0.002560734748840332 0 169 83 266
aeroplane 0.792464017868042 11 50 499 216
aeroplane 0.0015071630477905273 0 4 44 154
aeroplane 0.0018749535083770752 1 180 68 202
aeroplane 0.001178741455078125 44 185 85 216
aeroplane 0.0017615854740142822 0 154 8 204
person 0.02315419912338257 184 73 199 114
person 0.0034696757793426514 231 233 247 255
aeroplane 0.001040339469909668 2 188 73 204
aeroplane 0.0011336207389831543 34 190 87 215
aeroplane 0.015906304121017456 0 174 97 215
aeroplane 0.002341538667678833 -1 160 159 216
aeroplane 0.0012447535991668701 0 168 24 208
person 0.001714080572128296 163 71 172 94
person 0.02186596393585205 192 91 219 163
aeroplane 0.025662213563919067 0 116 145 215
person 0.0010902583599090576 284 152 318 243
