pottedplant 0.7905300855636597 48 171 135 333
person 0.0020991265773773193 92 118 294 463
person 0.865678071975708 113 3 284 456
pottedplant 0.002641737461090088 69 277 117 329
pottedplant 0.003991752862930298 97 261 150 342
pottedplant 0.004681944847106934 106 280 156 339
pottedplant 0.0018459856510162354 107 257 233 342
bottle 0.0013564825057983398 130 68 230 112
pottedplant 0.001466512680053711 101 221 165 342
pottedplant 0.0020991265773773193 69 252 120 328
pottedplant 0.00257071852684021 104 243 192 341
pottedplant 0.0019343793392181396 111 243 271 341
bottle 0.002115577459335327 160 67 232 114
person 0.0025508105754852295 121 26 237 154
person 0.005021452903747559 123 61 234 153
cat 0.002359837293624878 156 77 234 157
