aeroplane 0.004038453102111816 257 136 473 259
aeroplane 0.0033371448516845703 323 136 474 247
aeroplane 0.9383517503738403 15 135 476 319
aeroplane 0.0050605833530426025 25 149 53 163
aeroplane 0.0010733604431152344 62 148 80 159
aeroplane 0.0011879205703735352 67 148 85 159
aeroplane 0.0013302266597747803 227 148 249 160
aeroplane 0.0011160969734191895 386 142 474 200
aeroplane 0.0023875534534454346 436 149 474 169
aeroplane 0.0023875534534454346 294 182 369 215
aeroplane 0.0029466450214385986 82 210 131 243
car 0.0024628937244415283 367 299 402 319
aeroplane 0.8973388671875 154 136 360 191
pottedplant 0.0014722347259521484 368 300 403 319
car 0.1783832311630249 200 284 280 319
tvmonitor 0.001388639211654663 215 14 481 190
tvmonitor 0.003899872303009033 479 0 499 335
aeroplane 0.001040339469909668 228 136 369 184
aeroplane 0.0018676519393920898 286 135 376 182
aeroplane 0.0014608204364776611 225 148 382 223
aeroplane 0.002341538667678833 49 211 132 246
aeroplane 0.001367121934890747 445 149 474 167
car 0.0021073520183563232 24 149 51 163
aeroplane 0.002746790647506714 71 150 106 163
aeroplane 0.008711427450180054 79 151 106 163
aeroplane 0.0010322332382202148 84 152 115 163
aeroplane 0.003185272216796875 111 152 132 163
aeroplane 0.005957245826721191 116 152 134 165
aeroplane 0.004811316728591919 121 153 134 166
aeroplane 0.002424955368041992 120 153 163 168
aeroplane 0.0011513829231262207 201 149 249 161
aeroplane 0.0018388032913208008 232 149 251 163
aeroplane 0.0023875534534454346 255 148 299 164
aeroplane 0.00536385178565979 258 148 312 164
bottle 0.0013147294521331787 202 284 276 319
aeroplane 0.003442734479904175 80 211 199 244
aeroplane 0.001432657241821289 82 211 248 245
aeroplane 0.0024438798427581787 322 165 373 201
aeroplane 0.0011513829231262207 322 161 375 184
aeroplane 0.0015426874160766602 309 136 378 203
aeroplane 0.002453356981277466 248 137 389 218
aeroplane 0.002359837293624878 407 195 418 204
aeroplane 0.004086285829544067 400 194 440 203
