person 0.961679220199585 168 210 321 499
chair 0.00790780782699585 5 215 140 498
chair 0.0011336207389831543 34 343 139 499
chair 0.001028209924697876 43 268 131 499
pottedplant 0.031616777181625366 260 152 332 469
chair 0.0048677921295166016 0 127 93 495
person 0.010818421840667725 35 209 204 494
person 0.013585120439529419 122 209 253 492
chair 0.001831650733947754 24 431 157 499
chair 0.001680910587310791 40 369 228 499
chair 0.0014382600784301758 111 354 239 499
chair 0.0019266009330749512 119 355 287 499
person 0.6279522776603699 118 208 204 498
person 0.8980566263198853 8 210 139 499
pottedplant 0.0024921000003814697 0 0 37 81
pottedplant 0.003565669059753418 114 0 185 53
pottedplant 0.005219787359237671 217 0 330 47
pottedplant 0.0014215409755706787 300 26 331 98
pottedplant 0.0025310516357421875 19 0 161 100
pottedplant 0.0014215409755706787 292 0 332 54
pottedplant 0.002757549285888672 22 0 330 174
pottedplant 0.0015977323055267334 310 148 332 227
chair 0.0014438629150390625 240 447 332 499
pottedplant 0.0048677921295166016 261 18 298 47
pottedplant 0.0010817945003509521 94 0 186 81
pottedplant 0.002415567636489868 122 0 185 76
pottedplant 0.0012692809104919434 260 5 301 47
pottedplant 0.03222090005874634 262 157 331 238
pottedplant 0.004982620477676392 261 4 329 49
pottedplant 0.0030995309352874756 301 153 332 227
pottedplant 0.004468142986297607 283 0 332 69
chair 0.0010322332382202148 3 471 160 499
chair 0.0020991265773773193 233 464 331 499
pottedplant 0.002074718475341797 0 0 37 36
chair 0.0017823278903961182 279 466 331 499
pottedplant 0.008778899908065796 101 0 179 29
chair 0.003824770450592041 0 98 34 142
pottedplant 0.004399091005325317 0 4 85 361
pottedplant 0.04655161499977112 20 0 186 139
pottedplant 0.006193429231643677 213 0 279 14
pottedplant 0.004150032997131348 215 0 323 19
pottedplant 0.0064885616302490234 215 0 330 26
pottedplant 0.001904308795928955 287 151 332 232
pottedplant 0.006003767251968384 260 0 331 31
sofa 0.004348009824752808 19 0 225 140
pottedplant 0.00916031002998352 314 60 332 153
person 0.7138312458992004 80 294 145 386
pottedplant 0.01292121410369873 0 123 83 383
pottedplant 0.0011694133281707764 0 123 136 436
pottedplant 0.04240426421165466 260 153 332 355
person 0.0026520490646362305 74 292 161 499
pottedplant 0.0012692809104919434 261 13 326 64
pottedplant 0.0024344027042388916 299 0 332 90
pottedplant 0.003235042095184326 0 0 36 118
pottedplant 0.00106087327003479 223 158 336 289
chair 0.0012018680572509766 19 0 259 142
pottedplant 0.004166156053543091 211 0 269 90
sofa 0.007345408201217651 18 0 331 156
pottedplant 0.007345408201217651 313 57 331 130
pottedplant 0.010368883609771729 0 98 34 141
pottedplant 0.008984774351119995 85 86 229 265
pottedplant 0.016340792179107666 311 50 333 151
person 0.6424316167831421 121 209 203 348
chair 0.0030995309352874756 293 343 332 499
chair 0.0016874969005584717 -16 472 82 500
pottedplant 0.15973952412605286 93 86 228 178
pottedplant 0.003884732723236084 121 25 191 109
pottedplant 0.001495271921157837 312 23 332 73
pottedplant 0.002074718475341797 115 0 172 13
pottedplant 0.0015487074851989746 215 0 271 11
pottedplant 0.0015487074851989746 230 0 278 10
person 0.0014104843139648438 269 0 330 23
person 0.04177337884902954 118 320 201 500
pottedplant 0.001111745834350586 87 29 194 139
pottedplant 0.03234308958053589 206 12 326 172
pottedplant 0.0013250410556793213 116 0 151 30
person 0.0015668869018554688 293 296 332 499
pottedplant 0.002560734748840332 0 0 37 24
