train 0.004681944847106934 0 6 22 330
person 0.1276499330997467 426 23 500 332
person 0.4111109673976898 189 156 211 188
person 0.012576550245285034 311 158 327 189
tvmonitor 0.022888898849487305 0 14 27 256
person 0.002912372350692749 479 22 500 199
tvmonitor 0.0018174350261688232 485 29 499 70
person 0.007260352373123169 191 132 212 162
person 0.0030045807361602783 476 27 500 252
tvmonitor 0.0028118789196014404 482 29 499 106
person 0.0013724565505981445 493 113 500 236
bottle 0.004314333200454712 416 264 428 303
tvmonitor 0.0028009116649627686 0 124 16 330
person 0.043693095445632935 148 135 170 161
chair 0.0010567307472229004 274 206 297 256
person 0.07977861166000366 188 132 211 179
tvmonitor 0.0011971890926361084 0 3 63 331
tvmonitor 0.0034561753273010254 443 249 499 332
tvmonitor 0.0016102492809295654 0 164 18 299
chair 0.0011336207389831543 415 241 438 308
person 0.32939231395721436 113 248 137 298
person 0.6334109306335449 134 252 154 300
person 0.0020666420459747314 189 132 231 186
tvmonitor 0.005040973424911499 0 77 19 337
person 0.0014438629150390625 485 53 499 200
person 0.0022963285446166992 116 248 134 267
person 0.8006922006607056 153 226 175 296
person 0.08093324303627014 210 156 230 189
person 0.0010567307472229004 254 152 271 187
person 0.0016874969005584717 324 158 342 189
person 0.0026832520961761475 482 21 499 121
person 0.0018969178199768066 255 125 271 153
person 0.013326108455657959 147 135 170 177
person 0.031497299671173096 236 158 255 185
person 0.004264324903488159 235 158 248 186
person 0.0682893693447113 117 251 154 298
person 0.03346338868141174 255 127 273 180
person 0.003123670816421509 259 128 277 173
