sofa 0.009784013032913208 2 243 475 373
sofa 0.9343974590301514 85 172 367 315
chair 0.8766366839408875 0 242 187 374
chair 0.8856285810470581 412 169 499 295
chair 0.003147989511489868 489 148 499 256
cat 0.0025115013122558594 273 189 314 233
chair 0.0030874907970428467 161 12 263 248
chair 0.00386965274810791 331 171 378 210
tvmonitor 0.005532950162887573 342 172 378 210
chair 0.002501755952835083 295 173 365 253
chair 0.002501755952835083 312 172 386 257
chair 0.01048976182937622 488 157 499 292
chair 0.001432657241821289 303 172 378 214
pottedplant 0.19682586193084717 303 241 349 272
chair 0.0013995170593261719 442 166 496 275
