sofa 0.0011380314826965332 0 110 479 403
cat 0.0011336207389831543 277 6 500 381
cat 0.05770769715309143 0 51 79 357
cat 0.8620010018348694 39 112 472 370
sofa 0.0023324191570281982 2 193 491 496
cat 0.6680141687393188 6 11 499 379
cat 0.0011971890926361084 0 170 15 382
cat 0.0014722347259521484 381 2 499 348
cat 0.0011603832244873047 0 182 22 390
cat 0.018688201904296875 0 121 80 311
person 0.027903079986572266 0 6 173 365
person 0.0017753839492797852 0 5 187 153
cat 0.0010322332382202148 0 245 25 399
chair 0.002501755952835083 287 0 497 190
chair 0.0011336207389831543 280 0 497 323
cat 0.0021238625049591064 0 107 110 274
person 0.006615281105041504 0 48 73 278
person 0.001477956771850586 0 83 112 272
dog 0.0011694133281707764 0 177 44 272
dog 0.002958148717880249 0 198 55 267
