person 0.0011879205703735352 351 39 499 330
motorbike 0.0016874969005584717 0 3 83 292
car 0.0026727914810180664 0 17 23 295
car 0.0016355812549591064 0 19 72 308
person 0.4687906503677368 449 25 499 275
person 0.09704703092575073 283 0 308 30
person 0.8568100929260254 395 1 471 137
person 0.06164824962615967 464 1 499 164
person 0.0015130341053009033 0 21 13 176
person 0.002958148717880249 0 33 26 133
person 0.012772411108016968 76 2 129 61
person 0.0022519826889038086 95 2 135 60
person 0.0015729963779449463 62 15 110 159
person 0.4035666584968567 0 -10 26 182
person 0.005099952220916748 441 5 471 137
person 0.003795117139816284 489 32 499 183
person 0.18594691157341003 374 0 403 75
person 0.0037074387073516846 473 0 499 49
person 0.00386965274810791 489 0 500 48
person 0.004416227340698242 63 1 97 159
person 0.0018822550773620605 475 28 499 124
person 0.0015729963779449463 0 -11 8 129
person 0.8803843259811401 0 0 98 193
person 0.021741032600402832 463 2 499 289
person 0.0018388032913208008 428 2 498 277
car 0.9278846979141235 92 7 470 316
person 0.036769360303878784 0 7 24 267
person 0.0018245279788970947 0 85 12 188
person 0.0019876956939697266 492 16 499 138
person 0.08122438192367554 302 0 378 84
person 0.004700213670730591 0 99 8 201
person 0.002501755952835083 465 1 499 94
person 0.0025310516357421875 482 0 500 91
person 0.0037074387073516846 426 1 499 143
person 0.03137829899787903 78 0 134 139
bottle 0.002757549285888672 0 108 8 204
person 0.008188486099243164 0 77 22 183
person 0.009448617696762085 0 48 22 232
person 0.0012943148612976074 488 3 499 73
person 0.00142708420753479 466 19 499 79
person 0.005301922559738159 0 65 17 233
person 0.0016039609909057617 421 13 467 147
person 0.016916126012802124 78 0 134 97
