pottedplant 0.011596441268920898 339 101 459 335
diningtable 0.0017207860946655273 0 222 500 377
pottedplant 0.001674354076385498 47 117 231 343
pottedplant 0.003991752862930298 273 102 458 336
pottedplant 0.5669780373573303 268 12 437 338
pottedplant 0.3140498101711273 310 11 499 338
bird 0.2605762481689453 360 123 413 193
pottedplant 0.002560734748840332 356 13 499 172
pottedplant 0.00106087327003479 252 18 476 245
pottedplant 0.00406983494758606 321 16 500 219
pottedplant 0.3182728886604309 368 10 499 329
pottedplant 0.007345408201217651 37 9 249 351
pottedplant 0.00208282470703125 479 88 499 239
pottedplant 0.6477978229522705 44 8 375 346
cat 0.0030516982078552246 21 114 287 258
pottedplant 0.0013564825057983398 145 123 228 196
