car 0.0012207329273223877 1 166 499 531
car 0.9213602542877197 0 29 468 342
person 0.007093280553817749 119 31 141 52
person 0.0027042627334594727 291 29 306 48
person 0.0011160969734191895 395 32 420 63
person 0.0028009116649627686 428 16 470 63
person 0.0031724870204925537 226 41 246 72
person 0.0014159977436065674 234 41 268 71
person 0.0010322332382202148 324 0 337 19
person 0.0015366971492767334 288 29 310 56
motorbike 0.0011380314826965332 402 27 470 112
motorbike 0.03789246082305908 434 32 495 110
person 0.1155630350112915 453 22 499 182
bicycle 0.00142708420753479 446 74 474 152
person 0.0015130341053009033 455 72 476 156
person 0.0030874907970428467 286 28 309 65
person 0.0062660276889801025 491 31 499 190
motorbike 0.03690752387046814 427 43 472 112
person 0.0013617873191833496 281 23 331 66
motorbike 0.0015729963779449463 427 18 466 73
person 0.01507142186164856 475 29 499 119
person 0.013848692178726196 475 31 499 209
person 0.01764485239982605 485 39 499 212
person 0.0010567307472229004 325 103 359 158
person 0.6187803745269775 119 29 147 64
person 0.006339401006698608 298 0 347 39
car 0.031200677156448364 139 1 439 110
person 0.0030516982078552246 315 0 349 31
person 0.011507302522659302 295 107 353 163
person 0.016403794288635254 325 0 349 23
person 0.0012544989585876465 293 27 306 43
person 0.001020193099975586 417 8 457 58
person 0.0069571733474731445 458 26 499 297
person 0.019718080759048462 483 0 499 69
car 0.43782347440719604 252 2 469 110
person 0.06394520401954651 491 0 500 79
car 0.0033632218837738037 312 9 470 104
person 0.0011879205703735352 193 35 216 77
car 0.0028897523880004883 25 3 444 152
pottedplant 0.2005576193332672 245 46 273 72
person 0.0010485053062438965 269 25 351 66
person 0.01048976182937622 479 107 499 209
person 0.0016874969005584717 394 34 414 116
person 0.01507142186164856 492 94 500 217
motorbike 0.003389507532119751 423 20 468 93
car 0.0075772106647491455 283 32 470 106
car 0.028275907039642334 419 33 485 107
car 0.013955414295196533 153 6 462 163
person 0.0012350976467132568 282 1 347 66
car 0.0019954144954681396 445 22 499 165
bicycle 0.002424955368041992 414 52 473 111
car 0.006438493728637695 244 81 457 162
person 0.15610283613204956 147 40 162 75
person 0.8679343461990356 406 20 437 120
car 0.010611921548843384 403 26 466 114
car 0.0022344589233398438 437 26 489 112
person 0.7461398243904114 454 22 496 116
person 0.18952050805091858 490 18 499 116
person 0.4474601149559021 428 2 456 52
person 0.01904943585395813 189 85 254 145
person 0.027067720890045166 149 39 165 79
person 0.002867281436920166 313 131 346 162
bicycle 0.001335442066192627 455 110 500 192
person 0.0030874907970428467 453 27 475 109
person 0.001489490270614624 168 25 235 113
car 0.007606714963912964 425 41 470 109
person 0.07476991415023804 492 31 499 120
person 0.012821823358535767 425 18 460 111
person 0.002757549285888672 428 21 470 111
person 0.8587157726287842 168 23 201 92
person 0.7853084802627563 191 25 235 76
person 0.0076660215854644775 117 22 142 52
person 0.005663484334945679 153 40 170 76
person 0.2720247507095337 298 0 328 40
bicycle 0.0037219226360321045 434 69 471 110
person 0.012674123048782349 305 114 350 162
person 0.0023690462112426758 189 34 220 78
person 0.008812874555587769 315 119 349 162
person 0.0016292035579681396 303 0 343 31
person 0.003736436367034912 226 42 240 72
person 0.0023052990436553955 411 18 455 111
person 0.003537982702255249 477 0 499 54
person 0.0017007291316986084 464 8 498 114
car 0.0028339028358459473 423 29 467 87
person 0.017848461866378784 483 15 499 120
