sofa 0.0064885616302490234 241 180 499 371
sofa 0.002501755952835083 28 164 205 292
sofa 0.9092611074447632 265 166 499 308
sofa 0.05644682049751282 0 195 90 374
tvmonitor 0.004830062389373779 28 164 205 292
person 0.026456594467163086 0 90 32 361
chair 0.33112019300460815 0 262 90 374
sofa 0.002867281436920166 102 257 345 373
chair 0.005002021789550781 0 189 27 277
tvmonitor 0.8469594717025757 60 30 167 116
chair 0.003664344549179077 0 254 20 360
person 0.0013832449913024902 0 273 22 359
tvmonitor 0.002631455659866333 177 36 257 139
chair 0.0013044774532318115 0 216 15 368
chair 0.0034293532371520996 0 263 34 331
chair 0.001957029104232788 0 201 21 350
sofa 0.11240836977958679 0 213 35 354
chair 0.09367886185646057 0 221 34 353
person 0.005159556865692139 0 180 29 337
person 0.004264324903488159 0 172 27 278
sofa 0.0011879205703735352 264 165 517 232
person 0.0028228759765625 0 231 17 363
sofa 0.0011879205703735352 0 246 29 360
person 0.0010004639625549316 0 211 28 310
