bicycle 0.0030045807361602783 279 123 478 237
bicycle 0.0016874969005584717 231 128 340 254
bicycle 0.0010083019733428955 152 129 354 248
bicycle 0.955483078956604 25 148 241 283
bicycle 0.9346367120742798 237 122 472 271
person 0.007316946983337402 491 116 499 255
bicycle 0.003736436367034912 182 126 331 237
person 0.0021321773529052734 486 116 499 262
dog 0.001477956771850586 0 167 11 282
dog 0.00135117769241333 0 169 21 283
bicycle 0.00284498929977417 170 129 310 214
person 0.0026110410690307617 493 114 500 221
bicycle 0.09981748461723328 162 134 252 199
bicycle 0.006589770317077637 155 133 306 231
chair 0.0010083019733428955 243 121 412 259
