chair 0.002631455659866333 97 281 251 485
diningtable 0.4990234375 106 226 374 498
chair 0.0017478764057159424 1 200 105 456
person 0.9108598232269287 100 174 258 388
chair 0.7041603326797485 95 288 179 483
person 0.0033501386642456055 254 115 284 176
bottle 0.0010241866111755371 231 208 278 245
person 0.0010567307472229004 65 82 91 143
person 0.029648125171661377 167 158 212 206
bottle 0.001560807228088379 224 208 281 253
person 0.01791679859161377 129 157 223 271
person 0.09704703092575073 168 156 265 273
person 0.7170121073722839 197 145 280 277
tvmonitor 0.004297584295272827 304 185 373 256
person 0.00443345308303833 104 169 263 324
person 0.0012399256229400635 168 155 250 229
person 0.035680413246154785 204 118 283 217
person 0.42059946060180664 240 118 283 198
person 0.9187756180763245 0 72 109 471
person 0.031616777181625366 80 77 132 287
person 0.1276499330997467 255 95 285 132
person 0.0019799768924713135 170 91 281 216
person 0.0014104843139648438 180 103 283 200
person 0.0021573007106781006 72 77 139 363
person 0.18772712349891663 168 157 239 267
chair 0.03919273614883423 266 182 282 217
person 0.007176309823989868 121 169 211 256
person 0.34510475397109985 168 158 212 256
person 0.690976619720459 90 80 134 204
person 0.8955245018005371 177 74 250 163
person 0.0015487074851989746 73 80 96 105
tvmonitor 0.19314685463905334 320 240 374 388
person 0.10230165719985962 70 79 132 204
person 0.00257071852684021 247 114 281 150
person 0.0032602250576019287 255 116 284 151
person 0.004150032997131348 90 80 115 190
person 0.651354193687439 69 79 103 167
person 0.07343220710754395 255 90 285 155
person 0.001146942377090454 100 162 254 289
person 0.005099952220916748 243 90 285 162
