chair 0.0018749535083770752 145 309 285 499
person 0.013122200965881348 9 155 158 498
person 0.31742578744888306 250 149 332 499
person 0.00831615924835205 113 117 332 498
chair 0.0015366971492767334 131 361 292 499
person 0.062328606843948364 0 199 86 499
person 0.0016548335552215576 22 226 307 499
person 0.0024344027042388916 185 152 336 309
person 0.00952214002609253 17 179 110 267
dog 0.0016483962535858154 124 151 223 229
person 0.001388639211654663 243 176 325 220
person 0.04177337884902954 264 150 332 246
person 0.003751039505004883 321 178 332 206
chair 0.005426615476608276 17 179 110 265
person 0.006241738796234131 289 248 331 510
person 0.013532936573028564 0 232 86 421
chair 0.004645615816116333 0 243 86 426
person 0.021949589252471924 18 201 64 269
bird 0.0013406574726104736 242 177 282 217
person 0.0014438629150390625 32 213 65 261
person 0.0010817945003509521 249 221 331 404
person 0.0020346641540527344 208 168 336 249
chair 0.03832080960273743 8 180 110 496
chair 0.043693095445632935 13 176 201 497
person 0.8294904232025146 27 69 325 499
person 0.018474966287612915 289 363 332 499
person 0.006364047527313232 256 188 284 219
person 0.008778899908065796 250 180 284 219
person 0.0012159943580627441 10 191 103 353
chair 0.005980461835861206 0 291 83 498
chair 0.0011603832244873047 0 303 140 498
person 0.004399091005325317 19 178 114 327
person 0.02096518874168396 219 150 333 331
person 0.19497978687286377 262 151 332 316
