train 0.7563560009002686 74 230 413 359
train 0.0013724565505981445 185 238 413 355
person 0.003650069236755371 236 0 282 51
person 0.0016678273677825928 265 0 324 53
person 0.001367121934890747 311 4 349 45
person 0.01292121410369873 305 0 399 45
person 0.0017547309398651123 119 0 286 71
sheep 0.00406983494758606 166 336 192 355
person 0.0010444223880767822 180 0 320 62
sheep 0.0018969178199768066 221 339 240 354
person 0.004886746406555176 255 0 354 69
person 0.001449495553970337 180 0 396 111
dog 0.0020585954189300537 145 0 307 152
dog 0.0015668869018554688 91 0 341 136
sheep 0.005663484334945679 232 332 253 348
person 0.005099952220916748 164 0 286 110
person 0.0026727914810180664 209 0 301 105
sheep 0.0328364372253418 259 327 286 346
sheep 0.030442774295806885 264 331 287 346
person 0.013377547264099121 258 0 351 100
person 0.0099753737449646 305 0 398 89
person 0.004166156053543091 252 0 400 109
sheep 0.0015729963779449463 97 380 125 405
person 0.004416227340698242 235 0 320 114
sheep 0.0116862952709198 135 338 166 360
sheep 0.23440924286842346 253 338 318 370
person 0.01090201735496521 21 0 164 143
person 0.006169408559799194 147 0 286 170
person 0.0030280649662017822 152 0 338 172
person 0.0342307984828949 16 0 97 138
sheep 0.003565669059753418 251 328 286 351
person 0.0020585954189300537 47 0 124 139
sheep 0.013223767280578613 257 331 287 350
sheep 0.005752265453338623 259 333 289 361
sheep 0.0024824440479278564 260 332 327 358
sheep 0.002641737461090088 280 332 329 348
person 0.002314329147338867 57 0 283 177
sheep 0.0017684698104858398 223 341 240 356
sheep 0.002018868923187256 229 335 255 359
sheep 0.005447685718536377 251 340 294 369
sheep 0.21337738633155823 257 342 306 368
sheep 0.0013617873191833496 221 349 243 371
sheep 0.0018388032913208008 227 343 257 372
sheep 0.0012496113777160645 117 360 155 393
person 0.0018388032913208008 163 0 262 148
person 0.012240886688232422 384 279 398 298
sheep 0.001957029104232788 248 321 267 343
sheep 0.03384503722190857 249 320 287 346
sheep 0.0017963051795959473 262 319 288 346
sheep 0.04240426421165466 300 332 329 345
person 0.0011971890926361084 218 0 297 36
person 0.001335442066192627 255 0 342 33
person 0.0015366971492767334 299 0 410 27
person 0.001028209924697876 308 0 395 18
person 0.0010988116264343262 352 0 404 17
person 0.001388639211654663 163 137 213 205
sheep 0.0016483962535858154 209 356 234 374
sheep 0.0034832358360290527 216 356 234 374
train 0.0019266009330749512 236 240 413 271
sheep 0.0022607743740081787 248 320 272 340
person 0.0018174350261688232 247 0 325 38
person 0.0022084414958953857 261 0 333 42
sheep 0.005663484334945679 251 349 286 370
