train 0.0028339028358459473 230 188 499 328
train 0.00118333101272583 13 220 499 363
train 0.6306859254837036 -1 149 463 295
train 0.13893115520477295 5 181 499 332
car 0.001674354076385498 0 137 7 163
person 0.0010485053062438965 47 174 56 197
train 0.011244326829910278 418 195 499 317
car 0.0031358301639556885 0 36 9 58
car 0.0032602250576019287 478 124 497 139
train 0.0016355812549591064 188 180 352 230
train 0.0016548335552215576 0 32 10 61
bicycle 0.001455157995223999 353 221 418 271
bicycle 0.0012447535991668701 357 222 432 254
car 0.002314329147338867 54 76 67 83
