cat 0.9341573119163513 42 278 161 411
cat 0.0012943148612976074 50 165 276 405
dog 0.0026832520961761475 112 176 275 273
bottle 0.004573792219161987 84 95 129 126
person 0.0018676519393920898 24 0 310 284
person 0.002115577459335327 2 3 152 458
person 0.004792630672454834 1 5 223 451
person 0.00593411922454834 10 20 293 433
cat 0.7065954804420471 113 176 276 273
tvmonitor 0.0016613304615020752 188 177 333 307
tvmonitor 0.04885616898536682 12 81 150 181
bottle 0.001178741455078125 76 95 134 139
tvmonitor 0.002359837293624878 295 188 334 309
person 0.001040339469909668 183 194 333 310
cat 0.001367121934890747 131 193 175 222
cat 0.0020267367362976074 128 186 193 224
