chair 0.0011513829231262207 72 125 271 280
chair 0.0347515344619751 376 73 456 200
sofa 0.8152326345443726 73 99 301 279
chair 0.9273604154586792 322 99 418 250
chair 0.0014215409755706787 72 115 216 280
tvmonitor 0.4148988127708435 321 49 371 107
pottedplant 0.009784013032913208 223 72 243 87
pottedplant 0.003147989511489868 162 0 173 52
pottedplant 0.01530534029006958 139 70 160 90
chair 0.0018604099750518799 453 175 499 280
sofa 0.001367121934890747 453 153 499 280
person 0.0177803635597229 453 60 499 280
chair 0.004811316728591919 328 75 456 203
chair 0.0011648833751678467 73 113 139 278
chair 0.0011603832244873047 72 113 113 278
pottedplant 0.0017684698104858398 187 59 217 81
chair 0.0011694133281707764 75 97 179 281
