chair 0.005957245826721191 1 158 458 583
chair 0.007938534021377563 2 12 295 390
chair 0.0042809247970581055 0 0 109 365
chair 0.7648890018463135 13 10 494 393
chair 0.043693095445632935 0 0 75 198
chair 0.06954386830329895 0 0 188 195
chair 0.001432657241821289 462 0 499 125
diningtable 0.019085973501205444 8 9 487 390
chair 0.002790004014968872 181 10 467 332
chair 0.0010733604431152344 308 0 499 278
chair 0.06030997633934021 0 2 212 275
chair 0.004736989736557007 297 3 499 383
chair 0.006589770317077637 459 6 499 386
chair 0.9309604167938232 377 0 499 113
chair 0.0026212334632873535 141 5 469 233
chair 0.001264333724975586 55 0 129 19
