sofa 0.12852275371551514 1 69 356 499
sofa 0.0037219226360321045 8 423 357 499
person 0.001225501298904419 3 95 237 272
sofa 0.006640911102294922 2 3 348 107
person 0.0031724870204925537 27 -2 168 147
person 0.021452128887176514 36 0 165 96
person 0.011158108711242676 0 77 158 199
sofa 0.0015729963779449463 86 0 358 223
person 0.016786664724349976 2 77 228 186
person 0.0011513829231262207 -27 73 204 249
sofa 0.25164732336997986 1 5 351 315
person 0.016786664724349976 178 0 337 153
person 0.003930270671844482 0 -2 252 342
person 0.022672325372695923 36 102 354 328
person 0.7793221473693848 0 7 353 408
person 0.09981748461723328 5 0 352 253
person 0.1131901741027832 4 0 342 174
person 0.6141626834869385 0 0 169 201
person 0.0011031031608581543 45 37 295 172
person 0.0012447535991668701 303 0 328 4
