boat 0.4158473610877991 20 74 399 172
boat 0.0015010833740234375 34 146 393 172
train 0.004503071308135986 26 74 402 173
boat 0.003285646438598633 437 90 499 137
boat 0.001972287893295288 455 89 499 134
bus 0.0012350976467132568 -1 20 157 50
pottedplant 0.006027162075042725 174 66 218 104
pottedplant 0.0012159943580627441 195 69 218 105
pottedplant 0.0010526180267333984 463 65 494 82
boat 0.0011074244976043701 214 75 320 127
pottedplant 0.002415567636489868 12 61 25 101
pottedplant 0.0019343793392181396 28 60 52 102
pottedplant 0.0016548335552215576 175 69 187 105
pottedplant 0.0028897523880004883 105 156 128 167
car 0.0031976401805877686 321 118 368 139
car 0.0011160969734191895 321 119 389 139
boat 0.0010902583599090576 395 120 470 139
bus 0.011115282773971558 3 18 400 172
boat 0.0012207329273223877 394 29 499 141
boat 0.1116311252117157 152 74 397 171
boat 0.0010650157928466797 35 149 170 166
person 0.0019117295742034912 12 69 24 101
person 0.0010004639625549316 12 78 25 101
person 0.0024344027042388916 177 78 187 109
pottedplant 0.003780364990234375 11 62 21 101
pottedplant 0.0011603832244873047 0 97 5 133
pottedplant 0.03197786211967468 11 59 36 101
pottedplant 0.11201918125152588 11 59 53 102
pottedplant 0.07316717505455017 10 59 53 83
pottedplant 0.0010733604431152344 24 62 53 80
boat 0.001524806022644043 433 89 501 121
person 0.0010860264301300049 212 82 258 121
horse 0.0013564825057983398 213 82 255 121
boat 0.0011336207389831543 344 109 441 142
boat 0.0012350976467132568 351 107 490 140
boat 0.6406351923942566 393 89 499 141
train 0.0011971890926361084 212 75 324 152
boat 0.0010526180267333984 325 102 451 141
