diningtable 0.0015668869018554688 0 193 495 373
person 0.003510504961013794 464 27 499 351
person 0.21337738633155823 0 15 85 352
diningtable 0.9073100090026855 0 43 502 374
person 0.0020666420459747314 470 122 499 196
person 0.0010004639625549316 0 74 83 162
person 0.0019419193267822266 0 62 59 170
person 0.17106285691261292 0 23 85 221
person 0.004755467176437378 -3 109 82 148
person 0.00874510407447815 471 -2 499 205
chair 0.009936809539794922 0 19 36 121
person 0.004118025302886963 479 105 499 370
person 0.007232218980789185 456 1 499 194
person 0.006438493728637695 471 56 499 241
sofa 0.0028339028358459473 80 0 392 63
person 0.006589770317077637 276 0 390 62
person 0.11047384142875671 0 7 84 156
person 0.6215409636497498 115 0 339 74
person 0.0028228759765625 489 46 499 201
person 0.004718571901321411 458 18 499 246
diningtable 0.0022257566452026367 0 51 327 371
chair 0.2450861930847168 393 0 499 132
person 0.005099952220916748 409 5 499 206
chair 0.011287689208984375 64 0 130 84
chair 0.0011424720287322998 105 0 174 69
person 0.0021488964557647705 107 0 217 73
person 0.0025310516357421875 220 0 393 64
person 0.03410175442695618 335 0 391 64
person 0.001264333724975586 483 163 499 283
sheep 0.0011424720287322998 478 1 499 40
person 0.0013250410556793213 476 69 500 201
person 0.0012842416763305664 0 68 36 218
person 0.00208282470703125 411 1 499 137
person 0.0020505785942077637 475 2 499 140
person 0.011072665452957153 0 38 46 326
chair 0.0015729963779449463 107 -1 148 68
person 0.0018822550773620605 0 3 25 123
person 0.0011074244976043701 0 64 52 207
person 0.0013564825057983398 159 0 338 53
chair 0.001455157995223999 0 69 81 121
chair 0.0010241866111755371 0 49 78 145
chair 0.005619615316390991 393 0 499 88
sofa 0.00208282470703125 392 1 500 130
