boat 0.013326108455657959 16 82 183 460
boat 0.8370884656906128 11 -3 302 464
boat 0.0017007291316986084 143 311 320 461
boat 0.0019494593143463135 44 338 196 461
boat 0.012240886688232422 83 374 197 461
boat 0.028168916702270508 26 147 188 432
boat 0.005842477083206177 35 182 143 414
person 0.016467034816741943 132 413 147 446
person 0.002757549285888672 301 414 310 431
boat 0.0014438629150390625 305 411 330 441
person 0.0320991575717926 133 423 150 447
person 0.0030162930488586426 142 423 157 450
boat 0.0067453086376190186 83 411 142 447
person 0.0076958537101745605 131 413 157 447
boat 0.0010860264301300049 300 413 327 445
boat 0.0018103718757629395 59 347 84 410
boat 0.4016876220703125 313 421 371 448
boat 0.0030162930488586426 62 360 84 409
person 0.0035518109798431396 152 422 174 451
person 0.0019876956939697266 300 414 314 433
boat 0.0012302696704864502 301 412 323 434
boat 0.002018868923187256 308 411 322 436
boat 0.004331141710281372 41 355 88 412
boat 0.008000344038009644 56 360 88 412
boat 0.001524806022644043 85 433 111 446
boat 0.006339401006698608 4 0 333 279
boat 0.04069101810455322 39 304 104 413
boat 0.007148534059524536 44 368 103 412
boat 0.017848461866378784 84 417 198 461
boat 0.0013995170593261719 63 358 82 395
boat 0.03622123599052429 38 230 104 413
boat 0.004399091005325317 38 259 127 413
person 0.014118820428848267 155 427 184 453
boat 0.002199828624725342 89 436 183 461
boat 0.016091108322143555 84 309 198 461
boat 0.0016355812549591064 239 411 371 454
boat 0.6352227926254272 300 412 373 448
boat 0.0016940832138061523 262 405 371 450
person 0.003960907459259033 137 424 166 450
person 0.0653633177280426 156 427 175 450
person 0.003389507532119751 155 427 193 456
person 0.0017684698104858398 132 412 148 429
person 0.0013250410556793213 300 412 323 434
person 0.004022836685180664 308 411 322 432
boat 0.012193650007247925 39 393 103 413
