aeroplane 0.9414379596710205 13 46 496 210
aeroplane 0.015845149755477905 437 50 496 79
aeroplane 0.0030995309352874756 111 65 267 113
person 0.005322486162185669 123 247 132 267
aeroplane 0.0015130341053009033 348 54 406 70
person 0.011115282773971558 142 248 153 267
person 0.0025508105754852295 143 248 155 267
aeroplane 0.002693742513656616 273 73 339 118
person 0.006339401006698608 155 241 167 272
aeroplane 0.004609555006027222 274 67 379 118
aeroplane 0.029985934495925903 71 63 184 112
person 0.0027360916137695312 189 249 199 271
aeroplane 0.004166156053543091 75 79 209 114
aeroplane 0.0019419193267822266 72 85 255 114
person 0.0016102492809295654 230 249 241 284
aeroplane 0.001714080572128296 466 51 499 73
person 0.0028561055660247803 237 255 247 280
aeroplane 0.005040973424911499 482 45 499 73
aeroplane 0.0017684698104858398 10 114 250 147
person 0.00257071852684021 239 255 248 279
aeroplane 0.003780364990234375 488 47 500 74
aeroplane 0.001069188117980957 13 106 311 146
aeroplane 0.0023506581783294678 -6 100 314 137
person 0.003664344549179077 290 249 301 275
car 0.0022344589233398438 0 188 33 203
person 0.028437048196792603 404 247 415 273
aeroplane 0.0019876956939697266 294 57 311 65
person 0.0011879205703735352 418 242 428 272
aeroplane 0.001680910587310791 290 57 318 66
aeroplane 0.0018459856510162354 290 56 337 67
car 0.0023690462112426758 0 97 11 113
aeroplane 0.0010988116264343262 38 100 288 132
person 0.08663347363471985 439 241 449 273
aeroplane 0.0010567307472229004 301 56 351 68
aeroplane 0.014898449182510376 331 54 355 67
person 0.0024921000003814697 164 242 176 272
person 0.13386806845664978 124 292 137 319
aeroplane 0.001957029104232788 25 30 339 131
aeroplane 0.012335866689682007 331 55 379 69
person 0.036357581615448 127 280 142 307
person 0.001335442066192627 472 249 482 271
aeroplane 0.014336913824081421 336 57 389 69
aeroplane 0.008984774351119995 349 58 393 70
car 0.0012792348861694336 0 98 8 115
person 0.0026727914810180664 65 220 77 248
person 0.029425203800201416 488 256 498 278
aeroplane 0.00284498929977417 347 58 409 71
aeroplane 0.00208282470703125 434 60 477 72
person 0.0013044774532318115 70 220 80 244
person 0.018474966287612915 188 294 198 315
aeroplane 0.011115282773971558 436 60 489 73
person 0.010328888893127441 190 295 199 316
person 0.0010362863540649414 308 252 321 284
aeroplane 0.014336913824081421 450 60 489 75
person 0.0012065470218658447 389 245 400 278
person 0.01956745982170105 199 294 208 316
aeroplane 0.01196029782295227 465 61 491 75
person 0.012576550245285034 403 244 413 272
aeroplane 0.005865275859832764 16 68 380 182
aeroplane 0.01711207628250122 476 57 499 74
aeroplane 0.008188486099243164 489 57 500 73
person 0.11279869079589844 257 285 265 305
aeroplane 0.0020425915718078613 81 63 138 90
person 0.004982620477676392 476 248 485 271
person 0.03904598951339722 489 255 499 283
person 0.002314329147338867 387 241 398 274
person 0.0017207860946655273 27 256 40 277
aeroplane 0.5506075620651245 74 62 182 90
person 0.07369807362556458 411 283 426 312
person 0.011374980211257935 410 277 434 310
aeroplane 0.004182338714599609 123 62 175 82
person 0.0021657347679138184 493 277 499 332
aeroplane 0.001455157995223999 113 64 243 104
person 0.17217358946800232 341 281 349 303
person 0.08540382981300354 346 281 356 302
person 0.026155948638916016 418 238 427 268
person 0.12940073013305664 400 283 413 307
person 0.016530483961105347 198 293 209 313
aeroplane 0.0016874969005584717 330 60 365 71
person 0.01186823844909668 250 291 259 318
aeroplane 0.0017893016338348389 335 61 388 71
aeroplane 0.0029466450214385986 473 33 499 78
person 0.023242324590682983 430 241 439 268
car 0.0025508105754852295 0 224 11 255
aeroplane 0.0018676519393920898 350 61 383 71
aeroplane 0.11047384142875671 180 66 340 130
aeroplane 0.002693742513656616 439 63 469 72
aeroplane 0.013071656227111816 469 62 489 76
person 0.0017410516738891602 62 222 74 248
aeroplane 0.01444736123085022 473 61 492 76
person 0.0020505785942077637 124 296 144 318
aeroplane 0.001040339469909668 0 59 38 99
person 0.0016102492809295654 134 224 144 251
person 0.004811316728591919 191 295 201 317
aeroplane 0.501953125 6 69 338 132
aeroplane 0.0013044774532318115 482 32 499 75
aeroplane 0.0011248290538787842 488 33 500 76
person 0.0011513829231262207 168 226 177 249
aeroplane 0.013071656227111816 331 54 364 69
person 0.002424955368041992 205 291 216 315
person 0.010611921548843384 489 230 499 261
person 0.21337738633155823 248 298 258 319
person 0.0016355812549591064 25 238 34 261
person 0.24798792600631714 114 299 125 320
motorbike 0.014784276485443115 96 260 124 278
aeroplane 0.019642621278762817 474 50 499 76
car 0.03067392110824585 96 260 124 278
person 0.004364967346191406 125 288 144 318
aeroplane 0.006121635437011719 473 62 497 78
person 0.00536385178565979 121 298 135 320
aeroplane 0.004755467176437378 0 72 29 96
aeroplane 0.0015130341053009033 0 70 41 96
person 0.04304414987564087 273 252 284 281
person 0.0018822550773620605 53 226 63 252
person 0.0028897523880004883 275 259 286 282
aeroplane 0.1097080409526825 125 64 182 87
person 0.0011603832244873047 234 245 246 280
person 0.001466512680053711 240 249 249 278
person 0.0015189051628112793 487 257 499 326
person 0.0010817945003509521 265 242 272 264
aeroplane 0.003751039505004883 0 78 19 96
person 0.0013459324836730957 291 250 300 269
person 0.010530352592468262 416 239 424 264
person 0.0011380314826965332 301 241 314 284
person 0.021782606840133667 427 240 434 266
person 0.00257071852684021 326 243 338 280
person 0.0011074244976043701 369 244 379 269
person 0.04535484313964844 453 239 461 272
person 0.005597800016403198 392 241 404 279
person 0.02211776375770569 462 241 471 269
person 0.008677929639816284 475 238 484 267
person 0.0018174350261688232 29 255 39 275
person 0.02717086672782898 489 231 499 272
person 0.16237932443618774 491 282 499 301
person 0.0032476186752319336 26 254 36 272
person 0.005040973424911499 393 277 408 297
person 0.0017823278903961182 158 252 171 274
person 0.0031976401805877686 166 255 177 274
person 0.05032771825790405 125 283 137 318
person 0.04903769493103027 425 274 435 306
person 0.005426615476608276 191 251 201 271
person 0.04603534936904907 131 281 142 302
person 0.20307472348213196 153 285 167 306
person 0.19193220138549805 178 291 188 314
bus 0.0023052990436553955 0 187 34 206
person 0.02169954776763916 182 292 193 316
person 0.0011248290538787842 43 193 51 211
person 0.0021321773529052734 479 238 490 273
person 0.005619615316390991 487 233 498 277
person 0.03488284349441528 209 290 219 314
person 0.038609206676483154 17 242 26 264
person 0.006692379713058472 250 285 266 317
person 0.002969682216644287 25 244 33 270
person 0.015542924404144287 72 252 82 269
person 0.01854574680328369 82 244 92 267
person 0.24220746755599976 382 277 395 298
person 0.002323359251022339 389 280 411 302
person 0.0023968517780303955 166 233 178 260
person 0.01698121428489685 124 279 137 303
person 0.0033371448516845703 171 230 180 255
person 0.0025212466716766357 187 229 198 264
person 0.0014104843139648438 191 235 200 269
person 0.001178741455078125 198 244 208 269
person 0.0022696256637573242 256 241 267 272
person 0.0017410516738891602 259 243 267 268
person 0.0020346641540527344 266 241 275 270
person 0.05184340476989746 261 285 274 306
person 0.11676490306854248 265 285 275 306
person 0.19314685463905334 276 283 286 306
person 0.05070251226425171 207 265 217 283
person 0.006121635437011719 253 252 263 274
person 0.013274848461151123 225 266 238 287
person 0.0022519826889038086 269 241 281 277
person 0.0029928982257843018 276 270 287 300
person 0.027067720890045166 288 258 297 288
person 0.14033910632133484 287 268 296 288
person 0.014784276485443115 288 251 299 286
person 0.0021657347679138184 299 260 314 285
person 0.00803142786026001 339 265 349 303
person 0.035814911127090454 370 252 380 282
person 0.001388639211654663 370 246 387 283
person 0.002935171127319336 387 246 405 282
person 0.01883181929588318 394 270 406 292
person 0.0011292099952697754 384 241 393 261
person 0.03832080960273743 395 261 406 291
person 0.0025310516357421875 392 240 403 269
person 0.009485304355621338 398 270 412 308
person 0.0019799768924713135 399 239 411 273
person 0.009898394346237183 418 275 428 304
person 0.06584268808364868 491 263 499 301
person 0.0034293532371520996 301 257 312 284
person 0.020099759101867676 326 255 337 281
person 0.0020425915718078613 336 255 347 280
person 0.001028209924697876 339 258 350 280
person 0.00593411922454834 470 242 480 270
person 0.03732478618621826 370 261 380 282
person 0.00284498929977417 479 236 490 263
person 0.001972287893295288 371 263 389 289
person 0.002779155969619751 382 264 399 299
person 0.12591978907585144 393 256 406 283
person 0.0022431910037994385 413 236 425 270
person 0.004485577344894409 400 252 412 283
person 0.00284498929977417 418 274 429 293
person 0.008478313684463501 425 237 434 268
person 0.010052919387817383 435 236 446 271
person 0.0034832358360290527 480 256 492 277
person 0.018759876489639282 441 235 453 272
person 0.012971192598342896 468 240 478 270
person 0.005322486162185669 471 236 481 270
person 0.00394555926322937 480 235 491 254
car 0.4551987051963806 0 236 15 255
person 0.0013778507709503174 30 232 41 258
person 0.0035796165466308594 33 231 43 255
person 0.010776817798614502 54 228 65 262
person 0.0022519826889038086 58 228 70 262
person 0.0024628937244415283 71 230 85 269
person 0.004905790090560913 21 241 30 263
person 0.0012943148612976074 28 244 39 273
person 0.018334269523620605 35 255 49 274
person 0.02333083748817444 55 234 67 262
person 0.007260352373123169 58 237 69 262
person 0.0013250410556793213 119 246 128 267
person 0.003635883331298828 165 235 178 274
person 0.0038546323776245117 188 245 198 269
person 0.0011160969734191895 167 229 178 255
person 0.0032602250576019287 62 224 72 253
person 0.0014438629150390625 69 221 82 249
person 0.0016355812549591064 81 223 92 267
person 0.001146942377090454 305 238 315 258
person 0.0017275214195251465 315 239 325 261
person 0.0015189051628112793 358 238 368 269
person 0.0013459324836730957 380 240 390 259
person 0.0011248290538787842 383 240 392 258
person 0.0017478764057159424 379 224 389 245
person 0.0011694133281707764 423 235 432 264
person 0.0010775625705718994 429 235 438 260
person 0.0028228759765625 442 235 451 258
person 0.001489490270614624 450 235 456 262
person 0.0010817945003509521 468 234 478 266
person 0.001449495553970337 474 233 482 249
person 0.00386965274810791 481 231 492 251
person 0.007316946983337402 487 231 499 254
person 0.024702221155166626 491 231 500 257
