boat 0.0014215409755706787 34 154 223 282
boat 0.00517958402633667 22 199 223 283
train 0.0069571733474731445 358 67 499 314
person 0.0010650157928466797 0 60 17 279
person 0.0010860264301300049 0 212 27 283
boat 0.002003192901611328 362 237 499 301
pottedplant 0.009784013032913208 209 284 243 328
bus 0.816990852355957 61 81 469 300
bus 0.003678649663925171 64 102 225 258
person 0.001146942377090454 3 202 41 281
boat 0.004609555006027222 362 201 499 298
person 0.6424316167831421 0 209 15 282
boat 0.4960938096046448 38 216 124 279
chair 0.0011603832244873047 474 161 499 293
person 0.8519556522369385 12 200 64 279
pottedplant 0.0013459324836730957 441 3 463 28
person 0.0011248290538787842 12 200 127 275
chair 0.002757549285888672 473 189 499 247
