bird 0.0035518109798431396 0 224 162 330
bird 0.0031724870204925537 0 106 162 325
bird 0.7041603326797485 70 182 478 290
bird 0.0010775625705718994 166 132 486 236
bird 0.04023560881614685 164 150 486 259
bird 0.0010004639625549316 0 248 164 427
bird 0.049402832984924316 399 93 428 116
bird 0.06779336929321289 456 153 486 197
bird 0.05728462338447571 246 142 265 167
bird 0.0360853374004364 261 186 281 205
bird 0.1661340892314911 274 265 294 312
bird 0.0017963051795959473 18 266 77 280
bird 0.0010860264301300049 218 186 439 274
bird 0.0022170841693878174 69 209 293 288
bird 0.09236234426498413 124 52 181 78
bird 0.005511492490768433 44 266 78 280
dog 0.0010322332382202148 124 52 181 76
bird 0.0020666420459747314 230 186 281 220
bird 0.032465726137161255 196 248 240 293
bird 0.0019876956939697266 399 130 420 154
bird 0.0017275214195251465 118 186 312 274
cat 0.17895618081092834 124 52 180 78
bird 0.01994621753692627 249 57 277 86
bird 0.001264333724975586 225 187 302 273
bird 0.001524806022644043 206 187 364 273
bird 0.007120847702026367 252 186 281 205
bird 0.0045206546783447266 254 181 473 229
bird 0.013021320104598999 398 93 431 151
bird 0.3720477223396301 271 107 326 136
bird 0.005685538053512573 232 186 282 207
bird 0.0034027397632598877 303 107 328 133
bird 0.023066431283950806 419 144 435 171
bird 0.0011160969734191895 435 153 485 192
