chair 0.045186132192611694 453 187 499 363
diningtable 0.007877200841903687 165 210 314 374
person 0.0042809247970581055 453 78 499 340
chair 0.6825742125511169 6 257 147 373
chair 0.7969253063201904 162 262 265 373
sofa 0.2666436433792114 452 181 499 332
diningtable 0.8947906494140625 10 203 316 372
pottedplant 0.003075540065765381 282 102 307 192
pottedplant 0.015723586082458496 293 101 312 194
chair 0.0023690462112426758 119 191 190 209
chair 0.001012265682220459 153 196 213 210
chair 0.0011160969734191895 153 125 202 190
pottedplant 0.026155948638916016 149 115 201 202
chair 0.0018245279788970947 165 146 223 168
sofa 0.001020193099975586 165 145 221 162
chair 0.0011513829231262207 238 148 263 167
chair 0.0011603832244873047 267 139 295 173
chair 0.029872894287109375 271 153 296 174
chair 0.005980461835861206 185 190 259 210
chair 0.04603534936904907 271 132 297 175
chair 0.04320555925369263 200 193 265 211
cat 0.0010733604431152344 436 175 467 217
pottedplant 0.005619615316390991 326 121 357 228
pottedplant 0.008915573358535767 116 115 203 208
chair 0.24220746755599976 157 167 264 360
pottedplant 0.0016548335552215576 278 113 305 191
pottedplant 0.0028009116649627686 333 121 355 215
chair 0.007093280553817749 0 166 44 374
chair 0.0016678273677825928 161 105 199 153
pottedplant 0.01155179738998413 293 99 309 166
pottedplant 0.0020346641540527344 153 153 200 199
pottedplant 0.0011160969734191895 168 163 200 195
pottedplant 0.005219787359237671 293 100 327 196
chair 0.5292633771896362 73 176 177 363
chair 0.0019343793392181396 0 212 30 338
chair 0.03449025750160217 194 200 314 373
pottedplant 0.0015130341053009033 289 100 307 161
chair 0.0012399256229400635 155 199 216 222
chair 0.00321003794670105 165 197 262 219
bottle 0.03397315740585327 274 303 305 374
chair 0.007547855377197266 268 147 298 184
bottle 0.007176309823989868 7 300 38 373
bottle 0.0019876956939697266 6 297 52 374
tvmonitor 0.019418001174926758 276 124 299 160
chair 0.001489490270614624 167 186 264 202
chair 0.003678649663925171 405 174 470 289
chair 0.001466512680053711 106 180 204 198
chair 0.00185316801071167 197 174 263 195
bottle 0.001225501298904419 237 174 259 189
bottle 0.00443345308303833 240 174 254 189
chair 0.002359837293624878 0 230 45 373
chair 0.001904308795928955 417 197 496 313
chair 0.002867281436920166 0 209 23 382
chair 0.014282047748565674 127 199 227 352
chair 0.010611921548843384 179 186 293 361
chair 0.003222525119781494 172 144 223 161
chair 0.009303301572799683 194 202 292 321
chair 0.0011558830738067627 195 173 262 188
person 0.0022170841693878174 407 174 470 311
pottedplant 0.0030874907970428467 325 142 349 220
chair 0.0014438629150390625 228 140 243 160
pottedplant 0.008413106203079224 328 149 353 227
chair 0.0013096034526824951 0 200 15 325
chair 0.01956745982170105 237 149 253 164
chair 0.0010004639625549316 238 146 269 168
chair 0.0013564825057983398 263 126 291 174
chair 0.06371176242828369 274 125 299 170
chair 0.003884732723236084 275 123 305 188
chair 0.003795117139816284 117 185 219 222
pottedplant 0.00321003794670105 154 118 199 164
chair 0.008284062147140503 180 198 267 301
pottedplant 0.0016874969005584717 157 128 200 155
chair 0.07920721173286438 200 188 265 218
chair 0.002115577459335327 174 141 220 156
chair 0.13117218017578125 117 183 179 208
chair 0.003884732723236084 116 165 221 207
bottle 0.0021573007106781006 342 122 350 148
chair 0.26284074783325195 199 185 265 210
chair 0.0010902583599090576 115 203 191 282
chair 0.002631455659866333 115 203 210 231
chair 0.0012594163417816162 117 132 206 208
chair 0.002359837293624878 192 170 266 210
chair 0.006589770317077637 265 157 298 197
