sofa 0.029985934495925903 433 152 499 373
sofa 0.09367886185646057 364 197 499 373
chair 0.005021452903747559 365 161 499 372
sofa 0.9353494644165039 123 158 435 331
person 0.11716783046722412 441 140 499 371
sofa 0.5117166638374329 0 158 44 346
tvmonitor 0.001524806022644043 0 158 7 203
tvmonitor 0.02315419912338257 0 157 31 204
tvmonitor 0.010818421840667725 0 159 31 242
pottedplant 0.0013147294521331787 187 242 224 298
chair 0.006640911102294922 439 197 499 373
dog 0.005080223083496094 0 183 26 239
chair 0.001040339469909668 494 167 500 245
chair 0.002453356981277466 475 170 499 244
chair 0.003537982702255249 466 169 499 253
cat 0.019343703985214233 487 169 499 224
chair 0.0670556128025055 486 170 499 241
pottedplant 0.0012159943580627441 136 227 185 291
sofa 0.005729943513870239 0 184 26 243
chair 0.00941208004951477 0 158 31 246
