car 0.0010567307472229004 54 196 110 211
car 0.0018676519393920898 84 195 106 207
aeroplane 0.0031358301639556885 84 195 106 208
boat 0.0031358301639556885 110 195 129 207
car 0.001449495553970337 109 195 129 207
person 0.0012742578983306885 399 204 425 235
person 0.00874510407447815 409 202 443 235
person 0.43014732003211975 421 200 447 234
person 0.23231258988380432 463 207 476 229
motorbike 0.01524651050567627 495 217 500 296
pottedplant 0.00208282470703125 0 232 21 254
motorbike 0.42632174491882324 480 202 499 278
person 0.0010241866111755371 483 218 500 333
person 0.00517958402633667 495 210 500 333
pottedplant 0.004609555006027222 0 231 38 255
motorbike 0.0015977323055267334 466 204 499 314
motorbike 0.04778146743774414 481 199 499 329
motorbike 0.001455157995223999 457 209 475 237
person 0.16776436567306519 486 202 499 272
aeroplane 0.012288272380828857 84 194 129 208
aeroplane 0.002090960741043091 109 194 129 207
motorbike 0.026356011629104614 491 220 499 290
motorbike 0.8895261287689209 399 206 466 243
motorbike 0.014727562665939331 456 206 475 231
person 0.43014732003211975 488 203 499 236
pottedplant 0.004792630672454834 23 186 42 207
pottedplant 0.0017684698104858398 23 181 48 207
boat 0.016722261905670166 75 225 128 235
boat 0.6495788097381592 139 225 196 237
motorbike 0.004538297653198242 453 204 479 234
motorbike 0.0016355812549591064 441 214 470 240
motorbike 0.04272308945655823 460 207 476 232
person 0.0016548335552215576 0 117 6 197
motorbike 0.0015853047370910645 399 200 450 239
motorbike 0.0010004639625549316 417 201 473 233
pottedplant 0.007547855377197266 24 193 41 207
person 0.0021238625049591064 423 200 457 232
person 0.005343139171600342 432 207 476 230
motorbike 0.002074718475341797 399 205 420 237
motorbike 0.005301922559738159 434 207 476 233
