chair 0.025613337755203247 458 134 499 371
sofa 0.9196460247039795 96 150 338 351
person 0.007547855377197266 397 26 417 49
bottle 0.0020425915718078613 414 31 435 49
bottle 0.0011513829231262207 447 30 455 48
bottle 0.0010902583599090576 493 30 499 59
bottle 0.00443345308303833 488 160 499 234
person 0.0010241866111755371 489 51 499 90
tvmonitor 0.0022785067558288574 485 165 499 235
bottle 0.003824770450592041 0 98 13 146
tvmonitor 0.0025212466716766357 0 97 17 145
pottedplant 0.003075540065765381 397 26 414 50
bottle 0.0013564825057983398 441 27 453 48
bottle 0.00106087327003479 445 28 466 48
bottle 0.0012447535991668701 482 24 496 47
bottle 0.0017275214195251465 493 29 499 48
person 0.0010444223880767822 490 47 499 111
chair 0.4960938096046448 406 112 463 195
chair 0.0011879205703735352 483 131 499 255
chair 0.0019419193267822266 466 214 499 365
bottle 0.0013147294521331787 431 37 441 49
bottle 0.17217358946800232 350 46 360 75
chair 0.0020425915718078613 493 116 499 234
tvmonitor 0.0013096034526824951 465 215 499 373
tvmonitor 0.0011971890926361084 478 142 499 237
chair 0.0011424720287322998 490 149 500 234
pottedplant 0.005685538053512573 0 0 24 35
pottedplant 0.018616825342178345 0 0 45 35
pottedplant 0.003976315259933472 37 0 72 34
chair 0.0018969178199768066 490 118 500 239
person 0.0010485053062438965 492 76 499 111
chair 0.0016613304615020752 74 163 157 329
chair 0.0025115013122558594 72 164 197 329
bottle 0.0010241866111755371 473 25 491 44
chair 0.0019876956939697266 435 109 466 177
chair 0.0682893693447113 423 110 464 182
person 0.001524806022644043 488 49 499 81
bottle 0.0020425915718078613 407 94 420 121
tvmonitor 0.001432657241821289 490 139 500 238
cat 0.001367121934890747 204 15 244 47
chair 0.0011971890926361084 73 171 136 234
pottedplant 0.03371736407279968 0 0 74 35
person 0.00369301438331604 405 54 423 68
bottle 0.014841258525848389 464 41 478 82
bottle 0.0019419193267822266 469 28 482 81
bottle 0.001388639211654663 490 30 500 81
tvmonitor 0.004924893379211426 354 122 401 146
pottedplant 0.0014438629150390625 476 77 499 111
pottedplant 0.0016228556632995605 493 80 499 112
tvmonitor 0.008812874555587769 73 172 119 234
