person 0.8074612021446228 101 139 405 373
chair 0.146574467420578 67 142 348 374
sofa 0.0034293532371520996 264 193 499 369
chair 0.0013302266597747803 379 202 499 372
person 0.15973952412605286 99 144 259 372
person 0.2501792311668396 248 136 500 365
chair 0.0010444223880767822 0 148 130 373
person 0.002018868923187256 362 91 499 360
chair 0.14755311608314514 80 269 331 374
sofa 0.007938534021377563 94 231 399 374
person 0.0031976401805877686 89 253 399 374
sofa 0.02405199408531189 61 196 500 374
diningtable 0.003063589334487915 145 198 499 373
diningtable 0.005819797515869141 327 249 500 373
diningtable 0.017848461866378784 391 309 499 373
diningtable 0.018904060125350952 390 250 499 373
chair 0.0023968517780303955 240 137 432 327
sofa 0.5803521871566772 0 144 498 382
chair 0.001367121934890747 123 137 501 361
person 0.003736436367034912 461 113 499 358
bottle 0.0010485053062438965 494 55 499 100
chair 0.0019876956939697266 492 168 499 308
tvmonitor 0.0015977323055267334 428 147 469 196
chair 0.001957029104232788 493 195 499 298
tvmonitor 0.0017007291316986084 440 145 499 195
tvmonitor 0.002693742513656616 480 146 499 197
bottle 0.7279752492904663 203 225 227 303
bottle 0.7431692481040955 328 259 348 320
chair 0.0011248290538787842 279 183 490 375
chair 0.004944056272506714 290 196 492 317
chair 0.06030997633934021 352 198 492 290
person 0.001432657241821289 484 178 499 321
chair 0.005532950162887573 0 167 46 331
person 0.006145477294921875 248 138 403 305
person 0.001264333724975586 366 242 499 373
person 0.0029466450214385986 420 210 499 373
chair 0.001455157995223999 294 171 426 375
chair 0.0011160969734191895 485 208 499 294
chair 0.0021742284297943115 0 208 69 374
person 0.0010083019733428955 492 156 499 308
pottedplant 0.0010004639625549316 0 159 9 289
person 0.0013995170593261719 489 162 499 294
chair 0.004038453102111816 0 158 31 336
tvmonitor 0.001040339469909668 484 124 499 247
person 0.001674354076385498 487 118 499 287
person 0.0010444223880767822 485 141 499 239
chair 0.003272920846939087 114 145 269 295
person 0.004133999347686768 472 199 499 373
diningtable 0.006823897361755371 334 334 498 374
diningtable 0.031736671924591064 387 335 500 373
person 0.003510504961013794 475 238 499 372
chair 0.004198610782623291 72 287 153 374
diningtable 0.0023782849311828613 0 283 88 374
