tvmonitor 0.0011380314826965332 376 109 441 432
dog 0.9130566120147705 192 218 304 500
car 0.03308582305908203 140 61 161 74
car 0.005911082029342651 254 62 298 80
car 0.006797581911087036 265 65 289 79
car 0.0011380314826965332 244 66 276 79
car 0.0028784871101379395 261 67 281 79
car 0.010860145092010498 281 70 303 81
car 0.00284498929977417 293 72 312 81
car 0.002757549285888672 299 73 320 81
car 0.001714080572128296 301 73 323 83
car 0.0018822550773620605 320 75 335 84
bus 0.0011336207389831543 324 73 344 84
car 0.026155948638916016 244 67 259 77
car 0.015784263610839844 256 66 289 79
car 0.014558762311935425 258 69 290 80
car 0.02414378523826599 276 70 291 80
car 0.01627802848815918 277 69 300 80
car 0.011158108711242676 280 68 304 80
car 0.0031724870204925537 288 67 310 80
bus 0.0035796165466308594 134 54 163 74
car 0.004297584295272827 139 50 164 73
car 0.0025212466716766357 137 47 164 70
car 0.0015668869018554688 163 48 202 67
bus 0.0017207860946655273 335 73 348 84
car 0.0013302266597747803 334 73 348 84
car 0.0027360916137695312 319 77 335 85
car 0.0010817945003509521 322 76 337 85
car 0.0011558830738067627 344 76 374 89
car 0.0016874969005584717 351 80 374 90
