person 0.24364396929740906 348 86 499 331
person 0.016029298305511475 0 18 214 329
person 0.09434303641319275 212 90 499 331
dog 0.8688278198242188 1 16 382 321
dog 0.00941208004951477 0 13 211 328
person 0.0015853047370910645 477 -15 499 206
person 0.0015487074851989746 200 0 499 148
person 0.1451161801815033 102 0 498 276
person 0.3015681505203247 309 0 499 243
person 0.007877200841903687 446 2 499 326
person 0.004982620477676392 99 0 499 179
person 0.0012065470218658447 490 2 500 97
person 0.013274848461151123 314 0 499 157
person 0.22953715920448303 199 0 499 238
bottle 0.0051396191120147705 0 259 14 331
bottle 0.002935171127319336 479 2 499 96
bottle 0.002314329147338867 492 3 500 99
person 0.004007279872894287 476 53 499 341
person 0.002018868923187256 482 0 499 120
bottle 0.0022344589233398438 451 53 499 256
bottle 0.06878867745399475 477 32 499 267
person 0.003780364990234375 0 217 15 331
bottle 0.03760969638824463 26 264 71 332
person 0.009231507778167725 381 87 497 246
tvmonitor 0.0048677921295166016 477 98 500 200
bottle 0.01994621753692627 477 83 500 199
person 0.002115577459335327 479 3 499 92
dog 0.020646393299102783 388 89 498 230
bottle 0.13893115520477295 477 18 499 199
bottle 0.007969379425048828 0 223 14 330
