motorbike 0.9155080318450928 347 179 457 241
person 0.0177803635597229 160 153 181 184
person 0.0011031031608581543 189 156 207 185
person 0.0022084414958953857 58 189 101 219
person 0.0021321773529052734 385 186 426 224
person 0.004718571901321411 387 179 446 229
person 0.14318987727165222 130 159 147 203
person 0.006388753652572632 148 155 184 213
person 0.004331141710281372 71 176 106 216
person 0.06779336929321289 130 159 147 189
person 0.10338345170021057 246 185 274 219
person 0.0025508105754852295 391 186 422 200
person 0.0012842416763305664 391 180 442 202
person 0.0069841742515563965 71 189 100 216
person 0.03649437427520752 75 185 107 213
person 0.0682893693447113 247 183 283 220
person 0.592666506767273 158 153 183 211
motorbike 0.001524806022644043 390 179 457 240
motorbike 0.8832350969314575 53 188 113 230
motorbike 0.8354835510253906 131 175 203 230
motorbike 0.9118072390556335 220 180 302 236
person 0.651354193687439 189 157 209 210
