horse 0.0017410516738891602 246 54 319 160
horse 0.0016165375709533691 76 76 165 209
person 0.690142035484314 83 16 201 211
person 0.03321123123168945 0 65 37 208
person 0.0012594163417816162 0 46 77 209
horse 0.0028009116649627686 239 94 319 160
horse 0.002314329147338867 252 79 319 164
dog 0.38954633474349976 0 111 36 209
horse 0.8947906494140625 87 80 200 210
dog 0.0017478764057159424 0 110 69 210
horse 0.0013459324836730957 12 73 214 210
car 0.0016102492809295654 188 110 239 143
dog 0.0025807321071624756 0 119 10 216
person 0.0685386061668396 115 15 176 144
person 0.004450768232345581 0 109 13 194
person 0.0018103718757629395 69 6 128 207
person 0.04977071285247803 74 13 150 207
motorbike 0.003621727228164673 0 110 29 191
person 0.0017073750495910645 133 90 202 213
person 0.0067453086376190186 149 107 203 213
horse 0.001225501298904419 292 117 319 157
car 0.0018033087253570557 261 132 311 161
dog 0.0016292035579681396 0 162 36 210
dog 0.004022836685180664 0 108 18 202
car 0.001367121934890747 190 118 220 148
car 0.01596766710281372 247 112 319 160
cow 0.011115282773971558 267 114 319 159
boat 0.0023052990436553955 209 111 318 160
bus 0.005384683609008789 278 105 319 158
person 0.003324180841445923 0 110 22 189
person 0.003765672445297241 106 63 180 195
car 0.011463016271591187 177 108 239 149
car 0.001455157995223999 214 109 274 160
person 0.0015189051628112793 164 114 201 160
bicycle 0.001388639211654663 0 158 36 210
car 0.0013250410556793213 286 113 319 150
car 0.0012350976467132568 302 115 319 152
car 0.0010567307472229004 308 116 319 149
boat 0.0012544989585876465 233 90 319 160
train 0.002867281436920166 244 90 319 159
train 0.008156836032867432 278 90 319 157
train 0.005957245826721191 281 58 319 159
person 0.0021073520183563232 0 93 18 166
train 0.0033763349056243896 265 50 319 159
