pottedplant 0.010014057159423828 0 220 142 373
pottedplant 0.028870850801467896 474 151 499 283
pottedplant 0.006930291652679443 0 114 167 363
pottedplant 0.4990234375 146 143 264 295
pottedplant 0.031796813011169434 0 220 95 373
pottedplant 0.00443345308303833 0 86 116 279
pottedplant 0.003678649663925171 350 0 382 58
pottedplant 0.02025449275970459 351 161 389 225
pottedplant 0.006666600704193115 373 173 393 207
pottedplant 0.0026212334632873535 374 177 394 203
pottedplant 0.0042809247970581055 455 157 495 225
pottedplant 0.0010444223880767822 275 47 401 168
pottedplant 0.0010860264301300049 330 93 401 222
pottedplant 0.0021657347679138184 349 93 402 213
pottedplant 0.007786005735397339 251 179 291 229
pottedplant 0.05460202693939209 487 130 499 215
pottedplant 0.022629231214523315 1 97 122 218
pottedplant 0.007816284894943237 50 115 118 198
pottedplant 0.0011248290538787842 373 98 403 149
bottle 0.0010988116264343262 492 44 500 110
pottedplant 0.002501755952835083 188 258 238 297
pottedplant 0.043693095445632935 363 231 388 257
pottedplant 0.06441459059715271 81 303 123 338
pottedplant 0.00438198447227478 416 164 468 230
pottedplant 0.20561525225639343 406 222 439 270
pottedplant 0.006169408559799194 465 168 500 235
pottedplant 0.011158108711242676 478 147 499 246
pottedplant 0.04603534936904907 140 81 264 206
pottedplant 0.003389507532119751 460 257 494 286
pottedplant 0.0069571733474731445 237 130 280 230
pottedplant 0.09636583924293518 91 307 123 338
pottedplant 0.0031115710735321045 488 119 499 153
pottedplant 0.1801062822341919 471 259 495 288
car 0.0010650157928466797 458 107 499 142
pottedplant 0.0011513829231262207 97 204 158 271
pottedplant 0.1980639398097992 492 259 499 291
pottedplant 0.0016102492809295654 364 116 404 214
pottedplant 0.002359837293624878 51 238 130 340
pottedplant 0.002199828624725342 189 267 238 295
pottedplant 0.001680910587310791 83 242 155 338
pottedplant 0.0012112557888031006 198 111 264 151
pottedplant 0.002912372350692749 33 84 267 274
pottedplant 0.0015130341053009033 0 131 49 260
pottedplant 0.003664344549179077 359 222 374 249
pottedplant 0.0013406574726104736 400 158 427 186
pottedplant 0.37937840819358826 385 232 412 261
pottedplant 0.004007279872894287 300 184 357 246
pottedplant 0.001466512680053711 404 153 447 186
pottedplant 0.0075772106647491455 493 256 499 306
pottedplant 0.0027148425579071045 4 323 62 374
pottedplant 0.0022519826889038086 317 0 385 105
pottedplant 0.031024068593978882 67 131 116 193
pottedplant 0.0010485053062438965 456 155 488 204
pottedplant 0.020022839307785034 337 204 366 245
pottedplant 0.006241738796234131 344 198 370 245
pottedplant 0.0011971890926361084 366 201 398 246
pottedplant 0.028222382068634033 384 225 419 262
pottedplant 0.0025409162044525146 274 0 402 174
pottedplant 0.08479490876197815 488 125 499 191
pottedplant 0.008380681276321411 256 202 281 225
pottedplant 0.0014215409755706787 368 105 397 179
pottedplant 0.002199828624725342 259 200 287 226
pottedplant 0.0014159977436065674 473 110 499 176
pottedplant 0.07696107029914856 431 226 463 265
pottedplant 0.019269704818725586 437 250 479 283
pottedplant 0.002912372350692749 431 220 484 260
pottedplant 0.0011336207389831543 440 217 491 258
pottedplant 0.04240426421165466 0 2 124 119
pottedplant 0.0013147294521331787 479 208 499 262
pottedplant 0.3015681505203247 140 81 264 165
pottedplant 0.0012350976467132568 139 99 222 163
pottedplant 0.004468142986297607 485 211 499 264
pottedplant 0.09334826469421387 488 254 499 290
pottedplant 0.0018103718757629395 326 127 394 177
pottedplant 0.005774706602096558 313 42 361 82
pottedplant 0.0010043680667877197 238 130 273 165
pottedplant 0.0029237568378448486 339 54 383 122
pottedplant 0.08663347363471985 0 2 122 245
pottedplant 0.006903529167175293 359 94 399 176
pottedplant 0.008413106203079224 365 100 403 174
pottedplant 0.0012742578983306885 341 29 387 107
pottedplant 0.0035518109798431396 360 82 403 197
pottedplant 0.0708191990852356 261 1 402 239
pottedplant 0.018056362867355347 440 255 475 283
pottedplant 0.0019117295742034912 0 224 24 370
pottedplant 0.002912372350692749 0 224 45 374
pottedplant 0.0014382600784301758 305 1 389 134
pottedplant 0.0018174350261688232 190 237 239 296
pottedplant 0.002003192901611328 199 80 262 148
cat 0.0017275214195251465 199 81 263 146
pottedplant 0.003960907459259033 316 218 351 244
pottedplant 0.0013459324836730957 339 0 400 161
pottedplant 0.0010241866111755371 88 163 128 202
pottedplant 0.409220814704895 364 217 388 256
pottedplant 0.0025212466716766357 436 242 488 285
pottedplant 0.04023560881614685 408 239 439 272
pottedplant 0.03846472501754761 482 236 499 289
pottedplant 0.0022084414958953857 375 168 398 205
pottedplant 0.08180961012840271 385 218 412 262
pottedplant 0.030442774295806885 433 228 474 283
pottedplant 0.008711427450180054 384 221 432 262
pottedplant 0.0033763349056243896 323 143 380 212
pottedplant 0.0018749535083770752 355 152 398 206
pottedplant 0.016403794288635254 0 293 83 374
pottedplant 0.003063589334487915 372 157 399 206
pottedplant 0.001674354076385498 376 158 405 204
pottedplant 0.07476991415023804 490 135 499 208
pottedplant 0.0030045807361602783 29 216 106 346
pottedplant 0.0017684698104858398 344 153 380 218
pottedplant 0.0012544989585876465 368 161 395 205
pottedplant 0.001120448112487793 0 271 34 374
pottedplant 0.012479722499847412 484 136 499 219
pottedplant 0.005322486162185669 407 227 462 271
pottedplant 0.00952214002609253 0 0 29 96
pottedplant 0.0010650157928466797 0 2 52 94
pottedplant 0.003976315259933472 347 0 384 97
pottedplant 0.0024921000003814697 67 206 166 337
pottedplant 0.5312093496322632 467 244 498 287
pottedplant 0.007431507110595703 315 211 364 244
pottedplant 0.0027042627334594727 384 196 414 261
pottedplant 0.0035796165466308594 448 197 499 249
pottedplant 0.013223767280578613 481 190 499 263
pottedplant 0.008284062147140503 432 222 491 281
pottedplant 0.005511492490768433 431 197 497 285
pottedplant 0.003780364990234375 448 190 498 287
pottedplant 0.0015853047370910645 0 147 23 336
pottedplant 0.004399091005325317 0 159 62 343
pottedplant 0.001489490270614624 273 213 307 244
pottedplant 0.0012065470218658447 364 207 394 258
pottedplant 0.31912127137184143 384 170 420 259
pottedplant 0.013480961322784424 470 180 499 255
pottedplant 0.014898449182510376 486 163 499 260
pottedplant 0.005619615316390991 278 198 324 245
pottedplant 0.004264324903488159 312 189 360 244
pottedplant 0.0037219226360321045 320 202 363 244
pottedplant 0.00517958402633667 279 184 353 244
pottedplant 0.464901328086853 345 216 365 245
pottedplant 0.0012447535991668701 373 188 409 257
pottedplant 0.00831615924835205 410 211 446 270
pottedplant 0.01182246208190918 413 167 477 263
pottedplant 0.013071656227111816 423 173 496 265
pottedplant 0.0010775625705718994 354 166 393 249
pottedplant 0.045186132192611694 74 172 168 270
pottedplant 0.0012207329273223877 69 144 122 232
pottedplant 0.007232218980789185 242 128 295 230
pottedplant 0.001225501298904419 334 141 383 226
pottedplant 0.004133999347686768 74 140 119 203
pottedplant 0.0011336207389831543 83 161 140 224
pottedplant 0.010368883609771729 267 118 384 246
pottedplant 0.0011248290538787842 324 126 386 228
pottedplant 0.001957029104232788 347 133 388 224
pottedplant 0.005911082029342651 383 154 468 234
pottedplant 0.3328525424003601 417 152 487 231
pottedplant 0.014282047748565674 467 133 499 246
pottedplant 0.01518791913986206 461 142 499 260
pottedplant 0.031736671924591064 483 134 499 261
pottedplant 0.0016039609909057617 0 144 35 267
pottedplant 0.035146862268447876 0 153 86 256
pottedplant 0.0034561753273010254 78 163 124 246
pottedplant 0.0012842416763305664 264 138 328 243
