chair 0.15052726864814758 0 164 315 373
tvmonitor 0.8152326345443726 374 180 486 272
sofa 0.12210246920585632 0 169 288 374
sofa 0.2173374891281128 -3 158 472 374
person 0.9176012277603149 22 113 315 374
person 0.024655163288116455 5 128 432 373
person 0.9396899938583374 252 102 429 373
pottedplant 0.27982860803604126 436 2 499 176
pottedplant 0.0018676519393920898 487 121 499 178
bottle 0.012479722499847412 479 333 499 374
chair 0.020099759101867676 0 177 87 373
bottle 0.0010485053062438965 484 281 499 339
bottle 0.003664344549179077 494 277 500 341
tvmonitor 0.0012842416763305664 493 184 499 279
bottle 0.0035935938358306885 493 283 500 376
tvmonitor 0.001466512680053711 491 186 499 282
pottedplant 0.004538297653198242 471 115 499 176
pottedplant 0.00208282470703125 485 106 499 177
tvmonitor 0.030442774295806885 483 178 499 279
pottedplant 0.003795117139816284 447 87 499 178
pottedplant 0.0030995309352874756 461 103 499 176
pottedplant 0.0064885616302490234 472 93 499 177
pottedplant 0.0021073520183563232 482 84 499 178
chair 0.0016613304615020752 479 244 499 373
bottle 0.006027162075042725 480 307 499 374
