person 0.9286648631095886 208 202 282 369
pottedplant 0.01342916488647461 225 15 241 52
person 0.0011380314826965332 245 17 259 52
person 0.007755845785140991 269 17 284 54
person 0.06142312288284302 407 255 420 290
person 0.5983123779296875 427 251 441 288
person 0.651354193687439 442 254 458 288
person 0.0012065470218658447 490 249 499 296
person 0.5736782550811768 19 256 34 290
pottedplant 0.00959622859954834 282 19 308 56
person 0.7386703491210938 40 256 55 290
person 0.852936863899231 363 198 419 337
pottedplant 0.0012065470218658447 449 206 465 277
pottedplant 0.013901978731155396 452 207 474 279
bicycle 0.0034561753273010254 484 264 499 296
person 0.005490154027938843 494 225 499 262
person 0.0030516982078552246 456 254 465 280
person 0.26132965087890625 10 255 22 288
pottedplant 0.001040339469909668 267 223 287 283
person 0.011244326829910278 494 246 499 292
person 0.09138533473014832 16 256 31 289
pottedplant 0.017443329095840454 260 223 280 287
pottedplant 0.001335442066192627 294 31 308 56
pottedplant 0.0016548335552215576 457 207 488 278
person 0.001388639211654663 475 229 498 257
person 0.0015130341053009033 494 205 500 266
person 0.8300422430038452 471 231 499 296
pottedplant 0.0022785067558288574 109 213 145 281
person 0.2043420374393463 364 248 380 291
pottedplant 0.3830642104148865 316 214 332 281
pottedplant 0.005597800016403198 453 207 468 281
person 0.8661319017410278 160 244 188 306
person 0.0013564825057983398 159 249 212 306
person 0.022715508937835693 471 230 499 273
person 0.00959622859954834 478 230 499 278
pottedplant 0.0010322332382202148 454 241 466 280
bicycle 0.019793838262557983 474 267 498 296
person 0.0013778507709503174 364 238 418 337
bird 0.006589770317077637 224 15 241 53
car 0.26284074783325195 113 268 146 282
car 0.009054571390151978 185 263 209 282
person 0.006513714790344238 493 233 500 291
pottedplant 0.017243891954421997 184 258 209 280
pottedplant 0.0027360916137695312 269 254 280 281
bicycle 0.0012447535991668701 493 260 499 309
