person 0.0011741816997528076 46 185 445 500
person 0.8423470258712769 156 194 422 499
pottedplant 0.10016891360282898 1 330 92 499
pottedplant 0.0010567307472229004 0 331 231 499
bicycle 0.0012692809104919434 72 469 258 499
horse 0.004905790090560913 1 3 260 407
horse 0.0017823278903961182 0 0 186 425
horse 0.007316946983337402 1 0 480 258
horse 0.001146942377090454 137 28 490 397
horse 0.7969253063201904 23 10 490 501
pottedplant 0.0013940632343292236 0 400 103 500
pottedplant 0.001831650733947754 0 419 137 499
bottle 0.0011336207389831543 159 480 194 500
