diningtable 0.7592233419418335 1 62 375 498
tvmonitor 0.04672485589981079 1 0 121 36
tvmonitor 0.006692379713058472 0 0 143 50
chair 0.003272920846939087 160 0 301 95
chair 0.002115577459335327 160 0 297 164
bottle 0.0018604099750518799 151 65 164 87
chair 0.0010241866111755371 270 0 374 128
diningtable 0.0023875534534454346 14 95 373 256
pottedplant 0.0015366971492767334 282 0 374 77
tvmonitor 0.04689863324165344 0 0 124 183
chair 0.005426615476608276 0 471 64 499
chair 0.017376601696014404 0 471 116 500
chair 0.001225501298904419 351 37 374 125
bottle 0.00790780782699585 151 35 164 87
bottle 0.0010322332382202148 352 37 374 128
tvmonitor 0.0017410516738891602 0 0 121 18
tvmonitor 0.0010004639625549316 15 0 121 12
chair 0.001178741455078125 285 296 374 496
