bird 0.852936863899231 0 245 296 450
bird 0.0033763349056243896 84 266 296 449
chair 0.0015010833740234375 0 223 275 500
bird 0.004231303930282593 234 133 367 318
bird 0.5784482359886169 125 130 250 343
bird 0.006241738796234131 124 132 358 342
sheep 0.01627802848815918 0 246 140 345
bird 0.021288663148880005 245 137 368 219
bird 0.017577439546585083 171 127 225 248
bird 0.001178741455078125 206 154 271 260
sheep 0.009485304355621338 328 447 374 482
bird 0.004485577344894409 211 155 269 208
bird 0.00831615924835205 67 106 240 310
bird 0.04272308945655823 364 55 374 83
bird 0.0012447535991668701 9 111 255 357
bird 0.3048690855503082 126 165 183 255
bird 0.9314613938331604 62 88 173 207
bird 0.01155179738998413 154 125 228 339
bird 0.0018822550773620605 189 129 271 321
bird 0.0031976401805877686 179 127 223 173
bird 0.08509886264801025 126 127 226 255
bird 0.0013302266597747803 202 153 271 306
bird 0.16344508528709412 246 138 309 173
bird 0.0013250410556793213 178 127 224 198
bird 0.0019266009330749512 364 50 375 121
sheep 0.012576550245285034 0 247 238 346
sheep 0.01791679859161377 244 198 365 319
bird 0.03137829899787903 244 198 363 319
bird 0.9099035263061523 273 36 350 128
