car 0.001674354076385498 439 240 495 268
person 0.003991752862930298 7 254 26 287
car 0.010209739208221436 454 221 499 249
car 0.004503071308135986 32 251 56 267
car 0.0015977323055267334 41 247 61 267
car 0.8791466951370239 51 242 108 286
car 0.7476164698600769 448 245 499 278
pottedplant 0.0016039609909057617 335 238 349 260
car 0.006615281105041504 431 234 489 256
car 0.29259514808654785 482 245 499 279
car 0.047423362731933594 454 228 492 253
car 0.02779737114906311 456 231 496 256
car 0.007120847702026367 471 231 499 258
car 0.0032602250576019287 490 231 500 263
car 0.00208282470703125 454 217 494 241
car 0.012193650007247925 0 246 24 269
car 0.008846968412399292 165 224 196 249
car 0.0037074387073516846 33 243 60 263
car 0.001146942377090454 48 244 68 261
car 0.0012692809104919434 452 223 499 278
car 0.46684539318084717 0 247 26 287
bus 0.2782570719718933 454 209 499 251
car 0.00564149022102356 451 240 487 257
car 0.047247886657714844 454 245 499 263
car 0.03384503722190857 472 244 499 275
car 0.018688201904296875 485 239 499 277
car 0.0030398666858673096 27 245 57 265
car 0.00386965274810791 36 248 57 263
car 0.0015366971492767334 96 241 109 284
pottedplant 0.0011694133281707764 256 159 296 180
car 0.0016039609909057617 428 229 472 255
car 0.0075772106647491455 443 228 485 247
car 0.25091254711151123 454 226 486 242
car 0.0018676519393920898 0 237 20 272
car 0.004297584295272827 24 240 59 264
car 0.0026727914810180664 98 238 110 257
car 0.0025807321071624756 0 256 13 287
motorbike 0.04707297682762146 0 255 26 288
motorbike 0.025564581155776978 10 255 27 287
