sofa 0.0670556128025055 -2 152 497 370
person 0.0012447535991668701 0 43 37 370
chair 0.0024344027042388916 9 167 316 371
person 0.00629037618637085 152 92 498 374
chair 0.007316946983337402 0 258 88 372
chair 0.0013778507709503174 196 155 500 370
person 0.0014215409755706787 0 71 76 371
chair 0.0012207329273223877 10 164 123 371
person 0.9498586654663086 82 112 279 373
person 0.9392472505569458 260 88 500 373
tvmonitor 0.009485304355621338 0 183 11 250
cow 0.0015729963779449463 120 83 497 319
person 0.0016292035579681396 0 144 12 352
horse 0.005468875169754028 110 82 498 368
chair 0.005685538053512573 2 128 446 372
person 0.0011971890926361084 0 206 19 373
person 0.0022257566452026367 0 244 90 373
