boat 0.0010083019733428955 1 161 475 319
person 0.8670357465744019 365 242 428 326
bicycle 0.8969782590866089 211 276 306 333
person 0.002323359251022339 490 238 499 340
person 0.8397353291511536 230 245 285 324
bicycle 0.27357473969459534 488 285 500 340
boat 0.014502942562103271 0 9 491 331
bicycle 0.005685538053512573 351 277 406 333
bicycle 0.005865275859832764 211 278 266 331
bicycle 0.003736436367034912 490 283 500 369
bicycle 0.9299484491348267 350 276 446 334
person 0.001012265682220459 492 281 500 386
bicycle 0.003185272216796875 402 274 446 330
