chair 0.0014438629150390625 163 206 420 374
chair 0.00257071852684021 390 182 499 373
sofa 0.0023875534534454346 391 174 499 373
sofa 0.2845756411552429 0 122 427 374
person 0.9312113523483276 45 56 354 373
sofa 0.0012350976467132568 162 156 419 374
bottle 0.0033501386642456055 255 77 357 147
car 0.0012943148612976074 15 108 74 127
bottle 0.0010988116264343262 251 94 401 174
bottle 0.007877200841903687 256 85 349 159
person 0.0013044774532318115 432 98 467 141
person 0.0020666420459747314 431 96 474 159
car 0.03108280897140503 66 0 500 371
car 0.07396480441093445 232 0 499 368
car 0.004503071308135986 -1 75 407 371
chair 0.0019117295742034912 286 223 397 374
bottle 0.001714080572128296 267 77 311 119
bottle 0.0010650157928466797 16 107 82 131
bottle 0.003496825695037842 27 109 81 129
