train 0.01596766710281372 348 70 499 283
train 0.004755467176437378 408 59 499 285
pottedplant 0.037750810384750366 478 135 499 234
train 0.8670357465744019 51 57 474 274
person 0.0069841742515563965 478 43 499 260
train 0.005301922559738159 25 -188 487 169
person 0.48828333616256714 25 191 42 233
pottedplant 0.0042809247970581055 372 213 396 251
pottedplant 0.0017684698104858398 0 216 18 240
pottedplant 0.035949915647506714 481 177 499 261
pottedplant 0.0011971890926361084 0 195 19 241
person 0.0019191503524780273 0 189 20 241
pottedplant 0.011158108711242676 478 115 499 256
person 0.0011513829231262207 8 190 20 232
pottedplant 0.0042809247970581055 482 179 499 220
