chair 0.05146035552024841 367 177 499 374
tvmonitor 0.09981748461723328 36 270 225 374
chair 0.0907389223575592 36 269 374 374
person 0.005384683609008789 111 149 386 374
chair 0.0013096034526824951 279 180 499 373
chair 0.0010322332382202148 123 177 499 373
person 0.5936093330383301 149 41 408 372
chair 0.07369807362556458 37 270 230 374
person 0.024702221155166626 270 256 298 309
chair 0.0023506581783294678 152 42 347 302
person 0.035546332597732544 152 41 317 227
bottle 0.0010733604431152344 270 258 296 283
bottle 0.004038453102111816 270 258 297 295
