diningtable 0.001466512680053711 467 267 499 373
person 0.002003192901611328 0 93 45 344
sofa 0.06779336929321289 0 206 46 350
chair 0.9059895277023315 208 252 326 373
chair 0.036769360303878784 0 191 46 333
tvmonitor 0.5851011872291565 57 188 102 222
bottle 0.0012350976467132568 217 351 296 373
diningtable 0.0018388032913208008 466 299 499 363
tvmonitor 0.16237932443618774 212 204 238 223
pottedplant 0.0014438629150390625 322 273 345 288
sofa 0.003272920846939087 393 226 431 277
chair 0.0018969178199768066 396 237 430 277
chair 0.03690752387046814 0 239 46 321
dog 0.0018969178199768066 402 240 430 277
person 0.003664344549179077 272 157 313 199
chair 0.001714080572128296 389 228 430 277
person 0.003298431634902954 272 161 298 197
person 0.0010004639625549316 291 160 317 194
sofa 0.5717664957046509 0 316 147 373
person 0.0024628937244415283 283 159 323 198
person 0.0017684698104858398 289 158 337 198
chair 0.0010322332382202148 390 226 404 277
