chair 0.0050605833530426025 342 193 488 352
diningtable 0.002415567636489868 16 234 294 352
person 0.0011513829231262207 473 103 499 305
chair 0.0013564825057983398 471 129 499 345
person 0.9076376557350159 7 89 99 351
person 0.006027162075042725 155 64 301 347
person 0.8994784951210022 286 41 419 352
chair 0.007232218980789185 46 232 288 352
person 0.003285646438598633 81 87 280 351
chair 0.0017342865467071533 38 86 292 351
chair 0.17385026812553406 403 193 489 352
person 0.008984774351119995 86 110 196 351
person 0.007725805044174194 86 125 238 351
person 0.0024824440479278564 20 48 118 163
person 0.0022785067558288574 421 112 464 199
person 0.4282335042953491 62 45 119 160
person 0.0023324191570281982 73 84 107 152
chair 0.02605646848678589 487 164 499 232
person 0.0017007291316986084 0 115 7 201
person 0.0010083019733428955 383 63 411 82
chair 0.009054571390151978 489 166 499 216
person 0.0076660215854644775 63 47 119 100
person 0.0010526180267333984 381 63 425 168
person 0.0020505785942077637 74 68 118 98
person 0.0011074244976043701 119 79 194 147
person 0.001495271921157837 383 63 414 91
person 0.0020666420459747314 98 71 117 96
person 0.0012544989585876465 282 50 443 196
chair 0.0030516982078552246 453 188 499 354
person 0.0014215409755706787 123 209 205 352
person 0.5660187602043152 380 63 432 197
chair 0.0020346641540527344 483 186 499 276
chair 0.004982620477676392 463 184 499 328
person 0.05582568049430847 62 44 128 324
chair 0.002693742513656616 489 167 499 344
chair 0.003650069236755371 494 183 499 277
person 0.002631455659866333 434 105 475 143
person 0.052617788314819336 112 153 197 352
person 0.016658097505569458 100 82 189 251
person 0.03934001922607422 477 113 497 137
person 0.5964333415031433 175 62 307 278
person 0.0012447535991668701 145 124 212 352
person 0.01196029782295227 494 113 499 138
person 0.013122200965881348 167 43 432 341
person 0.0012742578983306885 137 77 196 154
person 0.8929362297058105 94 89 179 300
person 0.0010241866111755371 168 76 210 148
diningtable 0.0012742578983306885 444 120 499 203
chair 0.004468142986297607 197 234 291 353
person 0.18184199929237366 165 64 257 281
diningtable 0.0016483962535858154 462 119 500 206
person 0.008984774351119995 31 44 120 217
person 0.0538000762462616 63 44 142 228
chair 0.0029812753200531006 449 148 499 270
person 0.007288604974746704 28 44 121 285
person 0.5312093496322632 423 105 478 207
person 0.008950114250183105 473 100 499 208
person 0.0020666420459747314 0 86 9 231
person 0.28061643242836 66 44 190 269
chair 0.005911082029342651 492 160 499 279
person 0.0020267367362976074 89 50 223 280
chair 0.0035518109798431396 486 134 499 216
chair 0.004485577344894409 491 128 499 218
person 0.08632457256317139 426 107 476 171
person 0.0014050006866455078 474 115 499 156
chair 0.005532950162887573 485 162 499 272
person 0.0016228556632995605 78 56 120 150
person 0.007260352373123169 494 113 499 195
person 0.0011424720287322998 92 98 114 289
person 0.001020193099975586 354 22 408 115
person 0.0010650157928466797 396 90 432 192
chair 0.0023690462112426758 470 144 499 206
chair 0.0060742199420928955 487 145 499 207
person 0.004450768232345581 495 116 499 152
chair 0.0062660276889801025 490 150 499 207
bottle 0.001489490270614624 55 176 66 199
bottle 0.013637453317642212 60 174 68 198
person 0.0018103718757629395 80 76 122 154
person 0.0011971890926361084 77 84 158 285
chair 0.001560807228088379 467 121 499 218
chair 0.0018103718757629395 477 122 499 232
person 0.0035796165466308594 356 21 399 70
person 0.001388639211654663 83 86 139 289
person 0.0017893016338348389 125 81 192 284
person 0.0034027397632598877 147 78 215 284
chair 0.0011694133281707764 38 278 210 353
person 0.002969682216644287 192 83 252 267
chair 0.0018103718757629395 432 126 480 222
person 0.002003192901611328 87 70 118 101
person 0.007232218980789185 0 75 12 325
person 0.07450070977210999 174 74 203 118
person 0.004774004220962524 386 64 419 133
chair 0.0076958537101745605 450 163 480 227
chair 0.010530352592468262 469 163 499 239
chair 0.02112632989883423 478 152 499 243
chair 0.0012692809104919434 440 140 485 229
chair 0.0022785067558288574 466 190 499 233
chair 0.020488768815994263 469 148 499 281
chair 0.017443329095840454 489 141 500 284
