car 0.003324180841445923 447 273 499 332
pottedplant 0.001028209924697876 117 76 176 127
car 0.00391504168510437 484 293 499 324
car 0.005663484334945679 492 289 499 321
person 0.012335866689682007 56 219 67 241
car 0.001028209924697876 348 296 385 316
person 0.0011248290538787842 456 295 463 311
car 0.0010567307472229004 494 285 499 312
pottedplant 0.0012742578983306885 62 299 72 314
pottedplant 0.043693095445632935 78 292 93 322
pottedplant 0.01164129376411438 162 261 264 326
person 0.10447552800178528 311 296 324 316
car 0.004331141710281372 311 297 324 319
pottedplant 0.00321003794670105 62 294 74 315
pottedplant 0.14903616905212402 67 290 88 318
pottedplant 0.08787891268730164 81 292 94 323
pottedplant 0.04655161499977112 83 285 111 324
pottedplant 0.0013617873191833496 0 232 54 283
car 0.007725805044174194 344 288 371 299
pottedplant 0.001264333724975586 251 312 265 323
pottedplant 0.0018103718757629395 282 312 298 323
pottedplant 0.0013995170593261719 288 312 301 323
car 0.8902919292449951 310 295 386 328
car 0.0012065470218658447 310 304 326 326
car 0.001388639211654663 311 305 348 328
car 0.7025298476219177 447 306 499 332
person 0.006930291652679443 375 111 388 129
pottedplant 0.0017547309398651123 28 277 43 315
