car 0.9053233861923218 67 59 434 301
person 0.003565669059753418 494 181 499 210
car 0.0017893016338348389 400 144 451 189
car 0.004811316728591919 0 140 37 188
person 0.004182338714599609 494 145 500 248
car 0.003123670816421509 29 148 40 186
person 0.0360853374004364 38 153 53 186
person 0.0010322332382202148 309 106 366 143
person 0.0024824440479278564 315 0 344 31
person 0.01798534393310547 316 0 333 31
car 0.7341197729110718 0 136 40 227
car 0.0026008784770965576 30 148 53 186
person 0.00394555926322937 447 146 472 197
person 0.003678649663925171 449 147 481 196
bicycle 0.0026520490646362305 312 4 335 32
bicycle 0.01292121410369873 309 4 348 32
bicycle 0.0020991265773773193 307 9 355 34
car 0.020176976919174194 426 139 448 156
person 0.0029928982257843018 449 146 474 182
person 0.001489490270614624 453 135 482 192
person 0.005301922559738159 30 151 39 186
car 0.0031976401805877686 402 136 449 164
person 0.001466512680053711 485 131 499 174
person 0.01791679859161377 493 148 499 211
person 0.003751039505004883 463 132 475 145
car 0.0028009116649627686 0 134 45 173
person 0.0013459324836730957 27 147 42 187
person 0.05460202693939209 485 145 499 193
person 0.01854574680328369 485 134 499 235
person 0.0029928982257843018 493 140 500 270
