diningtable 0.001591503620147705 373 193 500 371
pottedplant 0.6388348937034607 377 73 459 208
motorbike 0.08570975065231323 355 82 409 132
bicycle 0.0011879205703735352 361 81 410 133
motorbike 0.009936809539794922 229 70 379 151
pottedplant 0.0019117295742034912 415 73 460 205
motorbike 0.025273829698562622 227 64 359 258
motorbike 0.015723586082458496 226 70 376 218
motorbike 0.0010083019733428955 142 79 381 180
motorbike 0.004905790090560913 156 73 360 203
chair 0.0010083019733428955 364 96 395 129
chair 0.0023052990436553955 363 91 406 129
car 0.06324738264083862 48 55 169 124
pottedplant 0.002693742513656616 376 14 460 209
motorbike 0.8749375343322754 77 68 387 358
tvmonitor 0.0026520490646362305 48 56 168 123
chair 0.002501755952835083 494 135 500 219
sofa 0.005865275859832764 48 57 168 123
