chair 0.0021073520183563232 372 191 486 377
person 0.27904218435287476 459 162 499 375
chair 0.001020193099975586 213 102 482 377
person 0.09568923711776733 310 99 470 299
person 0.012528061866760254 337 117 497 300
diningtable 0.010735392570495605 396 164 499 362
diningtable 0.018021970987319946 0 260 164 378
diningtable 0.14804434776306152 79 271 362 377
diningtable 0.01292121410369873 81 177 486 378
chair 0.001489490270614624 145 180 483 377
chair 0.0011292099952697754 215 236 483 377
chair 0.0035935938358306885 319 278 482 377
chair 0.21601161360740662 395 278 489 377
diningtable 0.0012943148612976074 0 300 122 379
person 0.4330219626426697 0 10 70 369
person 0.0015729963779449463 387 119 496 340
diningtable 0.0076660215854644775 433 139 499 366
person 0.7000747919082642 194 92 481 377
diningtable 0.0011380314826965332 0 191 78 378
bottle 0.0045206546783447266 422 174 439 207
bottle 0.0028118789196014404 464 177 480 206
person 0.002935171127319336 457 225 499 318
person 0.003884732723236084 487 197 500 350
bottle 0.00394555926322937 201 184 293 237
bottle 0.025370389223098755 113 274 162 319
person 0.06608361005783081 415 121 480 200
bottle 0.00941208004951477 222 185 289 229
bottle 0.003765672445297241 153 210 274 297
bottle 0.005774706602096558 0 191 18 377
chair 0.0035935938358306885 463 259 499 377
chair 0.0012447535991668701 486 251 500 378
chair 0.013689994812011719 459 200 499 376
bottle 0.014009058475494385 0 189 10 297
chair 0.0010004639625549316 472 266 500 377
chair 0.003930270671844482 379 243 482 376
bottle 0.004416227340698242 255 185 290 224
person 0.0010567307472229004 479 170 499 315
person 0.0013250410556793213 367 207 502 302
person 0.03222090005874634 449 166 499 318
chair 0.0016355812549591064 482 260 499 379
bottle 0.022033512592315674 0 185 12 385
bottle 0.0097084641456604 0 188 51 381
chair 0.0022431910037994385 71 166 141 303
chair 0.0015729963779449463 0 72 71 242
person 0.002779155969619751 362 110 449 303
person 0.25683075189590454 0 8 72 215
chair 0.0018103718757629395 76 159 137 270
diningtable 0.00874510407447815 361 172 496 243
person 0.004231303930282593 481 193 500 334
diningtable 0.025273829698562622 380 188 498 233
diningtable 0.0017615854740142822 394 145 499 241
chair 0.0034293532371520996 236 143 275 200
diningtable 0.03760969638824463 426 175 499 249
person 0.00536385178565979 463 119 499 257
bottle 0.001455157995223999 0 303 12 379
person 0.002935171127319336 32 26 101 168
bottle 0.0011603832244873047 243 178 287 217
bottle 0.8019360303878784 186 185 289 290
diningtable 0.001477956771850586 374 173 499 294
diningtable 0.006692379713058472 443 139 499 300
chair 0.0016940832138061523 13 163 140 310
person 0.08122438192367554 124 99 140 138
person 0.001449495553970337 493 173 499 217
chair 0.00257071852684021 53 168 107 265
diningtable 0.0018676519393920898 0 333 107 378
chair 0.002631455659866333 230 138 266 212
person 0.004556000232696533 472 180 499 327
person 0.0010322332382202148 0 103 13 262
person 0.0010526180267333984 0 108 18 255
person 0.0020666420459747314 135 100 146 123
diningtable 0.0010860264301300049 99 305 357 378
person 0.0011879205703735352 485 151 499 265
chair 0.0012943148612976074 0 80 74 320
chair 0.0013564825057983398 73 151 164 255
person 0.0035518109798431396 357 112 436 231
person 0.002323359251022339 422 120 499 247
person 0.009936809539794922 477 97 499 246
chair 0.6825742125511169 53 162 147 270
diningtable 0.010986179113388062 390 128 486 234
person 0.002935171127319336 411 151 499 249
bottle 0.0010902583599090576 0 88 14 371
chair 0.0013724565505981445 163 133 280 223
chair 0.0015487074851989746 222 135 281 224
person 0.5583268404006958 385 122 481 235
