diningtable 0.0018245279788970947 9 96 496 348
diningtable 0.0021321773529052734 70 207 496 354
bottle 0.0013564825057983398 241 281 488 362
bottle 0.0015977323055267334 2 5 305 367
cat 0.04177337884902954 297 -2 498 357
person 0.0011160969734191895 0 9 157 367
bottle 0.0026110410690307617 0 10 175 367
bottle 0.7853084802627563 150 100 251 339
bottle 0.007786005735397339 232 13 458 345
person 0.004645615816116333 129 10 488 355
car 0.0010485053062438965 1 294 480 368
diningtable 0.007232218980789185 5 288 497 370
bottle 0.004007279872894287 25 89 291 360
bottle 0.002314329147338867 41 33 490 347
diningtable 0.0010083019733428955 73 19 495 353
bottle 0.0028784871101379395 1 218 163 367
bottle 0.0015729963779449463 279 7 302 89
bottle 0.00185316801071167 294 38 317 259
tvmonitor 0.002867281436920166 0 6 66 365
bottle 0.826710045337677 231 12 304 334
bottle 0.0017275214195251465 92 214 162 323
bottle 0.002314329147338867 0 256 61 366
boat 0.001591503620147705 302 280 490 339
bottle 0.0010817945003509521 58 313 150 358
bottle 0.001466512680053711 211 204 222 236
bottle 0.003976315259933472 43 238 165 366
pottedplant 0.004848897457122803 165 253 192 335
bottle 0.002018868923187256 248 11 300 135
bottle 0.00916031002998352 246 139 300 336
bottle 0.0016039609909057617 306 177 325 303
bottle 0.007755845785140991 24 198 163 345
bottle 0.03449025750160217 187 167 252 331
bottle 0.00386965274810791 300 83 328 336
bottle 0.002199828624725342 241 12 300 101
bottle 0.001178741455078125 274 11 300 99
bottle 0.003780364990234375 293 56 337 349
bottle 0.0010322332382202148 237 16 273 110
bottle 0.003751039505004883 264 37 338 335
bottle 0.0011292099952697754 296 44 349 328
