person 0.028816312551498413 0 103 250 492
person 0.07779598236083984 0 59 369 498
person 0.002631455659866333 1 213 183 495
person 0.004166156053543091 1 223 312 499
cat 0.8563305139541626 35 59 374 499
cat 0.784649133682251 1 301 176 393
person 0.031736671924591064 0 102 181 434
cat 0.002779155969619751 43 360 250 499
cat 0.003678649663925171 43 343 323 499
bottle 0.016215503215789795 276 0 301 61
bottle 0.009670913219451904 277 0 313 60
bottle 0.01904943585395813 296 0 327 61
person 0.007877200841903687 320 0 374 33
chair 0.00208282470703125 214 2 276 94
chair 0.0015366971492767334 213 2 304 97
cat 0.0013617873191833496 155 66 362 305
sofa 0.0076660215854644775 1 104 364 456
person 0.007345408201217651 0 108 361 336
cat 0.0030995309352874756 145 68 366 418
dog 0.0010322332382202148 324 0 375 20
bottle 0.0023052990436553955 302 0 328 13
dog 0.003063589334487915 319 0 375 35
person 0.001040339469909668 328 0 374 22
chair 0.0015366971492767334 209 6 342 109
bottle 0.0018103718757629395 299 0 324 11
bottle 0.0020346641540527344 312 0 330 12
bottle 0.0014608204364776611 318 0 332 12
bottle 0.003222525119781494 298 0 326 47
bottle 0.0014050006866455078 299 0 327 30
