boat 0.25534260272979736 -134 0 -1 496
boat 0.9139833450317383 4 -2 326 391
boat 0.0018676519393920898 2 290 315 383
person 0.0023690462112426758 115 242 163 293
person 0.0018969178199768066 115 240 195 294
car 0.05856207013130188 36 0 143 57
boat 0.0011603832244873047 1 0 103 54
boat 0.01764485239982605 31 0 139 56
car 0.0022084414958953857 51 0 133 47
person 0.0017410516738891602 160 258 209 294
person 0.14608708024024963 184 258 253 355
person 0.0020585954189300537 181 259 210 301
person 0.004450768232345581 146 256 209 310
person 0.34158164262771606 108 251 252 352
person 0.0010775625705718994 2 0 73 15
boat 0.0010902583599090576 1 0 38 23
person 0.0011513829231262207 108 243 168 328
person 0.002631455659866333 175 258 211 308
person 0.003272920846939087 180 258 218 310
car 0.0010945498943328857 56 0 143 23
person 0.0023052990436553955 182 258 245 313
