boat 0.005021452903747559 4 125 490 359
person 0.865678071975708 416 70 479 350
person 0.04385673999786377 450 70 498 351
person 0.04501798748970032 472 70 499 350
horse 0.43782347440719604 320 96 421 133
horse 0.0011074244976043701 427 70 482 180
horse 0.5156199336051941 473 100 499 181
boat 0.0021657347679138184 3 124 70 156
horse 0.0015853047370910645 492 92 499 183
boat 0.022629231214523315 0 92 8 154
horse 0.3923368453979492 474 99 500 262
bottle 0.0023782849311828613 0 356 22 374
bird 0.0026727914810180664 0 196 18 367
bird 0.0016613304615020752 0 193 34 364
boat 0.0013044774532318115 0 83 24 164
boat 0.0016940832138061523 0 103 70 157
boat 0.007877200841903687 0 109 11 151
boat 0.0010988116264343262 0 119 21 150
person 0.0017684698104858398 0 215 25 374
bird 0.018759876489639282 103 300 135 350
person 0.0045206546783447266 0 101 9 190
boat 0.0014722347259521484 5 75 486 319
horse 0.03760969638824463 473 74 499 352
person 0.01854574680328369 0 99 8 164
horse 0.02056744694709778 316 96 422 178
pottedplant 0.0013778507709503174 467 90 499 363
bird 0.001957029104232788 0 122 21 149
boat 0.06371176242828369 29 128 70 139
horse 0.011914163827896118 321 99 361 130
horse 0.055620014667510986 371 96 420 134
bottle 0.01155179738998413 464 256 479 267
bird 0.011463016271591187 0 235 16 329
bird 0.0010526180267333984 0 237 34 314
bird 0.020488768815994263 98 300 131 344
horse 0.001972287893295288 487 96 499 184
dog 0.038034677505493164 0 120 7 155
dog 0.007725805044174194 0 122 11 153
bird 0.0011292099952697754 251 65 267 79
dog 0.012240886688232422 0 112 7 181
dog 0.002115577459335327 0 117 11 175
person 0.0011971890926361084 492 96 500 254
bottle 0.0020505785942077637 0 345 23 374
boat 0.012479722499847412 0 69 8 164
boat 0.002631455659866333 0 79 12 160
bird 0.0017615854740142822 89 142 104 153
bicycle 0.0020505785942077637 470 95 499 321
