cow 0.6029970049858093 82 157 265 318
dog 0.06929132342338562 83 157 264 317
cow 0.008846968412399292 123 16 160 60
cow 0.011596441268920898 322 19 366 62
horse 0.08449193835258484 470 11 499 73
person 0.0017684698104858398 0 16 13 85
car 0.0016483962535858154 463 0 498 9
car 0.0010733604431152344 472 0 498 11
car 0.0010733604431152344 483 0 499 14
cow 0.0017547309398651123 487 39 499 81
horse 0.006692379713058472 488 -7 500 80
cow 0.010328888893127441 152 102 244 166
cow 0.002199828624725342 156 76 236 141
cow 0.0011879205703735352 364 0 397 36
cow 0.8766366839408875 174 110 275 187
cow 0.007093280553817749 487 10 499 91
cow 0.8587157726287842 118 102 181 185
cow 0.006719321012496948 128 103 225 187
horse 0.00421491265296936 483 0 499 81
person 0.002779155969619751 0 25 17 88
horse 0.0038546323776245117 0 28 20 87
horse 0.001972287893295288 0 30 27 86
person 0.0017684698104858398 38 23 62 79
pottedplant 0.002115577459335327 105 0 194 58
cow 0.8921864032745361 309 46 472 174
car 0.001388639211654663 474 0 499 22
car 0.0012544989585876465 489 0 499 17
cow 0.0011513829231262207 487 10 499 136
cow 0.8766366839408875 157 54 286 137
cow 0.0018103718757629395 147 108 207 159
cow 0.0026520490646362305 174 110 208 159
cow 0.012193650007247925 311 75 369 122
cow 0.0018388032913208008 434 20 466 56
horse 0.0013832449913024902 472 11 499 44
cow 0.0010567307472229004 308 1 375 48
person 0.006121635437011719 0 0 41 86
dog 0.001178741455078125 39 28 63 79
horse 0.00391504168510437 122 16 164 61
cow 0.002011030912399292 123 16 163 35
person 0.004150032997131348 487 0 500 83
cow 0.008511096239089966 308 5 350 35
cow 0.0075772106647491455 468 11 499 41
horse 0.0012159943580627441 472 2 499 40
cow 0.007489442825317383 136 109 183 185
cow 0.0026110410690307617 74 10 123 60
cow 0.003324180841445923 99 9 145 60
cow 0.0010241866111755371 436 12 474 61
cow 0.42059946060180664 467 11 499 67
cow 0.0012842416763305664 35 24 64 78
cow 0.07133513689041138 308 10 366 67
cow 0.0026727914810180664 3 13 42 85
cow 0.0018969178199768066 86 4 164 59
cow 0.0026727914810180664 448 5 499 64
