dog 0.016403794288635254 415 162 499 350
person 0.006003767251968384 281 226 500 373
chair 0.00831615924835205 0 101 200 373
person 0.8883688449859619 0 0 251 364
person 0.17106285691261292 188 30 498 368
person 0.012821823358535767 312 85 499 361
diningtable 0.005842477083206177 0 197 204 374
sofa 0.00284498929977417 0 135 226 373
sofa 0.0028009116649627686 0 55 251 372
person 0.011914163827896118 414 100 499 350
bottle 0.001466512680053711 0 0 12 21
person 0.1986851692199707 0 21 500 369
dog 0.002757549285888672 364 230 500 348
person 0.001714080572128296 0 5 27 100
sofa 0.054400503635406494 0 12 501 377
dog 0.09501117467880249 413 231 499 350
person 0.004944056272506714 0 5 31 238
person 0.0012159943580627441 0 0 36 138
