cat 0.8951581716537476 131 56 500 373
chair 0.04023560881614685 0 18 180 372
chair 0.007755845785140991 5 18 428 376
person 0.039785295724868774 0 17 178 373
cat 0.001367121934890747 96 247 488 389
person 0.0075772106647491455 0 60 430 373
person 0.0018174350261688232 0 110 325 374
chair 0.006930291652679443 0 27 30 242
chair 0.006692379713058472 0 24 83 367
chair 0.003960907459259033 23 30 173 234
bottle 0.002018868923187256 449 217 499 271
diningtable 0.008711427450180054 110 34 499 374
chair 0.011596441268920898 0 23 35 364
bottle 0.003621727228164673 302 41 499 249
bottle 0.013689994812011719 147 0 254 40
tvmonitor 0.005261063575744629 139 0 253 40
chair 0.006513714790344238 0 32 26 161
