bus 0.007755845785140991 1 374 495 467
car 0.007011294364929199 453 154 499 168
bottle 0.002424955368041992 82 70 94 98
car 0.0019876956939697266 415 154 437 164
car 0.31912127137184143 473 155 499 167
person 0.010735392570495605 0 144 35 198
person 0.0037074387073516846 9 146 35 209
bus 0.9296934604644775 0 2 393 376
car 0.011331260204315186 487 155 499 168
car 0.002415567636489868 417 170 437 193
car 0.007373988628387451 414 152 433 161
car 0.00131988525390625 416 152 437 160
car 0.008188486099243164 490 151 500 167
person 0.0050605833530426025 0 152 10 213
person 0.0024628937244415283 1 159 33 210
person 0.0011971890926361084 7 144 24 173
person 0.001432657241821289 7 144 32 173
person 0.003160238265991211 0 169 10 212
car 0.826710045337677 391 171 437 200
