chair 0.035546332597732544 92 223 144 386
diningtable 0.690976619720459 94 199 250 298
chair 0.0011248290538787842 203 196 247 258
chair 0.003185272216796875 212 195 259 263
chair 0.0011248290538787842 137 190 187 275
chair 0.0024921000003814697 142 176 193 260
chair 0.01904943585395813 92 182 137 266
chair 0.03234308958053589 171 183 238 262
chair 0.11397653818130493 191 180 263 258
chair 0.0010004639625549316 107 164 134 195
chair 0.001028209924697876 160 174 217 248
sofa 0.060083746910095215 163 174 233 203
chair 0.01467105746269226 162 175 218 197
chair 0.004645615816116333 181 176 217 198
tvmonitor 0.0022785067558288574 235 181 263 206
sofa 0.04336750507354736 161 175 233 262
chair 0.005957245826721191 37 291 144 388
chair 0.09876999258995056 94 295 144 387
diningtable 0.0016355812549591064 120 201 228 270
chair 0.17273107171058655 187 199 230 264
chair 0.00790780782699585 235 181 263 206
diningtable 0.0033501386642456055 144 201 266 274
chair 0.0021488964557647705 93 165 117 214
chair 0.005301922559738159 93 165 125 210
chair 0.0025409162044525146 106 165 127 205
chair 0.003442734479904175 107 164 138 209
chair 0.0010485053062438965 184 176 230 205
tvmonitor 0.0011424720287322998 221 180 258 206
chair 0.5195213556289673 116 165 155 275
chair 0.02280205488204956 122 179 179 267
chair 0.0022519826889038086 145 198 188 288
chair 0.002314329147338867 154 198 190 264
chair 0.12336331605911255 124 164 150 193
chair 0.0017478764057159424 163 175 183 194
chair 0.003185272216796875 164 175 200 195
chair 0.014558762311935425 228 200 263 288
chair 0.004718571901321411 216 181 252 216
chair 0.009375691413879395 217 181 262 223
chair 0.002406179904937744 234 181 262 230
chair 0.004133999347686768 94 165 124 195
diningtable 0.006771385669708252 142 199 236 299
chair 0.00831615924835205 191 205 245 273
chair 0.005219787359237671 159 201 233 291
chair 0.00831615924835205 191 212 249 289
chair 0.562176525592804 93 183 149 289
chair 0.011244326829910278 117 191 184 298
chair 0.8499711751937866 206 200 263 299
chair 0.003565669059753418 154 218 240 300
chair 0.03649437427520752 109 165 137 247
chair 0.09911799430847168 113 163 148 247
chair 0.06954386830329895 90 173 116 251
chair 0.08914017677307129 91 169 126 249
chair 0.12336331605911255 122 167 150 247
