pottedplant 0.008576959371566772 484 14 499 108
pottedplant 0.004182338714599609 483 14 499 253
person 0.00118333101272583 296 101 322 183
bicycle 0.6959580183029175 187 236 258 304
bicycle 0.006513714790344238 341 265 395 315
person 0.0016355812549591064 382 206 409 259
bicycle 0.00135117769241333 121 245 152 309
bicycle 0.019869893789291382 121 245 176 310
person 0.8019360303878784 377 206 422 313
person 0.9032941460609436 317 209 380 312
bicycle 0.017243891954421997 219 239 257 302
person 0.013637453317642212 140 207 192 315
bicycle 0.0016940832138061523 167 245 210 315
bicycle 0.0015307366847991943 167 263 258 302
motorbike 0.004700213670730591 409 245 454 312
bicycle 0.0025212466716766357 120 269 183 312
bicycle 0.0013406574726104736 114 265 216 315
bicycle 0.8962537050247192 120 242 209 315
bicycle 0.032588839530944824 132 218 181 315
bicycle 0.007636308670043945 166 240 233 309
bicycle 0.02432847023010254 191 235 239 302
bicycle 0.002003192901611328 373 253 429 313
bicycle 0.006438493728637695 397 245 454 312
bicycle 0.9142902493476868 288 244 394 317
bicycle 0.7549138069152832 370 246 454 314
person 0.8140530586242676 141 202 171 314
person 0.8984138369560242 191 208 234 302
pottedplant 0.0019419193267822266 483 2 499 149
person 0.0011160969734191895 191 208 256 299
pottedplant 0.0015487074851989746 127 260 180 314
person 0.0013995170593261719 165 246 210 315
pottedplant 0.004198610782623291 486 21 499 78
bicycle 0.006640911102294922 181 245 236 304
