person 0.004231303930282593 465 202 499 391
person 0.003123670816421509 455 248 499 391
person 0.9312113523483276 182 79 306 395
person 0.9505971670150757 285 31 453 395
person 0.9312113523483276 73 68 203 393
pottedplant 0.0034293532371520996 373 64 417 116
pottedplant 0.0025115013122558594 52 61 123 159
person 0.004963308572769165 482 307 499 396
pottedplant 0.006771385669708252 41 226 88 326
bottle 0.011776894330978394 483 216 499 299
bottle 0.09367886185646057 492 215 500 302
bottle 0.004054129123687744 487 216 499 293
diningtable 0.004609555006027222 437 282 500 326
diningtable 0.0037074387073516846 437 233 499 372
diningtable 0.004364967346191406 436 279 500 386
person 0.0012943148612976074 70 72 316 392
person 0.0010650157928466797 134 76 300 391
person 0.015364378690719604 492 298 500 398
pottedplant 0.003324180841445923 56 226 101 382
pottedplant 0.031616777181625366 39 227 83 297
diningtable 0.001225501298904419 437 220 499 327
bottle 0.0013044774532318115 421 359 487 394
bottle 0.0022431910037994385 452 360 485 394
bottle 0.001388639211654663 479 338 499 394
bottle 0.009054571390151978 491 315 500 395
bottle 0.012006610631942749 481 232 498 293
pottedplant 0.0013147294521331787 41 261 80 300
pottedplant 0.005322486162185669 52 260 85 305
person 0.02161678671836853 489 188 499 391
pottedplant 0.0034027397632598877 62 220 124 391
person 0.01530534029006958 492 264 499 400
bottle 0.0011248290538787842 472 366 498 394
bottle 0.006666600704193115 488 349 499 394
bottle 0.04831570386886597 424 316 446 389
pottedplant 0.010652929544448853 52 60 121 123
pottedplant 0.00952214002609253 42 369 98 393
pottedplant 0.001489490270614624 52 54 163 122
bottle 0.007755845785140991 481 253 498 292
bottle 0.003650069236755371 480 367 499 394
bottle 0.0038396716117858887 486 364 499 394
bottle 0.0012842416763305664 488 216 499 258
bottle 0.02605646848678589 492 217 499 256
