car 0.259824275970459 0 148 121 296
bus 0.6522411108016968 203 148 325 293
bus 0.8181580305099487 405 146 499 301
bus 0.0023324191570281982 0 148 139 249
car 0.6706076860427856 204 148 326 292
bus 0.007176309823989868 355 126 428 278
bus 0.02717086672782898 354 123 492 268
bus 0.5156199336051941 0 148 127 296
person 0.06255704164505005 310 155 325 196
person 0.04778146743774414 313 155 327 196
pottedplant 0.0024344027042388916 435 36 474 81
car 0.020022839307785034 168 170 211 196
bus 0.0015189051628112793 350 121 404 195
person 0.0024344027042388916 359 168 376 302
person 0.003524214029312134 361 170 382 301
person 0.011072665452957153 369 184 390 300
person 0.0011603832244873047 0 160 5 270
car 0.007345408201217651 437 153 499 300
car 0.001489490270614624 390 186 407 215
person 0.003524214029312134 494 238 500 292
person 0.0010733604431152344 0 185 4 257
person 0.00517958402633667 494 219 500 293
bicycle 0.6992539167404175 375 236 417 305
person 0.8418275117874146 367 183 417 299
bus 0.015129566192626953 438 154 499 299
car 0.0064885616302490234 0 147 140 242
bus 0.0012842416763305664 352 120 426 194
car 0.0011513829231262207 195 175 210 197
bus 0.004755467176437378 116 149 139 228
person 0.0021657347679138184 0 165 4 231
car 0.0010988116264343262 0 170 13 206
person 0.00208282470703125 10 184 23 199
person 0.0177803635597229 15 181 39 199
person 0.004811316728591919 358 169 376 233
person 0.0013147294521331787 360 181 378 244
person 0.006003767251968384 359 182 373 231
person 0.0010902583599090576 361 186 376 239
car 0.0021321773529052734 404 145 500 280
person 0.0010817945003509521 356 154 388 299
bus 0.001335442066192627 463 151 499 293
bus 0.0023968517780303955 347 121 369 193
bus 0.0016228556632995605 376 147 410 181
person 0.0016102492809295654 357 159 382 236
car 0.0010162293910980225 382 148 409 177
person 0.0016874969005584717 311 147 331 184
bus 0.0026008784770965576 347 121 361 197
person 0.058133482933044434 305 145 326 197
person 0.0011971890926361084 318 154 332 185
bus 0.0014215409755706787 341 142 349 187
bus 0.012240886688232422 348 143 360 190
person 0.0012742578983306885 376 149 408 184
car 0.0012943148612976074 396 188 407 216
car 0.0018245279788970947 0 172 4 233
car 0.002867281436920166 58 148 140 237
bus 0.15253505110740662 178 150 217 170
bus 0.0019954144954681396 353 121 406 231
bus 0.008380681276321411 356 138 434 233
car 0.8469594717025757 160 170 211 242
bus 0.0034832358360290527 42 147 139 242
bus 0.0035935938358306885 87 146 140 241
bus 0.004198610782623291 110 147 140 241
