person 0.05728462338447571 158 138 236 186
bus 0.005040973424911499 274 148 435 201
train 0.013637453317642212 80 166 100 203
person 0.006640911102294922 159 113 236 184
bus 0.003285646438598633 419 157 435 199
person 0.001225501298904419 272 114 332 190
bus 0.935112714767456 95 20 431 373
person 0.001388639211654663 196 142 236 193
person 0.00386965274810791 162 98 224 158
person 0.0013459324836730957 272 96 325 164
train 0.010530352592468262 418 157 435 203
person 0.0011648833751678467 281 115 335 162
chair 0.0016355812549591064 80 167 100 204
bus 0.0023506581783294678 375 157 435 201
person 0.005842477083206177 178 117 237 180
