sofa 0.9299484491348267 83 157 303 266
chair 0.9532751441001892 325 155 436 271
chair 0.7416753768920898 0 212 168 332
chair 0.004054129123687744 309 152 343 213
tvmonitor 0.0021488964557647705 487 -7 499 113
tvmonitor 0.0022257566452026367 491 -8 499 109
tvmonitor 0.018904060125350952 290 131 342 217
chair 0.0013302266597747803 486 143 499 317
chair 0.022033512592315674 27 210 167 311
chair 0.0396362841129303 68 210 167 303
chair 0.004538297653198242 32 204 154 255
chair 0.009821981191635132 82 206 160 253
tvmonitor 0.0034832358360290527 464 0 499 261
chair 0.003510504961013794 486 160 499 242
tvmonitor 0.0012742578983306885 494 88 499 194
tvmonitor 0.002746790647506714 479 97 499 199
bottle 0.0012018680572509766 424 86 432 108
bottle 0.004331141710281372 434 84 443 109
bottle 0.018474966287612915 447 84 458 109
chair 0.0018749535083770752 88 211 144 254
tvmonitor 0.026456594467163086 487 158 499 234
chair 0.012383639812469482 289 130 344 218
chair 0.0097084641456604 295 134 360 218
