cow 0.007204204797744751 159 245 188 301
cow 0.025662213563919067 162 245 201 301
cow 0.10302171111106873 122 234 167 311
cow 0.9569558501243591 210 232 283 307
cow 0.0019266009330749512 113 234 154 279
bird 0.0026008784770965576 0 291 37 314
cow 0.8587157726287842 351 262 398 299
cow 0.012006610631942749 125 231 194 309
cow 0.0024724602699279785 119 278 148 308
cow 0.9136754274368286 299 222 350 295
cow 0.006513714790344238 132 274 166 311
cow 0.002901047468185425 143 270 167 310
cow 0.0013147294521331787 147 266 174 303
boat 0.016029298305511475 410 230 456 296
cow 0.7813307046890259 410 261 458 297
cow 0.0021573007106781006 94 254 141 310
cow 0.020022839307785034 106 245 148 311
cow 0.7634811401367188 94 232 164 311
cow 0.7813307046890259 154 227 201 302
cow 0.08239877223968506 106 274 142 312
cow 0.0030874907970428467 125 278 162 309
cow 0.005532950162887573 143 253 167 311
cow 0.0014215409755706787 94 232 155 262
