person 0.865678071975708 102 28 272 374
person 0.8338658809661865 376 5 499 372
person 0.9312113523483276 0 54 134 373
person 0.7683833837509155 241 57 368 374
person 0.0013250410556793213 140 51 364 374
person 0.0014104843139648438 0 53 83 373
bottle 0.0010988116264343262 48 19 60 60
person 0.01467105746269226 0 44 17 215
bottle 0.004297584295272827 48 17 62 72
person 0.042087674140930176 332 75 394 218
bottle 0.00208282470703125 114 144 181 181
person 0.002969682216644287 374 56 460 153
bottle 0.0021321773529052734 122 110 138 141
person 0.001489490270614624 229 55 274 139
person 0.008950114250183105 442 35 499 295
person 0.0014215409755706787 308 33 369 130
tvmonitor 0.00462755560874939 288 0 448 123
person 0.002560734748840332 98 48 349 208
person 0.12896111607551575 236 58 333 199
person 0.0018245279788970947 292 54 415 200
person 0.0014438629150390625 425 4 500 369
person 0.0011513829231262207 451 100 499 381
person 0.6242939233779907 357 54 462 347
person 0.0018245279788970947 459 -8 499 288
bottle 0.013742715120315552 99 129 165 189
bottle 0.004924893379211426 0 1 10 102
bottle 0.0011074244976043701 0 9 14 79
person 0.0011603832244873047 422 132 499 374
bottle 0.0013617873191833496 0 7 16 61
person 0.0037074387073516846 472 127 499 373
person 0.011507302522659302 0 16 14 109
tvmonitor 0.009267330169677734 125 1 252 55
bottle 0.0017823278903961182 281 143 315 197
bottle 0.0042809247970581055 369 172 449 244
bottle 0.0011380314826965332 365 158 454 201
person 0.0010988116264343262 350 158 450 329
bottle 0.003607630729675293 5 11 19 53
person 0.0010860264301300049 299 42 358 136
person 0.0016548335552215576 306 58 366 139
bottle 0.0013302266597747803 391 172 445 223
person 0.03649437427520752 309 32 361 84
bottle 0.007148534059524536 143 107 155 124
bottle 0.001524806022644043 240 135 313 295
bottle 0.10932686924934387 0 13 10 63
bottle 0.47073662281036377 7 10 30 62
bottle 0.4590761959552765 29 12 48 57
bottle 0.535098671913147 84 24 102 81
tvmonitor 0.0025115013122558594 301 0 446 83
bottle 0.001040339469909668 235 179 303 262
bottle 0.004982620477676392 48 30 68 75
bottle 0.5794005393981934 65 22 85 81
