dog 0.00790780782699585 0 160 307 253
dog 0.4639297127723694 13 28 481 252
person 0.004718571901321411 0 141 150 269
dog 0.002867281436920166 0 170 169 260
dog 0.003607630729675293 0 129 419 252
dog 0.003824770450592041 0 56 194 256
dog 0.0012742578983306885 0 92 307 253
dog 0.5945513844490051 155 29 499 243
person 0.006097882986068726 0 74 135 259
dog 0.005301922559738159 0 113 212 254
person 0.0017207860946655273 191 36 353 180
person 0.0010485053062438965 0 148 27 327
bird 0.0011603832244873047 0 97 139 209
bird 0.004792630672454834 0 26 119 266
person 0.002406179904937744 0 172 37 251
dog 0.04603534936904907 162 29 363 244
person 0.001028209924697876 0 143 52 300
dog 0.0023968517780303955 0 150 112 295
dog 0.0033763349056243896 0 177 160 286
person 0.002912372350692749 0 189 50 253
dog 0.004681944847106934 182 34 356 181
person 0.004364967346191406 0 155 83 255
dog 0.004102110862731934 0 173 107 254
person 0.0015189051628112793 0 197 60 261
dog 0.029425203800201416 3 190 217 249
bird 0.0010362863540649414 0 184 25 220
person 0.0025310516357421875 0 172 111 268
person 0.0035935938358306885 0 121 41 250
dog 0.0026520490646362305 0 140 97 248
person 0.0025310516357421875 0 65 31 247
person 0.001225501298904419 0 76 61 247
dog 0.0018388032913208008 0 126 126 248
dog 0.001020193099975586 0 183 25 218
bird 0.002406179904937744 0 54 40 249
bird 0.004007279872894287 0 80 137 249
bird 0.004399091005325317 0 139 133 247
