boat 0.0021488964557647705 0 154 112 264
boat 0.002912372350692749 353 184 500 254
boat 0.0013995170593261719 194 230 216 260
boat 0.0013995170593261719 361 219 403 243
boat 0.001367121934890747 152 183 210 266
boat 0.004416227340698242 159 220 224 266
boat 0.035680413246154785 204 229 225 266
boat 0.0030516982078552246 138 237 155 262
boat 0.002199828624725342 139 235 164 261
boat 0.0010322332382202148 184 224 222 262
boat 0.0012350976467132568 355 220 404 254
boat 0.018404453992843628 168 229 225 266
boat 0.0583474338054657 354 222 498 254
boat 0.0046637654304504395 205 229 237 266
boat 0.15002882480621338 152 229 237 266
boat 0.0020666420459747314 143 211 171 259
boat 0.004331141710281372 149 195 175 264
boat 0.7416753768920898 140 165 225 267
boat 0.0016548335552215576 0 192 11 253
boat 0.03993484377861023 159 250 226 267
boat 0.0010567307472229004 144 165 191 263
boat 0.002453356981277466 488 112 499 253
boat 0.0010567307472229004 155 169 182 259
bird 0.0011925697326660156 378 219 393 243
bird 0.0019266009330749512 379 219 398 243
