person 0.7711530923843384 284 182 387 330
chair 0.003565669059753418 0 177 44 327
person 0.0024921000003814697 160 190 388 331
chair 0.09534668922424316 382 216 499 332
person 0.008984774351119995 0 85 21 320
sofa 0.7505526542663574 42 172 290 321
sofa 0.005957245826721191 138 157 387 323
chair 0.004007279872894287 0 144 18 325
person 0.7779757380485535 277 127 383 309
bottle 0.0018676519393920898 233 169 287 221
chair 0.0017963051795959473 484 146 500 258
diningtable 0.0016548335552215576 463 159 499 268
chair 0.01069408655166626 430 164 499 329
person 0.0014438629150390625 0 197 23 323
person 0.8848353028297424 160 201 230 331
person 0.8840374946594238 225 198 302 332
chair 0.02104562520980835 467 163 499 326
person 0.008677929639816284 0 119 16 322
chair 0.0370461642742157 381 254 499 332
person 0.001040339469909668 225 178 286 233
person 0.8864172101020813 89 202 167 320
sofa 0.0025310516357421875 159 169 289 249
tvmonitor 0.0010902583599090576 450 164 499 261
chair 0.0017684698104858398 448 173 499 265
chair 0.03919273614883423 469 164 499 261
person 0.002003192901611328 123 200 234 310
tvmonitor 0.01048976182937622 468 165 499 256
tvmonitor 0.04831570386886597 488 165 499 255
chair 0.0024921000003814697 489 157 499 210
tvmonitor 0.008543968200683594 433 257 499 313
tvmonitor 0.00394555926322937 474 164 499 225
tvmonitor 0.11919951438903809 489 164 499 214
bottle 0.01854574680328369 0 216 16 318
chair 0.0010526180267333984 488 162 500 268
person 0.0015010833740234375 239 127 385 231
