train 0.0028009116649627686 0 -8 34 327
train 0.0022873878479003906 0 -6 55 327
person 0.0023782849311828613 0 1 46 326
car 0.8816165924072266 62 81 403 285
car 0.00321003794670105 24 118 54 174
boat 0.002453356981277466 24 119 55 174
bottle 0.02432847023010254 53 304 92 327
boat 0.0024628937244415283 0 -1 30 327
car 0.9412226676940918 255 74 495 218
bird 0.012625247240066528 54 305 87 327
person 0.0076660215854644775 123 93 193 145
person 0.0017478764057159424 105 96 159 146
person 0.0031115710735321045 115 93 167 145
person 0.0011248290538787842 148 90 225 146
