chair 0.3032161295413971 129 197 462 373
sofa 0.0019419193267822266 211 146 416 373
chair 0.012528061866760254 288 239 463 373
sofa 0.6252099275588989 0 150 447 373
person 0.9331886172294617 223 141 412 373
chair 0.06278634071350098 474 111 499 372
chair 0.0013724565505981445 397 104 475 372
chair 0.003272920846939087 408 95 499 371
pottedplant 0.0016165375709533691 460 44 498 101
pottedplant 0.002018868923187256 467 56 497 101
pottedplant 0.0012159943580627441 475 35 498 101
tvmonitor 0.003650069236755371 0 82 23 169
pottedplant 0.003976315259933472 0 10 14 98
pottedplant 0.005405604839324951 0 44 14 92
pottedplant 0.0017963051795959473 493 23 499 100
chair 0.059864312410354614 474 194 499 374
pottedplant 0.0026008784770965576 0 87 18 161
person 0.016467034816741943 474 123 499 375
chair 0.00629037618637085 332 202 444 305
chair 0.00941208004951477 377 202 444 301
chair 0.03384503722190857 300 199 456 365
tvmonitor 0.02405199408531189 0 55 14 91
chair 0.015906304121017456 56 170 88 201
chair 0.001040339469909668 74 166 90 200
tvmonitor 0.0017684698104858398 494 26 500 101
chair 0.0027042627334594727 21 167 59 217
chair 0.007065832614898682 394 113 444 310
chair 0.001680910587310791 405 112 461 327
chair 0.008576959371566772 477 104 499 268
tvmonitor 0.011418908834457397 0 171 23 208
person 0.0019191503524780273 482 277 499 374
chair 0.0017963051795959473 483 289 499 374
diningtable 0.001477956771850586 479 155 499 263
person 0.0018969178199768066 161 144 401 237
