chair 0.0018388032913208008 300 164 477 324
sofa 0.8824281692504883 22 147 433 294
sofa 0.012006610631942749 194 158 476 327
pottedplant 0.0168512761592865 61 37 106 61
pottedplant 0.001432657241821289 81 36 106 55
person 0.7931057214736938 312 144 351 224
bottle 0.0013564825057983398 412 316 421 333
bottle 0.00321003794670105 427 317 436 333
person 0.007345408201217651 249 181 356 329
pottedplant 0.001964658498764038 24 30 89 183
pottedplant 0.0011513829231262207 35 31 136 145
person 0.6654106378555298 251 180 322 276
pottedplant 0.22000685334205627 44 32 80 94
