motorbike 0.03346338868141174 69 109 456 374
person 0.013223767280578613 68 77 459 374
boat 0.001560807228088379 387 186 499 370
motorbike 0.03875422477722168 70 238 458 374
boat 0.0034832358360290527 211 239 499 373
boat 0.003976315259933472 385 245 499 374
person 0.9015768766403198 204 73 461 373
pottedplant 0.030965417623519897 0 81 46 301
chair 0.011331260204315186 192 127 467 375
pottedplant 0.04885616898536682 0 160 47 300
bicycle 0.026305854320526123 71 279 438 374
boat 0.013532936573028564 171 290 500 373
boat 0.007316946983337402 394 289 500 373
pottedplant 0.006513714790344238 43 170 62 227
person 0.003147989511489868 242 150 259 179
pottedplant 0.011244326829910278 0 160 6 226
bird 0.0011074244976043701 0 30 26 212
person 0.012006610631942749 0 38 16 233
pottedplant 0.005619615316390991 0 129 25 227
pottedplant 0.006438493728637695 1 155 49 216
pottedplant 0.0012159943580627441 0 48 38 237
pottedplant 0.0011248290538787842 71 117 86 130
chair 0.0045206546783447266 91 262 133 292
bottle 0.002323359251022339 99 262 133 292
pottedplant 0.0014215409755706787 5 161 36 208
chair 0.00593411922454834 130 260 158 287
pottedplant 0.002560734748840332 18 160 46 208
pottedplant 0.0032602250576019287 29 161 55 208
chair 0.003809899091720581 202 129 376 222
chair 0.0011160969734191895 101 182 132 216
pottedplant 0.007038503885269165 173 172 209 247
boat 0.001957029104232788 13 -1 491 371
chair 0.04903769493103027 218 174 265 222
pottedplant 0.0016292035579681396 2 160 23 197
pottedplant 0.002359837293624878 0 51 14 252
pottedplant 0.0018969178199768066 1 112 71 214
person 0.0018459856510162354 415 230 449 266
person 0.0021488964557647705 412 200 467 297
person 0.0028897523880004883 421 182 468 309
person 0.0034696757793426514 494 168 499 306
pottedplant 0.001264333724975586 0 219 39 276
pottedplant 0.006538987159729004 0 36 23 304
motorbike 0.005301922559738159 76 282 219 373
chair 0.003824770450592041 423 245 450 296
chair 0.00276830792427063 422 241 457 303
chair 0.0011248290538787842 90 263 138 314
chair 0.019343703985214233 468 286 499 372
bicycle 0.0026008784770965576 115 231 183 267
chair 0.002631455659866333 469 292 499 344
person 0.0011603832244873047 414 206 452 305
bicycle 0.001477956771850586 130 231 192 260
person 0.9149011373519897 414 180 497 328
bicycle 0.0010902583599090576 98 245 163 287
person 0.018334269523620605 420 233 439 263
bicycle 0.0013147294521331787 95 228 199 285
person 0.01196029782295227 421 229 461 310
person 0.0012350976467132568 450 192 471 321
chair 0.0020666420459747314 75 264 136 317
bicycle 0.0012159943580627441 103 232 144 266
bottle 0.003621727228164673 104 155 117 178
person 0.002314329147338867 104 155 118 178
chair 0.00421491265296936 81 278 215 373
pottedplant 0.0015487074851989746 0 217 30 260
chair 0.0015668869018554688 94 263 274 373
pottedplant 0.008543968200683594 91 263 132 290
pottedplant 0.005663484334945679 130 260 158 287
pottedplant 0.0015487074851989746 103 233 125 265
bottle 0.0012544989585876465 152 255 164 285
pottedplant 0.004700213670730591 104 230 145 260
chair 0.0017963051795959473 151 253 190 285
chair 0.004399091005325317 423 256 451 300
chair 0.0014104843139648438 192 218 219 248
bicycle 0.0010322332382202148 435 250 467 320
chair 0.003285646438598633 65 148 77 170
pottedplant 0.004399091005325317 0 166 18 226
pottedplant 0.0010650157928466797 73 138 88 168
chair 0.0012399256229400635 88 260 159 288
diningtable 0.0020666420459747314 93 177 134 194
chair 0.0075772106647491455 0 214 47 294
bird 0.0663253664970398 0 37 15 181
bicycle 0.02056744694709778 102 226 190 265
pottedplant 0.007816284894943237 75 130 90 169
person 0.014558762311935425 419 235 445 276
pottedplant 0.0025508105754852295 85 133 107 170
person 0.009485304355621338 438 186 468 317
pottedplant 0.007547855377197266 79 178 98 194
pottedplant 0.013742715120315552 105 217 150 260
diningtable 0.0013778507709503174 75 177 134 196
pottedplant 0.0060506463050842285 103 224 180 263
chair 0.002453356981277466 51 146 77 171
pottedplant 0.02096518874168396 77 135 94 168
chair 0.00517958402633667 214 173 266 258
chair 0.0019117295742034912 215 172 311 240
chair 0.0016483962535858154 406 288 499 374
bird 0.08358895778656006 0 40 15 136
bird 0.004133999347686768 0 38 22 137
person 0.0011971890926361084 494 149 499 239
pottedplant 0.00959622859954834 0 220 31 242
boat 0.0010241866111755371 133 50 167 74
pottedplant 0.011158108711242676 42 169 58 210
bicycle 0.021370261907577515 72 288 211 373
pottedplant 0.003678649663925171 42 169 74 230
pottedplant 0.003621727228164673 73 119 88 169
boat 0.0018895864486694336 73 322 135 356
chair 0.5409238338470459 189 218 218 270
pottedplant 0.001477956771850586 46 167 100 239
person 0.019642621278762817 423 234 445 268
person 0.024235934019088745 0 38 15 129
person 0.03397315740585327 421 232 451 303
pottedplant 0.0010733604431152344 95 133 107 169
chair 0.0048677921295166016 212 172 274 289
pottedplant 0.001449495553970337 60 176 100 211
person 0.006538987159729004 439 229 468 323
pottedplant 0.001367121934890747 70 176 132 206
person 0.001495271921157837 447 218 471 326
pottedplant 0.0023782849311828613 0 160 36 275
chair 0.001264333724975586 148 244 187 285
chair 0.0012350976467132568 143 246 198 285
chair 0.007288604974746704 208 131 273 222
pottedplant 0.19620904326438904 0 163 35 227
pottedplant 0.0033763349056243896 43 166 88 229
pottedplant 0.0010004639625549316 168 151 220 271
pottedplant 0.0033763349056243896 0 178 13 241
pottedplant 0.006513714790344238 0 207 31 242
pottedplant 0.0021321773529052734 105 218 141 245
pottedplant 0.0020991265773773193 103 207 173 260
diningtable 0.0025807321071624756 47 166 133 222
chair 0.006903529167175293 215 144 265 222
person 0.0033501386642456055 494 203 499 285
