car 0.002631455659866333 284 151 295 168
car 0.013122200965881348 293 149 321 166
car 0.0010083019733428955 286 149 315 177
car 0.0022963285446166992 287 148 321 182
car 0.9196460247039795 156 151 235 209
car 0.9019226431846619 380 151 461 203
car 0.035949915647506714 423 284 499 372
motorbike 0.001388639211654663 224 177 238 205
chair 0.031857043504714966 423 284 500 373
car 0.04193025827407837 297 148 320 156
car 0.005752265453338623 338 150 356 160
car 0.9441742897033691 35 151 137 212
car 0.9155080318450928 280 149 355 208
