sofa 0.011115282773971558 332 180 499 332
sofa 0.0025508105754852295 3 91 464 369
person 0.0015487074851989746 183 210 497 331
sofa 0.003621727228164673 392 194 499 331
person 0.2501792311668396 464 48 499 249
person 0.04336750507354736 350 51 499 310
person 0.920507550239563 139 40 314 328
person 0.06804093718528748 437 75 499 313
person 0.0034832358360290527 0 74 77 312
person 0.002090960741043091 0 109 123 313
person 0.001120448112487793 108 23 464 333
person 0.3302556872367859 298 138 499 328
person 0.004150032997131348 123 95 493 332
person 0.0018822550773620605 482 93 500 247
tvmonitor 0.005752265453338623 451 45 500 166
pottedplant 0.007846683263778687 68 91 90 118
pottedplant 0.0010004639625549316 0 32 21 103
chair 0.0012065470218658447 0 64 27 161
pottedplant 0.05623906850814819 38 39 83 78
tvmonitor 0.00955912470817566 485 0 499 88
pottedplant 0.00874510407447815 31 36 82 102
person 0.013742715120315552 335 206 500 302
person 0.07558250427246094 370 247 500 331
person 0.002140522003173828 429 161 499 334
chair 0.0010362863540649414 0 20 82 314
chair 0.0010322332382202148 0 19 146 315
dog 0.9284056425094604 256 38 340 219
person 0.0011879205703735352 395 184 499 332
person 0.0012742578983306885 477 138 499 253
person 0.0015366971492767334 371 171 499 307
person 0.004924893379211426 478 104 499 319
person 0.0014837086200714111 403 131 499 270
person 0.007460415363311768 429 117 499 283
pottedplant 0.10230165719985962 0 0 48 133
pottedplant 0.09636583924293518 0 0 73 135
pottedplant 0.0025409162044525146 180 30 282 146
person 0.0030995309352874756 486 182 499 306
pottedplant 0.005842477083206177 0 2 11 140
pottedplant 0.009860128164291382 0 30 34 112
pottedplant 0.002901047468185425 0 40 43 106
person 0.0034832358360290527 413 125 499 310
pottedplant 0.003930270671844482 207 29 276 73
pottedplant 0.0020991265773773193 143 75 169 106
person 0.0022170841693878174 424 130 499 249
tvmonitor 0.0032476186752319336 472 0 499 58
tvmonitor 0.1131901741027832 487 0 499 53
pottedplant 0.008511096239089966 13 30 83 98
pottedplant 0.001477956771850586 208 29 255 61
pottedplant 0.010091900825500488 0 70 26 134
person 0.0019876956939697266 485 121 500 259
