sheep 0.0011513829231262207 165 271 305 461
sheep 0.0033371448516845703 169 204 307 368
sheep 0.0013406574726104736 37 203 233 367
sheep 0.9019226431846619 229 200 332 313
sheep 0.0025508105754852295 51 322 170 462
sheep 0.9324533939361572 164 304 270 457
sheep 0.9235905408859253 8 325 94 479
sheep 0.8519556522369385 1 240 88 462
sheep 0.0012018680572509766 58 248 296 382
sheep 0.9136754274368286 73 248 188 453
sheep 0.0014608204364776611 74 247 247 448
sheep 0.692642092704773 183 252 300 374
sheep 0.0014438629150390625 5 341 51 453
sheep 0.001335442066192627 18 240 88 289
sheep 0.012335866689682007 156 245 239 283
sheep 0.0011074244976043701 36 201 80 238
sheep 0.0015010833740234375 0 258 30 302
sheep 0.0042809247970581055 201 248 243 291
sheep 0.0020267367362976074 36 212 71 243
sheep 0.0011160969734191895 0 257 22 314
sheep 0.14415043592453003 225 178 332 239
sheep 0.0029466450214385986 0 257 36 310
sheep 0.0031976401805877686 200 246 237 272
sheep 0.0022431910037994385 205 249 243 266
sheep 0.0014722347259521484 108 218 215 259
sheep 0.12378615140914917 137 222 215 256
sheep 0.0014438629150390625 138 217 242 254
sheep 0.008000344038009644 1 291 74 464
sheep 0.0013044774532318115 15 325 93 415
sheep 0.8300422430038452 37 197 210 261
sheep 0.008478313684463501 0 346 27 465
sheep 0.003537982702255249 36 196 88 249
sheep 0.004007279872894287 164 304 220 430
sheep 0.0018245279788970947 0 310 45 465
sheep 0.0017007291316986084 37 247 146 338
sheep 0.008445650339126587 160 246 245 378
sheep 0.001674354076385498 200 308 286 363
sheep 0.001489490270614624 219 310 279 368
sheep 0.0021912753582000732 35 225 67 242
sheep 0.012479722499847412 36 231 66 242
sheep 0.001972287893295288 212 231 246 250
sheep 0.001028209924697876 13 325 58 366
sheep 0.008812874555587769 214 242 238 252
sheep 0.031497299671173096 163 248 299 329
sheep 0.01292121410369873 199 254 247 330
sheep 0.003736436367034912 201 261 295 339
sheep 0.0010902583599090576 16 349 54 441
sheep 0.0013250410556793213 203 244 237 264
sheep 0.0012447535991668701 36 196 88 232
sheep 0.0014215409755706787 208 294 281 361
sheep 0.001012265682220459 39 244 102 336
sheep 0.17781168222427368 2 240 88 346
sheep 0.009936809539794922 64 241 180 321
sheep 0.001367121934890747 161 244 226 291
sheep 0.008188486099243164 165 246 237 275
sheep 0.00564149022102356 95 226 216 269
sheep 0.007120847702026367 138 228 230 281
sheep 0.036769360303878784 141 246 239 303
sheep 0.015013545751571655 67 250 127 325
sheep 0.012006610631942749 13 240 112 320
sheep 0.007232218980789185 22 241 155 320
sheep 0.005888134241104126 93 236 216 309
sheep 0.019195973873138428 105 238 240 299
sheep 0.039487868547439575 161 248 240 314
sheep 0.019122570753097534 138 230 192 260
