diningtable 0.0017963051795959473 96 73 381 132
diningtable 0.002935171127319336 321 72 390 124
bicycle 0.0023052990436553955 480 20 499 243
chair 0.007011294364929199 0 65 93 230
person 0.9360548257827759 119 14 377 243
person 0.001225501298904419 479 30 498 242
pottedplant 0.4111109673976898 371 18 417 94
pottedplant 0.00831615924835205 119 0 195 106
chair 0.001264333724975586 359 71 378 121
chair 0.16885823011398315 384 69 414 123
pottedplant 0.015364378690719604 185 38 230 78
pottedplant 0.0013302266597747803 171 0 235 46
pottedplant 0.0010004639625549316 122 85 159 105
chair 0.007204204797744751 472 89 499 159
chair 0.18952050805091858 485 81 500 156
pottedplant 0.009633511304855347 184 1 237 78
pottedplant 0.0011925697326660156 157 11 193 106
pottedplant 0.0028118789196014404 165 18 197 88
chair 0.0033112764358520508 315 67 350 117
person 0.06779336929321289 185 42 206 64
pottedplant 0.0011879205703735352 217 35 234 75
diningtable 0.0028561055660247803 0 213 80 244
pottedplant 0.031141668558120728 116 90 146 107
person 0.013585120439529419 488 68 499 152
person 0.0017963051795959473 298 51 319 82
chair 0.6636692881584167 167 62 227 113
person 0.06929132342338562 305 51 321 70
person 0.003075540065765381 306 51 323 74
person 0.015542924404144287 298 51 332 94
pottedplant 0.003664344549179077 397 33 416 72
person 0.07920721173286438 185 41 208 79
person 0.014009058475494385 295 51 322 95
pottedplant 0.0021073520183563232 114 89 174 142
chair 0.29178711771965027 327 69 373 124
diningtable 0.001466512680053711 0 191 82 243
chair 0.0012065470218658447 403 67 418 122
person 0.0018604099750518799 307 56 331 92
pottedplant 0.0012159943580627441 105 0 339 123
person 0.0012742578983306885 333 61 343 83
chair 0.0015853047370910645 178 54 223 110
person 0.0025212466716766357 489 50 499 103
chair 0.004133999347686768 182 47 227 92
pottedplant 0.001477956771850586 181 38 234 91
person 0.0015130341053009033 488 0 499 139
pottedplant 0.0411514937877655 118 0 215 144
pottedplant 0.0012112557888031006 410 2 499 242
person 0.0033112764358520508 190 38 224 78
chair 0.0019799768924713135 491 90 499 239
person 0.001455157995223999 491 -1 500 81
person 0.004038453102111816 314 55 328 81
person 0.0030995309352874756 318 57 337 80
pottedplant 0.001028209924697876 115 88 165 112
pottedplant 0.0012112557888031006 119 2 235 200
diningtable 0.0012112557888031006 147 68 383 112
diningtable 0.004297584295272827 322 71 400 114
person 0.0015487074851989746 202 38 221 76
pottedplant 0.018125414848327637 201 37 227 77
chair 0.6001884341239929 363 69 414 125
chair 0.0011971890926361084 470 78 498 218
diningtable 0.002406179904937744 207 63 228 77
chair 0.026862531900405884 484 80 499 212
chair 0.03371736407279968 490 65 500 137
pottedplant 0.006666600704193115 215 4 241 68
chair 0.009267330169677734 487 73 499 238
pottedplant 0.0023782849311828613 216 10 250 68
chair 0.001069188117980957 392 69 415 93
person 0.009821981191635132 488 69 499 97
person 0.0035518109798431396 187 38 209 68
pottedplant 0.003160238265991211 214 27 235 70
person 0.0019266009330749512 291 59 310 95
person 0.6584183573722839 314 57 343 105
person 0.0022344589233398438 319 65 346 109
chair 0.004609555006027222 350 69 374 94
chair 0.0026520490646362305 406 69 417 112
chair 0.004348009824752808 489 90 499 213
chair 0.15203100442886353 168 62 203 113
pottedplant 0.0016292035579681396 142 0 235 92
chair 0.7826625108718872 322 70 372 156
tvmonitor 0.00822022557258606 0 66 94 220
pottedplant 0.0022257566452026367 117 48 149 106
person 0.005199640989303589 183 55 208 82
chair 0.00834837555885315 194 76 228 94
chair 0.0033112764358520508 482 95 499 177
chair 0.008576959371566772 488 90 499 181
person 0.004054129123687744 185 54 213 84
chair 0.0023875534534454346 189 63 228 92
diningtable 0.004247784614562988 196 66 228 84
diningtable 0.002901047468185425 208 67 228 78
person 0.3923368453979492 303 51 323 93
chair 0.001040339469909668 366 69 402 93
chair 0.001489490270614624 385 69 414 92
