person 0.7627751231193542 160 185 229 423
train 0.00276830792427063 -148 21 0 496
aeroplane 0.005729943513870239 -187 11 0 498
boat 0.01894029974937439 0 218 336 477
boat 0.016403794288635254 1 216 231 426
person 0.259824275970459 234 160 245 184
person 0.00438198447227478 207 151 222 209
person 0.464901328086853 263 158 277 186
person 0.0023968517780303955 341 161 361 189
person 0.013742715120315552 57 159 73 180
person 0.0024438798427581787 163 118 221 221
person 0.021534323692321777 208 154 222 195
person 0.001028209924697876 163 161 182 223
person 0.0025212466716766357 205 163 221 192
boat 0.0017478764057159424 1 82 290 429
person 0.06929132342338562 160 308 230 425
person 0.813461184501648 164 118 222 317
person 0.062328606843948364 210 161 222 184
person 0.005554467439651489 64 163 74 180
boat 0.0012742578983306885 95 167 110 179
person 0.0646505355834961 100 167 109 179
person 0.45326197147369385 125 149 141 178
person 0.07159435749053955 167 163 176 179
person 0.0023690462112426758 167 163 179 178
person 0.6187803745269775 33 152 46 182
person 0.15002882480621338 53 157 66 180
person 0.16885823011398315 344 160 355 188
person 0.2974701523780823 353 160 364 190
bicycle 0.002003192901611328 62 164 74 181
