cat 0.6680141687393188 94 313 315 418
chair 0.05281311273574829 44 74 362 411
person 0.5708098411560059 38 80 255 340
chair 0.029704153537750244 18 68 372 329
person 0.0012018680572509766 0 81 67 404
chair 0.003298431634902954 0 85 174 404
person 0.006027162075042725 449 46 499 406
diningtable 0.0011513829231262207 305 212 499 409
person 0.0011879205703735352 0 91 28 401
chair 0.0013940632343292236 135 78 248 202
person 0.0010241866111755371 487 28 499 231
chair 0.005819797515869141 483 123 499 229
chair 0.010818421840667725 491 120 500 231
bottle 0.0019117295742034912 417 207 501 238
person 0.0022519826889038086 482 11 499 232
bottle 0.00517958402633667 426 206 486 223
bottle 0.0012943148612976074 481 164 499 246
bottle 0.0018033087253570557 489 154 500 260
chair 0.0076958537101745605 76 81 249 200
chair 0.0021912753582000732 489 75 499 229
chair 0.0013302266597747803 85 105 255 250
person 0.044683367013931274 73 78 230 219
person 0.0010775625705718994 71 255 282 333
dog 0.0013147294521331787 76 247 275 333
diningtable 0.005554467439651489 296 210 501 275
person 0.004133999347686768 479 111 499 352
person 0.0010362863540649414 0 223 24 409
cat 0.004348009824752808 79 277 222 374
cat 0.018404453992843628 84 272 231 417
person 0.0016292035579681396 489 190 499 339
cat 0.04885616898536682 74 268 227 340
tvmonitor 0.001714080572128296 0 199 14 356
chair 0.004681944847106934 10 6 248 198
chair 0.0021073520183563232 488 107 499 258
tvmonitor 0.9536210298538208 331 2 499 148
bottle 0.0023782849311828613 311 225 360 274
chair 0.01851031184196472 25 62 246 197
chair 0.036769360303878784 16 75 252 388
bottle 0.0016419589519500732 0 162 9 221
chair 0.042883336544036865 28 79 266 310
chair 0.0012994110584259033 55 145 247 346
chair 0.001477956771850586 53 186 297 337
bottle 0.003496825695037842 0 166 10 204
cat 0.004264324903488159 67 159 255 342
bottle 0.0017684698104858398 491 155 500 241
chair 0.0016483962535858154 480 88 499 299
cat 0.004718571901321411 92 313 221 417
cat 0.011914163827896118 161 322 318 418
bottle 0.030558109283447266 126 51 146 87
chair 0.00462755560874939 73 121 263 287
chair 0.00462755560874939 72 131 276 249
chair 0.0010817945003509521 177 162 363 245
chair 0.0024344027042388916 217 175 373 244
chair 0.0018388032913208008 485 106 499 294
