dog 0.006692379713058472 134 378 362 499
dog 0.8596608638763428 235 377 358 499
person 0.07159435749053955 88 89 102 111
person 0.02655753493309021 88 89 106 136
tvmonitor 0.0011031031608581543 228 0 369 16
tvmonitor 0.0016039609909057617 237 0 374 273
person 0.007547855377197266 91 90 109 136
person 0.11676490306854248 97 111 108 136
tvmonitor 0.002790004014968872 124 1 374 332
tvmonitor 0.8697161674499512 28 -1 364 281
person 0.09268999099731445 142 72 156 97
person 0.0030995309352874756 84 91 106 117
