person 0.013742715120315552 0 132 84 373
diningtable 0.001591503620147705 312 183 500 374
person 0.18126201629638672 412 164 499 373
person 0.004830062389373779 45 134 165 306
person 0.8402605056762695 0 151 163 373
diningtable 0.7549138069152832 74 72 430 373
person 0.009267330169677734 0 77 68 371
person 0.8951581716537476 311 116 499 333
diningtable 0.0010988116264343262 58 238 423 373
chair 0.0011925697326660156 324 193 499 373
person 0.006003767251968384 372 72 434 154
diningtable 0.06417948007583618 0 85 89 166
bottle 0.04535484313964844 247 160 268 250
chair 0.0016228556632995605 54 81 112 134
person 0.005080223083496094 99 66 161 142
person 0.018056362867355347 125 63 215 150
person 0.06347915530204773 149 62 240 142
chair 0.0012350976467132568 485 145 499 273
person 0.5736782550811768 179 58 241 127
chair 0.007148534059524536 470 162 499 261
chair 0.0012159943580627441 355 192 500 334
person 0.001367121934890747 441 139 499 339
bottle 0.005619615316390991 242 168 275 250
person 0.007232218980789185 3 213 166 310
person 0.007232218980789185 377 82 435 171
bottle 0.0026110410690307617 292 131 310 171
person 0.045864373445510864 59 221 164 312
chair 0.0012350976467132568 349 121 399 186
person 0.0020585954189300537 208 60 228 109
person 0.02717086672782898 0 82 65 168
person 0.005554467439651489 121 57 243 120
diningtable 0.006930291652679443 38 87 92 156
pottedplant 0.0010083019733428955 481 127 499 180
chair 0.0012399256229400635 482 198 499 347
pottedplant 0.0024344027042388916 486 118 499 188
chair 0.01798534393310547 55 85 121 172
person 0.016916126012802124 66 74 161 171
chair 0.005447685718536377 329 52 358 119
person 0.0017275214195251465 0 77 37 174
person 0.005219787359237671 0 221 161 356
diningtable 0.004982620477676392 0 84 142 171
person 0.0019191503524780273 313 1 345 80
diningtable 0.001069188117980957 9 75 218 168
person 0.02479657530784607 133 90 218 164
chair 0.03346338868141174 407 178 499 374
person 0.04161706566810608 159 88 230 161
diningtable 0.014841258525848389 193 78 356 180
person 0.002560734748840332 229 42 253 95
person 0.013122200965881348 0 150 39 373
diningtable 0.0031115710735321045 0 85 88 218
person 0.0019343793392181396 204 59 223 107
pottedplant 0.003621727228164673 481 133 499 211
person 0.0027360916137695312 333 42 361 72
bottle 0.00629037618637085 292 93 309 171
person 0.002901047468185425 344 42 361 59
person 0.32082176208496094 228 56 258 105
person 0.737159252166748 343 73 420 173
diningtable 0.059427469968795776 164 77 374 197
chair 0.008711427450180054 476 98 499 169
person 0.0021742284297943115 386 92 437 184
person 0.0028561055660247803 480 137 499 211
person 0.0011558830738067627 362 47 400 81
person 0.022976040840148926 141 93 202 168
person 0.0033501386642456055 354 89 498 217
person 0.0015487074851989746 61 224 166 262
bottle 0.004231303930282593 279 64 287 97
person 0.01711207628250122 162 94 208 161
chair 0.0017478764057159424 108 134 159 221
chair 0.0010733604431152344 0 121 35 204
diningtable 0.0048677921295166016 0 84 156 358
chair 0.0011603832244873047 317 210 457 335
chair 0.002641737461090088 119 147 196 219
diningtable 0.011374980211257935 0 87 165 277
person 0.006364047527313232 58 100 127 176
chair 0.01507142186164856 487 95 500 173
diningtable 0.05340319871902466 129 77 398 225
tvmonitor 0.030442774295806885 0 124 33 179
bottle 0.0010485053062438965 47 83 56 105
person 0.6206216216087341 356 94 436 208
person 0.04193025827407837 315 94 444 254
person 0.005384683609008789 366 110 480 215
person 0.015364378690719604 315 93 499 259
chair 0.003664344549179077 0 233 156 374
chair 0.0011248290538787842 101 79 129 105
chair 0.005842477083206177 481 88 499 167
chair 0.0010526180267333984 111 77 137 105
tvmonitor 0.007176309823989868 0 84 36 178
person 0.10087525844573975 462 152 499 373
person 0.05460202693939209 115 62 162 198
diningtable 0.0012742578983306885 78 78 122 103
person 0.6867910623550415 66 102 163 235
diningtable 0.0014159977436065674 101 71 127 102
person 0.0063148438930511475 172 88 248 130
person 0.009746164083480835 128 90 240 187
bottle 0.010652929544448853 265 104 276 132
person 0.007846683263778687 195 58 223 108
person 0.00406983494758606 210 64 225 108
person 0.001264333724975586 451 162 499 306
person 0.36477720737457275 217 55 257 107
chair 0.003063589334487915 329 75 356 119
bottle 0.562176525592804 275 110 292 172
bottle 0.01048976182937622 271 65 280 101
chair 0.0012447535991668701 488 180 500 323
bottle 0.004331141710281372 279 67 288 101
person 0.007877200841903687 349 50 390 151
chair 0.0016102492809295654 0 92 34 185
diningtable 0.005819797515869141 21 97 129 180
bottle 0.5964333415031433 248 164 265 200
person 0.012871414422988892 474 105 499 318
diningtable 0.0097084641456604 43 94 88 141
person 0.008984774351119995 38 103 152 255
person 0.0013250410556793213 201 68 234 110
bottle 0.8407841920852661 257 115 278 181
person 0.004331141710281372 461 289 499 375
person 0.018334269523620605 310 109 428 226
chair 0.006364047527313232 138 54 183 104
bottle 0.0014722347259521484 0 81 5 126
chair 0.02169954776763916 51 80 93 136
chair 0.013637453317642212 55 80 97 111
chair 0.0022607743740081787 0 95 37 246
person 0.0011336207389831543 0 83 50 141
person 0.008062601089477539 336 139 424 207
person 0.012383639812469482 4 149 170 258
person 0.010818421840667725 0 88 66 231
bottle 0.005301922559738159 247 164 266 235
chair 0.022287070751190186 49 94 90 141
person 0.0018388032913208008 0 97 124 187
chair 0.0011380314826965332 480 148 499 296
chair 0.0011694133281707764 491 141 499 299
person 0.001560807228088379 27 101 133 200
person 0.26132965087890625 65 102 132 206
car 0.01627802848815918 127 53 177 86
person 0.009054571390151978 86 100 168 211
person 0.7690780162811279 125 90 207 207
person 0.002199828624725342 342 99 397 174
bottle 0.01798534393310547 271 65 280 87
bottle 0.0030995309352874756 324 49 338 94
person 0.008915573358535767 399 113 495 207
chair 0.0010162293910980225 462 161 499 230
person 0.006217539310455322 473 165 499 258
person 0.0033112764358520508 364 48 389 82
chair 0.4148988127708435 56 78 118 108
person 0.6424316167831421 116 64 161 134
person 0.004118025302886963 118 60 230 136
person 0.021370261907577515 230 55 250 90
person 0.5717664957046509 235 43 262 88
person 0.007402688264846802 199 56 248 110
person 0.11201918125152588 341 53 361 94
chair 0.03371736407279968 382 46 413 82
person 0.7676874399185181 274 38 316 82
person 0.035146862268447876 348 47 385 107
car 0.055620014667510986 139 54 178 95
car 0.0064885616302490234 138 56 225 112
person 0.003537982702255249 234 40 290 88
person 0.005865275859832764 476 150 500 213
person 0.29910558462142944 335 53 360 117
person 0.001225501298904419 0 48 21 159
person 0.0018103718757629395 0 50 35 159
person 0.0013096034526824951 94 65 160 112
person 0.6261249780654907 342 54 386 135
person 0.03846472501754761 376 73 420 134
car 0.0023052990436553955 124 52 176 104
car 0.04177337884902954 140 53 174 86
