boat 0.014955878257751465 7 116 466 188
boat 0.013172894716262817 35 134 473 182
boat 0.006589770317077637 234 141 470 178
aeroplane 0.01186823844909668 235 140 474 176
aeroplane 0.008000344038009644 242 128 478 174
aeroplane 0.0011879205703735352 464 100 500 199
aeroplane 0.8601315021514893 16 99 321 206
boat 0.003063589334487915 35 140 478 194
aeroplane 0.031857043504714966 321 125 410 151
boat 0.003123670816421509 240 172 312 192
aeroplane 0.0022257566452026367 490 122 499 148
aeroplane 0.0019876956939697266 244 116 411 156
aeroplane 0.00106087327003479 290 122 448 159
aeroplane 0.0023052990436553955 301 124 454 173
boat 0.01659417152404785 292 105 350 135
boat 0.02717086672782898 315 108 349 135
aeroplane 0.024608224630355835 468 87 499 137
aeroplane 0.006003767251968384 483 81 499 137
aeroplane 0.0015130341053009033 477 74 499 142
aeroplane 0.00629037618637085 236 112 476 171
aeroplane 0.07585501670837402 334 116 478 151
aeroplane 0.0524231493473053 383 117 477 146
aeroplane 0.001466512680053711 403 116 490 138
boat 0.003765672445297241 266 102 300 117
boat 0.008252084255218506 265 101 315 120
aeroplane 0.001554727554321289 324 90 479 159
boat 0.022976040840148926 259 103 349 134
aeroplane 0.0011513829231262207 253 107 403 141
aeroplane 0.007877200841903687 283 115 408 151
aeroplane 0.012006610631942749 333 114 437 150
aeroplane 0.0012159943580627441 378 125 437 150
aeroplane 0.0013044774532318115 378 124 460 149
car 0.004086285829544067 383 123 468 135
car 0.021370261907577515 430 125 457 135
aeroplane 0.0030162930488586426 425 125 479 141
aeroplane 0.001449495553970337 447 125 481 140
aeroplane 0.003147989511489868 426 118 460 134
aeroplane 0.0015729963779449463 433 117 464 134
aeroplane 0.0033763349056243896 341 120 390 135
aeroplane 0.004054129123687744 342 121 401 139
aeroplane 0.0011160969734191895 375 113 401 144
aeroplane 0.0016292035579681396 399 120 453 134
car 0.005405604839324951 413 122 457 134
car 0.02186596393585205 425 123 459 134
aeroplane 0.03397315740585327 427 123 458 134
aeroplane 0.005685538053512573 449 122 474 135
aeroplane 0.004038453102111816 458 120 491 135
aeroplane 0.5544705390930176 465 116 499 137
aeroplane 0.001524806022644043 332 119 388 137
aeroplane 0.002641737461090088 333 123 395 143
aeroplane 0.0022607743740081787 358 125 402 148
aeroplane 0.0015130341053009033 342 115 405 137
aeroplane 0.004198610782623291 357 113 402 142
aeroplane 0.005663484334945679 284 144 455 174
