sofa 0.3345893621444702 147 89 284 181
sofa 0.005240768194198608 124 73 433 188
chair 0.0017547309398651123 303 37 499 185
chair 0.0012792348861694336 440 37 499 185
sofa 0.012006610631942749 47 92 464 186
person 0.0024344027042388916 187 89 234 124
tvmonitor 0.05281311273574829 47 20 125 62
pottedplant 0.001225501298904419 219 22 236 37
tvmonitor 0.4035666584968567 237 19 259 54
tvmonitor 0.0010322332382202148 206 59 223 87
tvmonitor 0.6297757029533386 210 57 242 85
tvmonitor 0.81640625 130 63 172 103
cat 0.002003192901611328 29 120 70 170
pottedplant 0.014173001050949097 211 22 238 56
sofa 0.0026623904705047607 317 121 437 185
chair 0.004231303930282593 292 98 388 148
chair 0.004573792219161987 364 108 437 151
tvmonitor 0.0012994110584259033 489 37 499 185
person 0.006538987159729004 163 87 219 152
chair 0.011244326829910278 161 85 286 163
person 0.0022519826889038086 290 97 390 156
chair 0.002018868923187256 339 105 437 148
sofa 0.021452128887176514 7 116 70 169
pottedplant 0.0024724602699279785 28 118 70 170
chair 0.06903958320617676 145 97 286 180
chair 0.02186596393585205 296 103 437 184
person 0.06097537279129028 168 81 233 144
chair 0.027903079986572266 337 98 391 143
chair 0.001524806022644043 18 115 69 170
person 0.001714080572128296 154 91 240 162
bottle 0.0033371448516845703 429 81 442 115
tvmonitor 0.4941408932209015 183 23 207 65
chair 0.005219787359237671 170 80 234 141
sofa 0.8278263807296753 290 63 423 115
