chair 0.001012265682220459 0 140 68 332
dog 0.8723500967025757 206 2 477 327
person 0.04535484313964844 0 36 73 331
dog 0.0018822550773620605 222 334 483 445
dog 0.002867281436920166 205 334 496 492
bottle 0.0015487074851989746 0 84 74 228
bicycle 0.005240768194198608 0 101 66 332
person 0.0010485053062438965 204 0 478 191
dog 0.00208282470703125 264 1 476 175
person 0.001972287893295288 118 0 300 149
person 0.0016483962535858154 199 0 479 314
person 0.16398006677627563 49 0 486 335
dog 0.2821960747241974 33 0 487 335
person 0.8294904232025146 0 0 179 302
person 0.0028339028358459473 201 0 316 187
person 0.002757549285888672 0 43 34 357
