bicycle 0.9513247013092041 237 206 478 374
person 0.0010362863540649414 246 63 331 239
person 0.9244174957275391 248 65 392 363
car 0.08850756287574768 151 0 499 366
bottle 0.0011424720287322998 335 287 358 304
bus 0.752739667892456 0 0 494 265
person 0.0013406574726104736 247 62 389 267
bus 0.06903958320617676 113 0 499 366
bottle 0.00443345308303833 336 288 359 308
person 0.0011074244976043701 252 132 372 253
person 0.0017547309398651123 282 114 393 330
person 0.0018388032913208008 252 138 370 308
