bus 0.06371176242828369 411 171 500 374
train 0.005343139171600342 127 143 371 220
train 0.0012447535991668701 311 82 499 357
train 0.8519556522369385 288 166 445 271
train 0.02021569013595581 0 99 27 320
train 0.001012265682220459 0 136 103 355
train 0.0019799768924713135 0 130 188 370
train 0.0013778507709503174 0 126 275 371
train 0.0016292035579681396 53 142 319 306
train 0.0025212466716766357 46 144 466 353
train 0.07185441255569458 412 158 500 375
train 0.0022873878479003906 440 171 462 220
car 0.0027148425579071045 278 199 298 223
bus 0.0012065470218658447 293 151 371 193
train 0.0025115013122558594 0 189 26 300
bottle 0.0017963051795959473 0 198 26 300
pottedplant 0.0011160969734191895 0 215 64 286
train 0.03501462936401367 112 143 249 193
train 0.04535484313964844 139 144 301 200
car 0.0015071630477905273 452 341 499 373
train 0.008711427450180054 56 143 247 244
train 0.7090195417404175 57 143 373 250
person 0.0023324191570281982 273 285 294 354
cat 0.0010988116264343262 0 196 26 355
person 0.0016874969005584717 266 301 293 355
person 0.0016102492809295654 273 303 294 353
train 0.0010322332382202148 133 149 230 192
train 0.0019876956939697266 235 151 303 202
bicycle 0.011507302522659302 0 198 59 297
person 0.0010083019733428955 70 335 82 352
pottedplant 0.0019343793392181396 58 202 104 238
pottedplant 0.0060506463050842285 162 224 193 246
bicycle 0.016467034816741943 0 166 26 300
bicycle 0.007288604974746704 0 205 92 295
pottedplant 0.0038396716117858887 1 211 54 243
person 0.4320632219314575 220 303 255 372
person 0.05051475763320923 230 305 257 371
car 0.005405604839324951 191 208 237 236
train 0.06371176242828369 236 150 373 222
bus 0.001040339469909668 245 150 371 223
train 0.003809899091720581 291 166 444 223
train 0.0016874969005584717 385 163 499 219
train 0.002453356981277466 440 162 499 222
train 0.002323359251022339 442 161 499 250
bicycle 0.0014159977436065674 0 188 104 238
train 0.04552412033081055 57 151 138 240
boat 0.005261063575744629 62 147 247 249
bus 0.007148534059524536 69 144 241 238
bicycle 0.1661340892314911 0 206 62 242
