person 0.0026008784770965576 263 130 477 373
chair 0.0026727914810180664 399 164 499 373
chair 0.004102110862731934 421 237 499 373
person 0.4941408932209015 263 46 449 373
person 0.8692725896835327 67 88 206 373
person 0.5640987157821655 0 121 78 373
person 0.25312113761901855 429 159 499 369
diningtable 0.005597800016403198 0 243 77 373
person 0.8795605897903442 107 98 283 373
person 0.912121057510376 264 131 406 373
bottle 0.023508936166763306 440 133 460 163
person 0.028437048196792603 244 125 277 198
person 0.0011031031608581543 245 130 331 198
person 0.003285646438598633 489 154 500 242
person 0.0013995170593261719 219 98 276 198
bottle 0.8998310565948486 327 231 359 331
person 0.001489490270614624 118 87 206 197
bottle 0.001388639211654663 492 65 499 99
person 0.0010241866111755371 62 167 89 204
person 0.007011294364929199 305 46 436 183
person 0.0011603832244873047 0 104 23 158
bottle 0.00629037618637085 0 58 10 127
person 0.0013995170593261719 0 215 23 373
chair 0.0021742284297943115 2 228 81 295
person 0.08663347363471985 262 46 444 228
person 0.015845149755477905 461 145 499 382
person 0.0010241866111755371 289 117 339 163
person 0.0017547309398651123 0 46 36 364
bottle 0.0013995170593261719 416 125 428 161
person 0.01342916488647461 19 93 282 369
person 0.004038453102111816 460 34 499 361
bottle 0.010409027338027954 327 294 355 333
person 0.0012302696704864502 100 91 211 219
chair 0.034360289573669434 0 245 77 372
bottle 0.001524806022644043 493 188 500 349
person 0.0015853047370910645 102 182 197 373
person 0.0017410516738891602 131 86 442 373
person 0.001146942377090454 487 172 500 321
bottle 0.9079643487930298 173 257 198 348
chair 0.0015307366847991943 446 171 499 371
chair 0.0011603832244873047 12 255 82 297
person 0.03346338868141174 0 132 26 373
chair 0.004399091005325317 446 253 499 372
diningtable 0.05964553356170654 0 213 27 373
person 0.007038503885269165 368 157 498 352
chair 0.004681944847106934 0 136 80 297
chair 0.0029812753200531006 0 181 81 292
person 0.003678649663925171 56 172 112 302
person 0.0016039609909057617 60 168 136 362
person 0.004022836685180664 494 145 500 224
person 0.00394555926322937 417 126 429 164
person 0.4339812397956848 428 159 498 263
bottle 0.003510504961013794 82 336 104 374
person 0.025760233402252197 0 128 55 295
person 0.023419708013534546 0 133 82 293
person 0.0028009116649627686 4 169 103 290
person 0.003809899091720581 489 166 499 213
bottle 0.0012302696704864502 471 163 490 208
bottle 0.022629231214523315 331 230 358 294
person 0.0011074244976043701 471 155 491 208
person 0.002359837293624878 482 159 499 216
person 0.004264324903488159 492 160 499 219
diningtable 0.010776817798614502 0 248 50 373
chair 0.003063589334487915 460 248 499 364
person 0.005576103925704956 251 130 276 167
bottle 0.0010860264301300049 0 77 23 126
chair 0.0024438798427581787 0 235 25 373
person 0.32939231395721436 58 171 100 258
person 0.12378615140914917 428 159 478 232
person 0.003222525119781494 438 156 498 231
person 0.0032476186752319336 477 136 499 243
person 0.0016355812549591064 480 167 499 271
person 0.0012544989585876465 481 174 499 247
person 0.003780364990234375 56 179 78 261
person 0.0010902583599090576 370 161 475 251
