aeroplane 0.16026467084884644 89 177 167 203
aeroplane 0.0012159943580627441 90 188 147 203
aeroplane 0.047604769468307495 291 115 419 147
aeroplane 0.7620676159858704 176 133 273 164
aeroplane 0.821043848991394 88 151 163 182
aeroplane 0.808067798614502 293 115 368 147
aeroplane 0.001972287893295288 119 177 164 199
aeroplane 0.0011648833751678467 117 152 166 177
aeroplane 0.002341538667678833 127 156 164 178
aeroplane 0.0010650157928466797 130 152 167 180
aeroplane 0.0012842416763305664 80 198 144 218
aeroplane 0.0012943148612976074 131 176 164 195
aeroplane 0.6113821864128113 80 197 162 228
chair 0.0023052990436553955 256 324 275 349
aeroplane 0.6001884341239929 85 176 165 221
aeroplane 0.001178741455078125 81 205 144 225
