chair 0.5486736297607422 0 216 28 332
sofa 0.28937116265296936 378 234 499 332
chair 0.7386703491210938 377 234 499 331
diningtable 0.7956579923629761 31 208 212 327
chair 0.004166156053543091 0 206 17 338
pottedplant 0.21866926550865173 134 96 173 115
chair 0.0013147294521331787 74 221 131 325
diningtable 0.014009058475494385 51 218 181 319
chair 0.0014104843139648438 131 187 167 280
chair 0.002901047468185425 143 192 192 276
chair 0.003147989511489868 6 203 53 324
chair 0.004700213670730591 27 201 56 299
chair 0.8539129495620728 28 200 125 324
pottedplant 0.44360047578811646 365 208 419 267
chair 0.0010362863540649414 63 211 189 310
chair 0.8902919292449951 127 205 209 326
chair 0.0037074387073516846 4 197 38 316
chair 0.5888890027999878 55 193 111 306
chair 0.5409238338470459 123 195 212 298
chair 0.003976315259933472 155 194 213 251
chair 0.0019266009330749512 108 191 180 294
chair 0.0019117295742034912 0 209 11 346
pottedplant 0.4148988127708435 368 228 408 267
chair 0.022629231214523315 54 192 97 221
chair 0.008156836032867432 156 195 215 234
pottedplant 0.014062851667404175 112 184 137 218
chair 0.0030995309352874756 155 195 216 222
