person 0.8951581716537476 198 178 370 499
person 0.0034561753273010254 0 142 121 486
person 0.08632457256317139 65 144 200 475
person 0.9056569337844849 0 142 193 499
person 0.10631856322288513 164 218 238 486
person 0.001020193099975586 154 81 182 140
bottle 0.0017410516738891602 158 87 182 133
person 0.005426615476608276 237 142 333 233
person 0.0021488964557647705 311 141 369 233
person 0.0067453086376190186 1 116 66 258
bottle 0.14415043592453003 107 202 135 230
person 0.0031976401805877686 111 197 181 244
person 0.0010162293910980225 142 199 179 242
person 0.002323359251022339 50 142 157 251
person 0.004485577344894409 236 141 337 269
person 0.017310142517089844 247 140 378 248
person 0.0013995170593261719 41 140 122 226
person 0.0017007291316986084 307 147 373 332
person 0.0022873878479003906 43 146 156 353
person 0.00257071852684021 201 116 333 234
bottle 0.0014438629150390625 119 154 128 169
bottle 0.004503071308135986 135 171 143 190
person 0.028761863708496094 109 200 154 247
person 0.0030045807361602783 21 127 72 169
person 0.0019876956939697266 279 133 355 207
person 0.002323359251022339 74 140 145 244
person 0.002406179904937744 136 200 204 478
person 0.0017007291316986084 161 205 214 471
person 0.0011513829231262207 138 307 169 503
bottle 0.0011160969734191895 130 118 149 174
bottle 0.002641737461090088 220 243 237 299
person 0.042883336544036865 100 165 156 244
person 0.0028561055660247803 118 151 218 259
person 0.0010083019733428955 0 121 28 217
chair 0.0022170841693878174 321 202 374 475
chair 0.01196029782295227 226 451 363 499
person 0.005002021789550781 244 118 318 164
bottle 0.009054571390151978 221 244 234 276
bottle 0.008812874555587769 226 305 263 407
person 0.17895618081092834 123 127 224 304
bottle 0.36477720737457275 230 333 303 400
person 0.09946715831756592 259 118 338 195
person 0.6934729814529419 200 142 373 338
person 0.12252146005630493 125 127 224 393
tvmonitor 0.0019343793392181396 0 120 32 265
chair 0.006241738796234131 0 118 36 265
chair 0.004755467176437378 0 118 83 264
person 0.0012742578983306885 11 135 204 262
person 0.7606483697891235 123 127 224 245
person 0.029760271310806274 218 135 372 289
chair 0.001264333724975586 0 117 62 448
person 0.0042809247970581055 25 138 166 391
bottle 0.004166156053543091 218 232 238 278
bottle 0.002631455659866333 217 220 253 279
person 0.005080223083496094 102 168 134 236
pottedplant 0.06097537279129028 156 65 225 139
bottle 0.004416227340698242 145 157 154 183
person 0.001264333724975586 311 142 336 201
bottle 0.140811026096344 130 116 149 148
person 0.009936809539794922 0 115 36 241
bottle 0.0021827220916748047 134 158 143 190
chair 0.0018676519393920898 228 457 319 500
bottle 0.0015729963779449463 188 240 231 280
bottle 0.002693742513656616 203 243 232 276
bottle 0.0011513829231262207 209 201 266 290
chair 0.001714080572128296 247 142 328 195
bottle 0.0033112764358520508 100 199 156 243
person 0.007489442825317383 263 118 316 155
bottle 0.0016102492809295654 214 214 265 280
person 0.0015366971492767334 325 211 373 351
person 0.005199640989303589 97 176 172 244
person 0.0031358301639556885 113 175 187 243
bottle 0.040997445583343506 105 170 135 231
bottle 0.037750810384750366 105 189 135 231
bottle 0.00517958402633667 102 198 148 233
chair 0.0030045807361602783 315 283 371 501
chair 0.004314333200454712 334 269 374 503
bottle 0.005752265453338623 228 293 254 412
person 0.0012350976467132568 64 141 173 357
person 0.0022873878479003906 73 141 195 322
person 0.001455157995223999 189 184 285 321
person 0.004591643810272217 189 184 323 318
bottle 0.0012065470218658447 119 156 129 175
bottle 0.003537982702255249 219 240 238 331
