person 0.001674354076385498 203 266 332 500
diningtable 0.0010322332382202148 1 343 136 499
person 0.9001824855804443 158 116 253 461
chair 0.27904218435287476 262 278 332 407
bottle 0.001957029104232788 0 321 7 357
pottedplant 0.0031976401805877686 142 477 232 500
sofa 0.5448012948036194 262 279 332 406
chair 0.0032602250576019287 244 463 331 499
person 0.0015853047370910645 304 452 332 500
bottle 0.8175766468048096 28 287 54 378
person 0.004573792219161987 245 457 331 499
bottle 0.005597800016403198 89 319 107 362
person 0.0021488964557647705 246 438 332 499
person 0.0016355812549591064 300 435 331 500
bottle 0.0022519826889038086 8 303 19 356
bottle 0.005199640989303589 144 477 194 499
bottle 0.1618485450744629 0 307 13 354
bottle 0.011030197143554688 11 304 31 354
car 0.005343139171600342 42 0 114 6
car 0.0014722347259521484 60 0 111 5
car 0.001466512680053711 54 0 137 5
bottle 0.018334269523620605 4 307 16 357
chair 0.0012742578983306885 0 364 74 498
tvmonitor 0.8670357465744019 104 221 174 283
