person 0.006438493728637695 228 74 499 332
person 0.9082899689674377 331 67 499 332
person 0.0018245279788970947 0 50 72 315
person 0.947964072227478 97 86 346 332
boat 0.0013459324836730957 0 104 148 239
diningtable 0.08977669477462769 0 268 174 332
diningtable 0.014614790678024292 0 277 308 333
chair 0.001432657241821289 0 126 31 300
chair 0.002115577459335327 0 152 63 301
chair 0.0015853047370910645 0 212 63 297
chair 0.0010733604431152344 0 178 30 308
bottle 0.0016940832138061523 154 263 187 333
bottle 0.0015977323055267334 157 261 214 333
bottle 0.0030280649662017822 163 265 191 332
bottle 0.002424955368041992 166 266 224 332
bottle 0.0015307366847991943 211 277 261 332
bottle 0.0016678273677825928 164 270 318 331
bottle 0.0020666420459747314 196 277 320 331
bottle 0.05203595757484436 100 255 182 319
bottle 0.053999513387680054 97 256 255 331
chair 0.0013147294521331787 0 106 68 320
bottle 0.0019266009330749512 135 257 306 331
bottle 0.0010004639625549316 0 219 7 312
bottle 0.001432657241821289 168 298 224 332
