cow 0.037469178438186646 221 232 493 331
cow 0.0021827220916748047 136 199 360 331
cow 0.013223767280578613 344 259 498 331
cow 0.021949589252471924 215 157 347 331
person 0.04418569803237915 124 2 349 332
cow 0.009936809539794922 123 10 355 331
person 0.004399091005325317 86 3 274 331
person 0.004944056272506714 0 2 103 331
cow 0.0022607743740081787 331 69 499 266
person 0.021534323692321777 0 6 43 152
person 0.003809899091720581 487 -10 499 158
person 0.0013459324836730957 -1 3 69 165
tvmonitor 0.03079017996788025 0 9 43 244
horse 0.0011513829231262207 460 78 499 163
horse 0.006339401006698608 411 86 499 231
horse 0.008677929639816284 436 82 499 230
tvmonitor 0.001972287893295288 0 54 44 145
horse 0.004364967346191406 437 88 499 168
cow 0.007518589496612549 228 246 348 331
person 0.0010817945003509521 468 7 500 224
tvmonitor 0.00257071852684021 0 44 36 157
person 0.31742578744888306 0 5 44 327
person 0.9187756180763245 0 0 223 332
person 0.11279869079589844 -1 0 476 331
cow 0.12168478965759277 15 0 494 333
cow 0.6215409636497498 163 1 495 339
cow 0.0014438629150390625 208 0 352 51
person 0.0025212466716766357 326 121 399 331
person 0.0064885616302490234 424 2 467 79
person 0.0010526180267333984 494 10 500 158
sheep 0.001225501298904419 445 103 499 162
person 0.0013564825057983398 161 50 227 237
cow 0.0016613304615020752 259 0 352 50
person 0.001972287893295288 265 0 351 48
