pottedplant 0.004331141710281372 420 200 430 219
pottedplant 0.008380681276321411 66 38 234 157
pottedplant 0.0011971890926361084 265 235 389 288
dog 0.16940727829933167 101 284 235 317
chair 0.0014722347259521484 420 200 430 220
pottedplant 0.001225501298904419 384 233 429 288
pottedplant 0.012146621942520142 413 223 458 256
chair 0.00790780782699585 488 219 499 262
pottedplant 0.001040339469909668 394 237 429 265
pottedplant 0.007460415363311768 444 228 459 257
pottedplant 0.0022785067558288574 399 219 417 250
pottedplant 0.29259514808654785 402 218 431 251
car 0.003222525119781494 0 180 26 207
car 0.00421491265296936 0 180 46 208
chair 0.0022607743740081787 490 222 499 237
pottedplant 0.003324180841445923 153 238 205 274
pottedplant 0.3867633044719696 264 232 339 287
pottedplant 0.0463789701461792 400 212 458 256
pottedplant 0.003607630729675293 434 222 458 257
person 0.04272308945655823 55 185 67 213
car 0.8984138369560242 0 179 67 265
dog 0.0013617873191833496 107 290 153 313
chair 0.0014608204364776611 491 188 499 238
pottedplant 0.00812530517578125 352 249 384 288
