horse 0.0026727914810180664 75 141 251 381
bicycle 0.03032785654067993 259 204 329 412
bicycle 0.6967839002609253 259 201 328 310
bicycle 0.7065954804420471 0 183 82 290
bicycle 0.2358141839504242 76 144 254 372
boat 0.0010650157928466797 0 151 46 250
bicycle 0.026255786418914795 93 127 205 245
boat 0.0028228759765625 16 181 43 197
person 0.05728462338447571 0 152 41 272
bicycle 0.01883181929588318 0 162 51 270
car 0.060083746910095215 299 169 329 200
boat 0.0038546323776245117 23 184 43 197
person 0.07211530208587646 79 138 210 262
chair 0.001466512680053711 0 182 52 273
dog 0.0016102492809295654 292 232 329 308
person 0.044516921043395996 101 141 233 288
person 0.04240426421165466 295 169 329 255
bicycle 0.021534323692321777 156 151 254 288
person 0.0011558830738067627 0 164 39 229
person 0.004503071308135986 0 233 21 329
person 0.003824770450592041 270 153 329 283
person 0.010328888893127441 0 200 76 329
bicycle 0.00834837555885315 98 127 205 214
chair 0.004982620477676392 0 234 75 330
bicycle 0.6469058394432068 79 140 253 288
bicycle 0.001560807228088379 103 128 211 190
person 0.009267330169677734 0 276 75 330
person 0.752739667892456 79 134 236 381
bicycle 0.0010817945003509521 0 172 42 323
bicycle 0.006823897361755371 70 221 156 263
chair 0.006193429231643677 0 278 75 330
bicycle 0.0019876956939697266 276 203 315 257
sheep 0.001040339469909668 0 491 19 499
person 0.001040339469909668 0 257 59 328
bicycle 0.004905790090560913 107 127 182 173
person 0.0067453086376190186 0 175 28 328
bicycle 0.0022696256637573242 104 127 184 196
person 0.002958148717880249 104 127 230 186
person 0.4054486155509949 288 182 329 294
bicycle 0.0014438629150390625 40 217 154 275
bicycle 0.0020505785942077637 72 192 221 277
bicycle 0.001680910587310791 72 214 214 359
person 0.0015426874160766602 258 200 317 278
person 0.003324180841445923 275 204 314 256
person 0.0010162293910980225 0 178 42 241
bicycle 0.27669090032577515 70 170 154 275
bicycle 0.0018604099750518799 292 232 329 315
