bicycle 0.9063211679458618 91 295 293 480
car 0.00321003794670105 44 214 59 226
car 0.6619234681129456 77 206 105 227
car 0.020725667476654053 125 210 147 227
car 0.0011603832244873047 127 210 153 230
car 0.0013302266597747803 80 208 114 227
car 0.012821823358535767 120 211 144 228
pottedplant 0.001040339469909668 220 402 242 420
car 0.00406983494758606 165 169 222 190
car 0.04849517345428467 171 244 187 266
car 0.462958425283432 107 212 128 228
car 0.03732478618621826 126 210 140 224
car 0.0019799768924713135 127 206 143 222
car 0.5195213556289673 135 209 153 231
