diningtable 0.0017275214195251465 100 231 234 315
person 0.0017275214195251465 402 134 424 316
diningtable 0.5273165702819824 0 221 51 312
chair 0.005774706602096558 304 254 424 318
chair 0.0026727914810180664 346 181 424 318
chair 0.0010083019733428955 1 218 140 317
diningtable 0.3849121034145355 221 266 349 317
chair 0.013122200965881348 339 257 424 318
diningtable 0.019718080759048462 109 229 166 252
diningtable 0.004609555006027222 114 234 163 247
diningtable 0.0012943148612976074 143 238 159 246
chair 0.00386965274810791 221 294 256 318
chair 0.0038546323776245117 0 293 26 317
bottle 0.012193650007247925 0 305 26 318
chair 0.0022785067558288574 151 222 201 250
chair 0.0015487074851989746 0 200 20 293
diningtable 0.001489490270614624 0 211 14 300
chair 0.0016355812549591064 102 217 179 267
chair 0.0010817945003509521 127 218 188 240
chair 0.0025310516357421875 131 222 201 254
chair 0.02161678671836853 41 217 69 289
person 0.001069188117980957 409 238 424 317
person 0.0030162930488586426 415 231 424 318
bottle 0.006241738796234131 410 283 424 314
chair 0.004133999347686768 89 240 128 303
person 0.0014608204364776611 418 221 424 319
chair 0.007938534021377563 0 229 7 315
diningtable 0.015784263610839844 105 235 182 261
chair 0.0021912753582000732 0 237 16 314
diningtable 0.0032602250576019287 105 238 185 252
chair 0.001264333724975586 0 194 5 228
chair 0.002018868923187256 109 238 149 311
chair 0.011374980211257935 29 216 66 293
chair 0.0010902583599090576 121 241 155 311
chair 0.3032161295413971 41 215 129 307
chair 0.6959580183029175 87 241 136 314
chair 0.29259514808654785 304 257 338 284
chair 0.12940073013305664 178 223 200 250
chair 0.003899872303009033 0 203 5 230
chair 0.001069188117980957 0 205 10 228
chair 0.0015071630477905273 0 187 8 289
chair 0.0010004639625549316 0 192 26 288
chair 0.23793238401412964 232 237 259 263
chair 0.0010817945003509521 136 212 176 233
chair 0.008881211280822754 1 219 63 300
chair 0.0051396191120147705 95 237 137 296
diningtable 0.24580949544906616 98 231 189 306
chair 0.005663484334945679 147 223 224 295
chair 0.001225501298904419 128 38 234 104
chair 0.005511492490768433 104 230 139 312
chair 0.011158108711242676 98 232 143 282
diningtable 0.22135034203529358 98 231 189 278
diningtable 0.0031976401805877686 115 227 162 245
bottle 0.0029237568378448486 0 207 4 238
chair 0.01090201735496521 104 224 195 294
chair 0.019269704818725586 192 238 260 317
chair 0.00276830792427063 303 257 350 313
person 0.003123670816421509 409 172 424 315
chair 0.4863315224647522 117 235 191 309
diningtable 0.3665890693664551 152 244 259 318
chair 0.0034696757793426514 226 237 268 312
chair 0.8221883177757263 0 240 52 311
bottle 0.005322486162185669 0 208 4 247
tvmonitor 0.0011558830738067627 135 213 176 234
chair 0.004198610782623291 0 258 16 318
chair 0.0045206546783447266 0 270 26 318
chair 0.9118072390556335 143 262 195 318
chair 0.0045206546783447266 0 242 9 313
chair 0.0030516982078552246 0 208 8 311
chair 0.003930270671844482 0 217 19 308
diningtable 0.0028784871101379395 114 238 178 307
chair 0.028761863708496094 153 251 260 318
chair 0.004102110862731934 289 258 348 317
chair 0.0031115710735321045 340 280 425 318
diningtable 0.0076958537101745605 342 281 424 318
chair 0.03067392110824585 0 305 26 317
chair 0.0010485053062438965 0 304 38 318
chair 0.004609555006027222 303 256 389 317
chair 0.003298431634902954 215 272 262 317
