motorbike 0.19314685463905334 60 184 169 241
motorbike 0.019793838262557983 59 180 206 266
motorbike 0.710628867149353 176 180 308 284
motorbike 0.004416227340698242 57 176 254 272
motorbike 0.9441742897033691 250 177 403 305
person 0.0013147294521331787 51 174 78 223
person 0.012971192598342896 115 161 137 259
person 0.0019117295742034912 159 182 206 237
person 0.0020346641540527344 161 182 219 226
motorbike 0.006771385669708252 197 179 273 222
motorbike 0.015129566192626953 239 180 307 220
car 0.7577925324440002 164 162 273 199
person 0.6406351923942566 268 142 291 192
person 0.5292633771896362 286 143 308 193
person 0.0025115013122558594 82 149 113 205
car 0.022629231214523315 166 165 220 197
motorbike 0.028115570545196533 51 170 92 245
motorbike 0.03919273614883423 54 166 103 247
person 0.0012692809104919434 159 183 204 261
person 0.0010817945003509521 161 183 220 256
motorbike 0.01764485239982605 153 182 258 225
motorbike 0.0023782849311828613 343 203 422 272
motorbike 0.004102110862731934 124 183 197 279
motorbike 0.015723586082458496 234 180 310 242
person 0.0017684698104858398 282 144 325 210
car 0.005040973424911499 56 156 170 246
motorbike 0.002341538667678833 69 155 128 277
motorbike 0.3867633044719696 160 185 220 271
motorbike 0.014784276485443115 161 208 206 270
motorbike 0.46684539318084717 162 184 252 278
motorbike 0.0016292035579681396 241 181 333 291
motorbike 0.0012159943580627441 221 199 277 282
motorbike 0.013377547264099121 187 220 257 286
motorbike 0.08328992128372192 140 184 203 273
motorbike 0.002958148717880249 206 183 274 249
motorbike 0.0020346641540527344 251 180 392 276
motorbike 0.004007279872894287 14 176 95 238
motorbike 0.22269964218139648 60 181 122 243
person 0.8116765022277832 83 150 121 277
motorbike 0.002590775489807129 333 177 422 266
person 0.004166156053543091 51 173 89 223
motorbike 0.0018969178199768066 53 168 94 219
person 0.0010860264301300049 253 179 275 202
person 0.0010567307472229004 254 179 303 204
person 0.0016483962535858154 252 178 305 214
motorbike 0.004609555006027222 255 153 306 216
person 0.8783152103424072 115 147 167 291
person 0.062328606843948364 264 143 303 197
person 0.0014104843139648438 232 178 309 212
motorbike 0.001957029104232788 386 236 423 261
motorbike 0.29583969712257385 60 191 94 244
person 0.0011879205703735352 82 153 103 215
car 0.0032476186752319336 163 176 207 200
person 0.02112632989883423 258 143 305 208
motorbike 0.006850332021713257 205 179 307 227
person 0.020646393299102783 263 150 308 216
motorbike 0.21866926550865173 13 153 88 237
person 0.016722261905670166 272 142 290 170
motorbike 0.001560807228088379 181 186 254 255
motorbike 0.007786005735397339 163 164 272 231
motorbike 0.025662213563919067 163 180 307 232
motorbike 0.010409027338027954 190 180 306 241
motorbike 0.0016613304615020752 24 194 73 236
