pottedplant 0.035146862268447876 38 111 254 351
pottedplant 0.001560807228088379 196 105 275 351
pottedplant 0.0013778507709503174 28 117 173 351
pottedplant 0.0015130341053009033 60 213 189 351
pottedplant 0.008252084255218506 48 184 265 351
pottedplant 0.004054129123687744 70 248 171 351
pottedplant 0.004198610782623291 63 249 216 351
pottedplant 0.0028339028358459473 163 231 273 351
pottedplant 0.001178741455078125 25 258 189 351
pottedplant 0.0030516982078552246 88 280 270 351
pottedplant 0.0023782849311828613 53 99 103 164
pottedplant 0.0015977323055267334 196 76 269 184
pottedplant 0.0010043680667877197 180 92 265 183
pottedplant 0.005490154027938843 56 97 101 146
pottedplant 0.008380681276321411 58 73 102 148
pottedplant 0.0026520490646362305 70 96 94 149
cow 0.0017275214195251465 79 0 215 123
pottedplant 0.06210097670555115 180 134 216 185
pottedplant 0.003185272216796875 11 133 37 224
horse 0.0029812753200531006 70 0 213 127
pottedplant 0.012971192598342896 217 293 248 352
pottedplant 0.0018033087253570557 32 95 47 127
pottedplant 0.016215503215789795 40 97 58 125
pottedplant 0.003235042095184326 253 303 272 334
pottedplant 0.004468142986297607 148 279 232 351
pottedplant 0.004102110862731934 161 283 251 351
pottedplant 0.003765672445297241 218 322 273 351
pottedplant 0.0011031031608581543 12 38 121 348
pottedplant 0.00941208004951477 118 238 156 292
pottedplant 0.0012544989585876465 160 304 266 351
person 0.0021321773529052734 141 0 214 69
person 0.00185316801071167 202 0 273 51
pottedplant 0.0010162293910980225 243 304 272 352
cow 0.001466512680053711 200 0 269 130
pottedplant 0.0024921000003814697 254 306 274 350
bird 0.0020585954189300537 18 281 71 351
bird 0.005597800016403198 118 237 157 293
pottedplant 0.0012350976467132568 11 39 36 74
pottedplant 0.0010362863540649414 82 236 156 299
person 0.0027148425579071045 141 0 218 120
horse 0.05749580264091492 63 34 150 126
horse 0.0020505785942077637 66 1 168 127
person 0.0016102492809295654 162 0 246 121
pottedplant 0.0015071630477905273 69 153 116 177
person 0.002693742513656616 200 0 274 109
pottedplant 0.029872894287109375 63 35 150 127
cat 0.007431507110595703 65 36 149 129
person 0.014282047748565674 231 0 274 33
person 0.024421334266662598 231 0 275 111
cow 0.19193220138549805 144 0 230 129
pottedplant 0.003298431634902954 70 154 95 176
person 0.0035935938358306885 12 39 36 74
pottedplant 0.0016874969005584717 228 339 274 351
pottedplant 0.0033632218837738037 236 342 273 351
pottedplant 0.0013044774532318115 12 40 58 134
pottedplant 0.0034561753273010254 243 343 271 351
pottedplant 0.0015366971492767334 11 286 68 351
pottedplant 0.02931046485900879 62 34 104 153
pottedplant 0.0017963051795959473 86 295 177 351
pottedplant 0.0010775625705718994 107 288 204 351
pottedplant 0.0016874969005584717 227 328 252 351
pottedplant 0.0018676519393920898 230 329 258 351
pottedplant 0.3867633044719696 172 282 223 351
pottedplant 0.029089927673339844 243 331 272 351
pottedplant 0.004982620477676392 217 288 275 351
pottedplant 0.0015791356563568115 119 253 184 351
pottedplant 0.0011248290538787842 24 65 59 128
pottedplant 0.0013564825057983398 37 72 58 126
pottedplant 0.0011248290538787842 107 343 182 351
cow 0.023419708013534546 189 35 233 128
chair 0.002757549285888672 76 244 156 334
pottedplant 0.001111745834350586 12 28 80 134
pottedplant 0.0020346641540527344 53 105 74 143
pottedplant 0.0017410516738891602 214 243 252 351
pottedplant 0.0030045807361602783 216 249 274 352
pottedplant 0.005322486162185669 12 91 26 133
cow 0.04903769493103027 152 31 235 130
pottedplant 0.0030045807361602783 247 323 274 351
cow 0.0010322332382202148 202 36 260 127
pottedplant 0.0028118789196014404 65 83 98 146
pottedplant 0.003524214029312134 12 113 25 133
pottedplant 0.0010043680667877197 11 39 38 129
