chair 0.0015071630477905273 100 111 479 275
chair 0.005752265453338623 159 171 477 275
chair 0.14854195713996887 243 48 499 274
person 0.9439679384231567 0 33 189 259
person 0.9302027225494385 133 6 320 275
person 0.9176012277603149 264 10 498 276
chair 0.019869893789291382 400 45 499 273
chair 0.005119770765304565 0 114 193 268
diningtable 0.0016165375709533691 0 143 205 276
bottle 0.02386951446533203 93 74 129 127
chair 0.009633511304855347 381 48 496 183
pottedplant 0.0010733604431152344 19 81 43 136
dog 0.0016355812549591064 58 75 134 132
bottle 0.009019583463668823 109 36 141 92
chair 0.0024344027042388916 474 213 498 276
diningtable 0.0012742578983306885 0 224 182 276
diningtable 0.0011971890926361084 0 240 202 276
person 0.07185441255569458 65 31 144 134
chair 0.002901047468185425 0 137 7 216
person 0.0010567307472229004 391 37 498 188
chair 0.02056744694709778 327 190 473 276
chair 0.005554467439651489 422 49 498 206
chair 0.0013995170593261719 474 185 497 276
chair 0.00369301438331604 432 48 499 260
diningtable 0.0028339028358459473 0 132 19 244
chair 0.0010733604431152344 0 133 66 249
chair 0.0026520490646362305 0 135 8 246
person 0.00321003794670105 30 31 166 180
sofa 0.8749375343322754 2 42 498 271
person 0.001388639211654663 0 139 7 254
dog 0.0012447535991668701 47 92 138 138
person 0.0033501386642456055 106 75 190 168
person 0.003621727228164673 0 167 5 257
person 0.001020193099975586 0 174 12 249
bottle 0.002693742513656616 102 46 176 120
chair 0.0015729963779449463 0 125 15 250
bottle 0.0010817945003509521 427 114 460 150
chair 0.0030045807361602783 0 118 6 210
chair 0.00284498929977417 0 123 25 212
chair 0.0011074244976043701 0 128 38 212
chair 0.00118333101272583 0 127 56 222
bottle 0.05500715970993042 103 53 136 127
bottle 0.010091900825500488 103 55 159 123
bottle 0.006771385669708252 97 69 178 120
bottle 0.003510504961013794 87 45 140 130
dog 0.0017615854740142822 96 74 183 124
diningtable 0.01596766710281372 0 129 29 223
diningtable 0.0016940832138061523 0 129 62 223
chair 0.0010817945003509521 0 131 166 218
