tvmonitor 0.0015426874160766602 344 85 417 399
chair 0.0010083019733428955 78 261 272 477
person 0.9114924669265747 52 85 275 468
bottle 0.006463468074798584 179 410 206 445
pottedplant 0.002415567636489868 240 269 322 437
pottedplant 0.0010775625705718994 7 266 96 442
sheep 0.003678649663925171 136 338 203 395
person 0.008252084255218506 179 310 275 456
chair 0.0021488964557647705 185 310 275 452
dog 0.005384683609008789 137 338 204 395
person 0.003565669059753418 136 321 254 428
pottedplant 0.0010567307472229004 7 200 64 402
person 0.014118820428848267 304 6 320 35
