person 0.0022696256637573242 365 3 499 333
cow 0.0025212466716766357 219 185 414 283
cow 0.7065954804420471 216 185 346 328
car 0.0017684698104858398 217 183 416 281
motorbike 0.0018245279788970947 367 244 498 331
motorbike 0.049402832984924316 366 139 499 331
person 0.020885050296783447 206 150 236 200
pottedplant 0.0011160969734191895 240 109 253 148
person 0.0011248290538787842 138 84 161 116
person 0.003298431634902954 186 153 219 215
cow 0.14804434776306152 276 193 347 327
chair 0.003565669059753418 366 231 496 331
horse 0.0023968517780303955 276 193 346 329
chair 0.001225501298904419 454 195 499 331
pottedplant 0.005619615316390991 239 96 250 146
chair 0.004718571901321411 474 200 499 331
chair 0.0023690462112426758 474 251 499 333
person 0.6388348937034607 202 150 232 215
cow 0.003884732723236084 265 185 374 264
cow 0.003222525119781494 268 186 372 227
person 0.6636692881584167 185 149 206 218
chair 0.0011513829231262207 185 154 204 215
person 0.012674123048782349 185 149 204 196
person 0.008413106203079224 204 150 228 192
person 0.004150032997131348 219 150 244 190
person 0.0010083019733428955 224 151 251 190
person 0.0011513829231262207 186 149 201 170
pottedplant 0.0025508105754852295 184 102 203 132
chair 0.0010902583599090576 0 187 32 238
cow 0.005322486162185669 276 193 345 289
person 0.0015010833740234375 189 149 206 191
pottedplant 0.0010485053062438965 239 97 250 132
cow 0.0025212466716766357 286 188 370 218
person 0.0037074387073516846 467 20 499 288
