person 0.9210770130157471 378 122 499 317
person 0.9108598232269287 0 115 163 309
diningtable 0.8832350969314575 30 144 470 374
person 0.010571062564849854 0 164 58 372
person 0.0011513829231262207 90 76 177 160
person 0.692642092704773 329 83 380 173
person 0.23651883006095886 121 80 191 162
person 0.3849121034145355 145 81 189 159
chair 0.0012350976467132568 123 114 174 195
bottle 0.014173001050949097 224 109 265 151
bottle 0.001432657241821289 242 112 271 151
bottle 0.00916031002998352 248 184 267 244
chair 0.014955878257751465 123 68 150 115
bottle 0.006564319133758545 118 104 161 157
person 0.0018245279788970947 128 80 177 120
chair 0.04418569803237915 107 142 155 216
person 0.005405604839324951 110 100 188 181
chair 0.007065832614898682 444 169 499 367
chair 0.0014382600784301758 126 145 201 208
person 0.007288604974746704 476 157 499 379
bottle 0.0028561055660247803 231 118 247 139
bottle 0.498046875 210 200 232 261
bottle 0.03346338868141174 230 181 247 251
chair 0.004331141710281372 484 106 499 200
bottle 0.007877200841903687 254 118 267 152
bottle 0.0031115710735321045 312 186 332 251
person 0.012240886688232422 11 109 149 211
chair 0.02479657530784607 102 126 154 208
chair 0.7090195417404175 0 254 64 374
person 0.6791782379150391 91 101 171 209
person 0.0060506463050842285 0 170 24 305
chair 0.008380681276321411 128 138 155 207
bottle 0.001449495553970337 189 152 206 209
diningtable 0.047604769468307495 129 142 362 228
bottle 0.15610283613204956 202 141 221 207
person 0.004331141710281372 438 128 499 332
bottle 0.0060506463050842285 117 107 146 156
person 0.005842477083206177 467 108 499 371
bottle 0.00812530517578125 108 102 166 164
person 0.024235934019088745 0 118 25 395
chair 0.007345408201217651 491 105 500 220
person 0.909582793712616 288 82 425 226
chair 0.014727562665939331 0 178 77 362
person 0.0013832449913024902 127 101 186 165
bottle 0.004700213670730591 232 119 254 139
bottle 0.019793838262557983 242 119 255 147
diningtable 0.08882337808609009 130 142 370 270
pottedplant 0.004718571901321411 0 0 30 174
person 0.007786005735397339 122 80 179 150
chair 0.5888890027999878 444 254 499 374
person 0.005490154027938843 122 59 150 111
chair 0.042245686054229736 303 105 367 172
bottle 0.004468142986297607 266 194 290 247
chair 0.0010988116264343262 489 105 499 285
bottle 0.001264333724975586 249 210 271 248
bottle 0.13846442103385925 298 188 330 246
person 0.0017823278903961182 474 95 499 321
bottle 0.0048677921295166016 230 195 248 263
chair 0.37937840819358826 306 107 342 158
person 0.013122200965881348 0 91 47 348
chair 0.0010322332382202148 6 170 157 309
chair 0.0010988116264343262 485 275 500 376
bottle 0.0021912753582000732 245 115 256 185
bottle 0.0011513829231262207 336 138 366 174
bottle 0.0037219226360321045 229 228 247 262
chair 0.0028561055660247803 405 173 499 319
chair 0.0057077109813690186 475 254 499 374
chair 0.0017893016338348389 0 282 22 373
person 0.001178741455078125 0 192 26 330
person 0.01698121428489685 0 115 73 374
chair 0.009089648723602295 0 159 83 322
bottle 0.0029466450214385986 104 113 147 169
bottle 0.003285646438598633 115 111 150 173
person 0.8774785399436951 218 49 284 148
chair 0.004830062389373779 73 114 152 235
bottle 0.002725452184677124 113 107 160 181
chair 0.014118820428848267 83 164 162 220
chair 0.006615281105041504 108 149 186 222
chair 0.013795614242553711 287 105 364 203
diningtable 0.006640911102294922 132 141 205 226
chair 0.012146621942520142 291 90 382 209
bottle 0.0249863862991333 241 119 255 163
bottle 0.013585120439529419 205 151 224 209
person 0.02096518874168396 291 83 381 209
chair 0.0027148425579071045 59 140 162 267
chair 0.004538297653198242 76 166 164 242
chair 0.0034561753273010254 105 165 189 227
diningtable 0.0064885616302490234 133 143 249 224
diningtable 0.0017342865467071533 156 165 244 227
bottle 0.12336331605911255 230 181 246 228
pottedplant 0.010170340538024902 0 0 32 76
chair 0.004556000232696533 86 130 134 215
person 0.007460415363311768 79 109 144 214
chair 0.00790780782699585 93 104 166 216
chair 0.04385673999786377 112 163 155 217
chair 0.0012994110584259033 118 133 201 225
person 0.0018388032913208008 377 122 464 242
chair 0.0013564825057983398 485 104 499 285
chair 0.008284062147140503 74 160 132 212
chair 0.06278634071350098 91 167 139 215
bottle 0.0016613304615020752 249 203 267 247
bottle 0.004450768232345581 265 189 286 239
chair 0.0014382600784301758 117 146 171 219
bottle 0.0010860264301300049 194 155 207 215
bottle 0.010209739208221436 204 158 218 208
bottle 0.016153186559677124 205 163 221 206
bottle 0.007547855377197266 214 167 223 205
bottle 0.0030280649662017822 230 181 245 210
chair 0.0017410516738891602 482 115 499 254
chair 0.005261063575744629 493 113 500 261
chair 0.011418908834457397 75 169 111 212
person 0.8469594717025757 87 44 130 140
pottedplant 0.0045206546783447266 0 0 31 119
