bird 0.00391504168510437 352 56 500 335
bird 0.31997090578079224 437 53 499 338
bird 0.002314329147338867 483 92 499 202
bird 0.009267330169677734 458 60 499 201
pottedplant 0.002912372350692749 0 0 66 178
bird 0.001489490270614624 190 -90 497 0
bird 0.8840374946594238 0 18 353 375
bird 0.001477956771850586 0 46 33 333
bird 0.004792630672454834 446 89 500 174
bird 0.004645615816116333 481 59 499 182
bird 0.002074718475341797 486 56 499 181
pottedplant 0.001012265682220459 0 244 5 295
bird 0.026964962482452393 444 122 499 179
bird 0.0016228556632995605 0 1 81 186
bird 0.00874510407447815 462 62 499 133
