person 0.022287070751190186 177 59 500 374
person 0.0010650157928466797 0 8 92 372
person 0.0011925697326660156 0 12 132 373
person 0.9001824855804443 0 -3 321 373
person 0.037469178438186646 31 51 499 374
person 0.9396899938583374 304 55 499 373
cat 0.001489490270614624 0 -21 54 223
person 0.0010004639625549316 5 -121 470 24
person 0.039487868547439575 413 -3 499 374
person 0.0016613304615020752 330 0 500 150
person 0.001524806022644043 0 5 54 367
person 0.001831650733947754 302 0 500 112
person 0.010611921548843384 407 0 499 147
person 0.16344508528709412 410 0 499 66
