chair 0.001178741455078125 33 245 217 499
chair 0.0548042356967926 38 234 330 499
bicycle 0.014502942562103271 30 35 334 502
chair 0.00941208004951477 32 47 333 499
bicycle 0.0011879205703735352 145 75 213 311
bicycle 0.15253505110740662 49 4 216 296
bicycle 0.05203595757484436 144 25 271 290
person 0.8803843259811401 163 0 321 297
bicycle 0.5736782550811768 130 30 218 292
bicycle 0.004792630672454834 157 11 320 299
pottedplant 0.0021912753582000732 321 0 332 5
chair 0.0011971890926361084 319 0 332 14
