person 0.917008101940155 115 131 190 331
horse 0.0010485053062438965 36 144 57 208
car 0.0015366971492767334 264 76 328 126
person 0.009821981191635132 0 156 6 205
bicycle 0.0013564825057983398 0 154 16 199
car 0.001831650733947754 264 87 305 126
bottle 0.001040339469909668 192 236 210 285
bottle 0.0012302696704864502 157 255 173 273
person 0.806853175163269 20 129 60 209
train 0.5136684775352478 301 0 499 223
bottle 0.0026727914810180664 190 187 210 287
train 0.8808004856109619 13 0 498 296
person 0.022287070751190186 170 177 209 287
person 0.001560807228088379 0 154 16 184
person 0.005490154027938843 19 131 41 181
person 0.012971192598342896 20 129 57 178
bottle 0.0029237568378448486 192 216 211 286
person 0.045186132192611694 0 154 6 185
person 0.04161706566810608 8 157 20 185
person 0.003678649663925171 0 155 9 211
person 0.0021912753582000732 84 97 99 146
person 0.0022519826889038086 0 154 8 241
person 0.002115577459335327 152 127 205 294
person 0.001489490270614624 18 155 29 181
person 0.0015071630477905273 19 134 35 180
person 0.002323359251022339 5 154 21 197
