person 0.8665844798088074 158 293 266 447
person 0.08180961012840271 1 271 125 499
car 0.0010162293910980225 13 381 299 499
car 0.0016228556632995605 50 425 297 499
chair 0.0099753737449646 144 478 294 500
person 0.5136684775352478 56 271 127 394
chair 0.03993484377861023 1 316 123 499
sofa 0.0024438798427581787 159 336 300 476
chair 0.010652929544448853 159 362 295 490
chair 0.0010567307472229004 115 307 135 357
cat 0.009195834398269653 114 0 209 16
bottle 0.0013302266597747803 224 315 236 358
chair 0.0010004639625549316 84 313 120 400
tvmonitor 0.19682586193084717 157 476 290 500
pottedplant 0.12421029806137085 128 292 157 367
chair 0.0030045807361602783 218 377 265 404
bottle 0.001264333724975586 256 366 290 403
tvmonitor 0.0099753737449646 265 365 296 402
chair 0.007232218980789185 178 408 238 478
person 0.006564319133758545 56 273 115 336
pottedplant 0.004247784614562988 0 95 35 153
chair 0.0021321773529052734 211 378 264 410
chair 0.004944056272506714 204 338 299 437
chair 0.05582568049430847 56 271 127 405
tvmonitor 0.00118333101272583 233 290 279 351
tvmonitor 0.3593648076057434 259 291 312 353
person 0.0010241866111755371 258 329 307 405
person 0.003899872303009033 242 349 294 400
chair 0.0012594163417816162 44 308 122 413
car 0.0018604099750518799 175 251 214 266
chair 0.0021321773529052734 75 316 122 405
chair 0.001012265682220459 0 423 121 499
tvmonitor 0.002359837293624878 306 317 373 445
chair 0.008284062147140503 52 272 124 453
chair 0.001040339469909668 249 357 296 402
chair 0.0012018680572509766 77 301 129 398
person 0.0012692809104919434 268 356 306 396
chair 0.0021488964557647705 76 315 121 465
chair 0.0042809247970581055 204 372 265 442
chair 0.0010241866111755371 258 357 306 431
person 0.009195834398269653 44 270 119 342
pottedplant 0.0020346641540527344 66 268 139 362
pottedplant 0.5755879282951355 122 259 157 370
pottedplant 0.0013564825057983398 122 265 204 366
chair 0.0013778507709503174 175 293 238 369
tvmonitor 0.3849121034145355 233 291 313 353
tvmonitor 0.0017684698104858398 270 291 355 323
tvmonitor 0.007725805044174194 163 485 279 499
person 0.004573792219161987 173 293 251 377
chair 0.0032602250576019287 183 293 261 375
tvmonitor 0.0022873878479003906 343 324 374 450
chair 0.005343139171600342 158 352 243 491
chair 0.031736671924591064 172 375 282 480
chair 0.021782606840133667 205 376 296 476
chair 0.015483170747756958 226 390 306 495
person 0.001477956771850586 243 348 292 379
chair 0.006463468074798584 197 377 274 450
chair 0.010368883609771729 207 376 299 445
chair 0.009195834398269653 208 362 302 458
chair 0.0024438798427581787 239 357 307 457
tvmonitor 0.002641737461090088 348 322 374 407
chair 0.0017275214195251465 259 347 307 458
pottedplant 0.02920001745223999 279 244 342 297
person 0.003324180841445923 30 270 116 318
bottle 0.06278634071350098 0 163 11 202
pottedplant 0.0021321773529052734 121 260 158 314
cat 0.004886746406555176 135 0 181 15
cat 0.003607630729675293 133 0 199 15
bird 0.0011879205703735352 93 0 192 16
bird 0.0026110410690307617 132 0 176 15
bird 0.0010860264301300049 122 0 226 17
