bird 0.004905790090560913 0 141 36 367
bird 0.003160238265991211 289 106 499 291
bird 0.001904308795928955 350 52 500 293
bird 0.001289278268814087 0 57 103 322
bird 0.07423233985900879 289 173 499 292
dog 0.07892298698425293 0 45 39 350
bird 0.0012065470218658447 440 177 483 224
bird 0.0015668869018554688 329 -148 503 122
bird 0.9319590330123901 143 163 307 265
bird 0.002018868923187256 0 202 36 285
bird 0.004102110862731934 0 10 65 293
bird 0.0014215409755706787 371 176 491 294
cat 0.03067392110824585 0 88 37 286
bird 0.0019876956939697266 189 0 254 50
car 0.002912372350692749 363 176 493 294
person 0.0011336207389831543 485 92 499 291
bird 0.07056248188018799 0 84 39 284
