person 0.0023782849311828613 246 199 397 372
chair 0.006719321012496948 315 202 406 370
chair 0.007938534021377563 447 197 499 373
person 0.8402605056762695 135 255 293 373
diningtable 0.01596766710281372 206 215 372 374
chair 0.004944056272506714 251 208 407 373
chair 0.03527957201004028 426 204 499 373
person 0.008576959371566772 298 143 452 281
chair 0.0023052990436553955 0 51 188 359
chair 0.0250818133354187 82 146 190 267
person 0.7225266695022583 0 4 97 374
chair 0.006692379713058472 91 146 215 334
chair 0.01048976182937622 94 152 304 334
person 0.016916126012802124 95 164 301 332
person 0.6067314743995667 297 149 396 357
person 0.41774630546569824 372 125 449 324
person 0.003621727228164673 0 18 196 372
person 0.006193429231643677 92 173 199 326
person 0.04240426421165466 480 109 499 360
person 0.0019876956939697266 77 120 195 357
person 0.047247886657714844 93 225 204 343
person 0.16026467084884644 97 226 271 350
diningtable 0.651354193687439 102 204 378 373
pottedplant 0.001591503620147705 81 32 109 73
chair 0.001591503620147705 93 179 134 232
bottle 0.0013096034526824951 492 23 500 79
person 0.001524806022644043 418 187 446 254
bottle 0.0015130341053009033 441 143 468 169
person 0.0012742578983306885 235 239 294 334
person 0.006003767251968384 416 154 474 221
person 0.00276830792427063 486 139 499 258
chair 0.050141364336013794 375 199 422 322
dog 0.008511096239089966 120 223 225 369
tvmonitor 0.0013940632343292236 480 167 499 287
person 0.27513012290000916 371 125 472 253
tvmonitor 0.0019876956939697266 480 201 499 324
chair 0.0011694133281707764 0 18 174 307
bottle 0.002746790647506714 155 160 178 204
person 0.08210369944572449 116 225 228 373
chair 0.012335866689682007 354 205 427 346
chair 0.014898449182510376 307 199 422 324
pottedplant 0.001264333724975586 121 2 184 97
tvmonitor 0.1841798722743988 208 10 261 73
dog 0.004450768232345581 106 224 218 343
chair 0.0011879205703735352 426 209 489 280
person 0.009898394346237183 491 113 500 249
person 0.179530531167984 417 148 473 256
person 0.0076958537101745605 468 115 499 316
person 0.001489490270614624 136 228 211 302
dog 0.003075540065765381 143 228 218 302
person 0.020885050296783447 484 80 499 320
person 0.00257071852684021 69 209 153 373
chair 0.0017684698104858398 480 160 499 294
person 0.006589770317077637 487 160 500 288
person 0.007402688264846802 481 154 499 284
person 0.009303301572799683 189 56 206 73
bottle 0.0010902583599090576 441 144 457 165
chair 0.001477956771850586 69 142 114 244
person 0.010652929544448853 90 147 195 272
person 0.1655934751033783 297 149 388 261
chair 0.002935171127319336 396 161 486 321
bottle 0.0012594163417816162 491 0 499 34
chair 0.001466512680053711 470 134 499 356
pottedplant 0.008677929639816284 154 4 185 52
diningtable 0.002003192901611328 90 221 198 333
person 0.002074718475341797 150 204 316 335
chair 0.0022519826889038086 286 319 419 374
chair 0.004133999347686768 359 321 418 374
person 0.0011031031608581543 69 280 143 374
chair 0.0011879205703735352 238 311 419 374
bottle 0.06512489914894104 317 242 340 287
chair 0.0011971890926361084 482 230 499 376
chair 0.002560734748840332 490 229 500 377
person 0.0015853047370910645 67 261 173 374
dog 0.0034832358360290527 150 224 205 298
person 0.019195973873138428 492 151 500 264
chair 0.004573792219161987 63 141 139 235
person 0.7248698472976685 110 144 189 227
person 0.018759876489639282 111 146 225 227
person 0.2759098410606384 372 124 432 258
chair 0.007345408201217651 85 144 183 235
person 0.003824770450592041 108 148 319 235
person 0.0013459324836730957 191 174 317 241
person 0.018404453992843628 311 125 429 266
person 0.018616825342178345 488 65 499 318
chair 0.0060506463050842285 90 172 187 251
person 0.002867281436920166 307 147 427 231
