pottedplant 0.9235905408859253 284 103 448 303
pottedplant 0.0012302696704864502 286 35 499 309
pottedplant 0.0011971890926361084 473 35 499 345
pottedplant 0.001524806022644043 0 35 79 355
pottedplant 0.0013778507709503174 286 83 410 175
pottedplant 0.0011558830738067627 324 103 414 205
pottedplant 0.002779155969619751 0 59 17 252
pottedplant 0.0013250410556793213 0 61 41 271
pottedplant 0.003809899091720581 4 87 96 302
pottedplant 0.0018676519393920898 287 103 404 171
pottedplant 0.0010860264301300049 480 8 500 242
pottedplant 0.005343139171600342 429 64 499 229
bird 0.001335442066192627 20 -143 454 6
pottedplant 0.001388639211654663 0 3 268 317
pottedplant 0.0018245279788970947 0 208 59 372
pottedplant 0.0023782849311828613 459 3 499 257
pottedplant 0.0069571733474731445 443 2 499 146
pottedplant 0.0010902583599090576 0 21 189 319
pottedplant 0.0029812753200531006 399 286 469 374
pottedplant 0.0018103718757629395 0 38 138 319
pottedplant 0.8587157726287842 50 70 266 324
pottedplant 0.005261063575744629 447 198 499 344
pottedplant 0.005511492490768433 283 110 341 266
pottedplant 0.002912372350692749 285 107 387 261
pottedplant 0.0014438629150390625 0 65 14 303
chair 0.004503071308135986 387 9 462 76
pottedplant 0.0010083019733428955 435 114 499 305
pottedplant 0.0018103718757629395 453 100 499 323
pottedplant 0.003075540065765381 285 111 346 170
pottedplant 0.027903079986572266 375 0 462 75
