train 0.0022519826889038086 161 11 292 498
train 0.01292121410369873 255 15 446 487
train 0.005261063575744629 95 8 278 499
train 0.006413578987121582 255 241 271 292
train 0.2853715419769287 200 126 222 188
train 0.015364378690719604 204 175 222 187
pottedplant 0.004905790090560913 256 261 269 294
train 0.007316946983337402 255 255 269 294
bus 0.05281311273574829 202 127 221 188
train 0.0019191503524780273 200 64 255 201
pottedplant 0.0021488964557647705 256 268 268 294
train 0.003147989511489868 197 31 283 501
train 0.0016355812549591064 108 302 185 445
train 0.2043420374393463 202 139 221 186
train 0.0016165375709533691 202 144 244 191
train 0.0012842416763305664 209 147 240 187
train 0.0030516982078552246 221 143 246 201
train 0.17553958296775818 203 152 221 186
