cat 0.013901978731155396 110 127 456 337
dog 0.6943025588989258 22 3 468 374
cat 0.007725805044174194 270 128 346 182
bottle 0.005261063575744629 184 84 220 136
person 0.002359837293624878 99 -102 439 58
person 0.004944056272506714 29 -100 414 128
cat 0.0010362863540649414 268 128 404 180
chair 0.004166156053543091 209 1 500 372
person 0.0019954144954681396 64 0 358 136
person 0.015784263610839844 183 0 354 134
person 0.0013564825057983398 220 0 355 71
person 0.0026623904705047607 6 1 488 370
cat 0.0020346641540527344 290 137 450 299
person 0.0015307366847991943 271 0 355 72
