bicycle 0.0019876956939697266 99 154 331 465
bicycle 0.00406983494758606 0 194 134 435
bicycle 0.23092201352119446 0 198 128 350
bicycle 0.816990852355957 2 160 331 486
train 0.0010083019733428955 126 0 324 35
bicycle 0.004792630672454834 173 170 331 310
bicycle 0.00391504168510437 16 118 123 287
bicycle 0.0017684698104858398 8 119 187 280
bicycle 0.6057989597320557 1 0 330 476
bicycle 0.003664344549179077 12 233 72 280
bicycle 0.001957029104232788 38 200 201 405
bicycle 0.002453356981277466 25 229 88 280
bicycle 0.006003767251968384 -2 213 219 421
boat 0.001146942377090454 171 0 295 26
bicycle 0.04069101810455322 1 198 100 286
bicycle 0.004468142986297607 0 213 83 341
bicycle 0.012821823358535767 1 212 95 305
boat 0.0013995170593261719 205 0 313 20
boat 0.0014104843139648438 220 0 331 16
