train 0.002115577459335327 425 70 500 157
bus 0.0012447535991668701 0 91 9 175
bus 0.9317106008529663 44 56 457 202
person 0.001560807228088379 0 101 5 207
bus 0.002199828624725342 0 75 6 191
bus 0.0035935938358306885 0 80 12 186
bus 0.0012447535991668701 325 69 498 159
train 0.004022836685180664 384 69 499 157
train 0.005774706602096558 447 72 499 157
bicycle 0.0011336207389831543 493 164 500 219
bus 0.01524651050567627 11 94 43 166
bicycle 0.0013778507709503174 494 147 500 223
person 0.0016228556632995605 0 93 4 176
bus 0.004609555006027222 27 108 41 159
bus 0.0010988116264343262 30 95 42 159
person 0.0017547309398651123 494 129 500 227
