bird 0.3015681505203247 11 12 389 373
bird 0.1980639398097992 191 23 404 369
bird 0.11009037494659424 288 117 407 370
cat 0.14608708024024963 291 117 408 369
bird 0.002757549285888672 120 145 392 374
cat 0.0023052990436553955 192 47 313 272
bird 0.002003192901611328 86 190 304 377
boat 0.001146942377090454 3 1 436 373
bird 0.5204963684082031 191 25 318 278
bird 0.1835937798023224 191 27 355 305
person 0.0012594163417816162 490 265 500 376
person 0.0013778507709503174 197 190 325 374
bird 0.0015487074851989746 0 102 9 221
cat 0.028437048196792603 290 134 394 327
tvmonitor 0.0010650157928466797 474 192 499 326
