chair 0.013742715120315552 197 133 476 371
person 0.0011336207389831543 0 169 77 372
chair 0.003123670816421509 0 302 159 373
chair 0.008611321449279785 202 252 488 372
chair 0.020488768815994263 0 366 19 373
chair 0.010209739208221436 0 347 23 373
boat 0.0010902583599090576 210 359 277 372
car 0.002631455659866333 237 360 281 372
chair 0.0033763349056243896 0 297 13 351
chair 0.020488768815994263 0 331 12 373
chair 0.0013995170593261719 0 330 39 373
pottedplant 0.018474966287612915 487 174 499 288
person 0.0013147294521331787 0 173 9 312
chair 0.005405604839324951 0 301 23 363
bird 0.0022170841693878174 109 293 159 318
chair 0.003824770450592041 0 305 10 374
pottedplant 0.040997445583343506 461 287 499 372
chair 0.002074718475341797 0 310 15 372
pottedplant 0.0013250410556793213 466 170 499 305
aeroplane 0.7956579923629761 151 82 233 119
pottedplant 0.0018459856510162354 0 172 17 358
pottedplant 0.0015130341053009033 0 174 29 359
pottedplant 0.0019266009330749512 434 275 500 372
horse 0.013532936573028564 0 176 22 351
chair 0.01090201735496521 0 332 8 372
person 0.0010083019733428955 0 128 14 197
pottedplant 0.0011424720287322998 461 144 499 293
person 0.01854574680328369 0 117 22 300
boat 0.0012742578983306885 114 292 158 317
car 0.04921990633010864 210 360 279 372
chair 0.07696107029914856 0 314 21 373
chair 0.4130036234855652 0 311 47 373
boat 0.0037074387073516846 140 363 209 373
pottedplant 0.0015010833740234375 487 193 499 238
bicycle 0.0011513829231262207 0 178 22 273
