sofa 0.005511492490768433 11 76 483 373
chair 0.34510475397109985 84 0 495 372
chair 0.005040973424911499 0 59 77 361
chair 0.003496825695037842 0 41 258 372
pottedplant 0.003075540065765381 0 -1 37 122
pottedplant 0.0026623904705047607 4 1 125 103
chair 0.0010004639625549316 424 2 499 372
chair 0.7461398243904114 0 60 78 209
cat 0.8966165781021118 46 120 426 284
pottedplant 0.0010043680667877197 442 0 499 295
sofa 0.0011336207389831543 0 27 41 196
chair 0.0014837086200714111 0 36 42 178
pottedplant 0.003160238265991211 0 2 38 180
pottedplant 0.0014104843139648438 0 2 79 173
bottle 0.0013147294521331787 0 301 11 375
pottedplant 0.007846683263778687 0 4 23 72
tvmonitor 0.0022873878479003906 97 0 187 85
tvmonitor 0.4843800663948059 185 0 261 78
pottedplant 0.001466512680053711 0 0 31 47
pottedplant 0.011030197143554688 0 12 22 57
pottedplant 0.0013778507709503174 0 1 23 157
tvmonitor 0.005752265453338623 93 0 235 88
pottedplant 0.007636308670043945 0 10 21 45
bottle 0.0018174350261688232 0 268 12 373
