person 0.7302901148796082 413 102 467 260
person 0.035546332597732544 0 41 21 364
horse 0.025322049856185913 0 80 22 363
horse 0.0012447535991668701 0 128 112 345
person 0.9133665561676025 108 51 216 373
person 0.9082899689674377 266 63 415 374
chair 0.0023782849311828613 93 171 215 370
person 0.8683817386627197 210 82 282 374
chair 0.23651883006095886 331 166 429 338
chair 0.0012207329273223877 340 157 451 326
chair 0.06681138277053833 276 162 426 351
person 0.009936809539794922 489 137 500 230
person 0.007606714963912964 484 127 500 229
person 0.0016483962535858154 414 105 437 128
person 0.001225501298904419 485 70 500 175
person 0.0033763349056243896 414 95 447 216
person 0.0024921000003814697 414 101 463 205
person 0.00135117769241333 469 94 499 178
bottle 0.0010485053062438965 0 174 14 305
cat 0.02161678671836853 350 227 395 286
chair 0.013071656227111816 92 177 114 266
pottedplant 0.0011336207389831543 462 108 493 165
chair 0.008950114250183105 351 223 425 350
dog 0.0010083019733428955 407 196 499 336
person 0.03021344542503357 0 16 90 162
chair 0.0013778507709503174 490 151 500 291
dog 0.006930291652679443 350 224 419 289
chair 0.001335442066192627 13 187 115 339
dog 0.0017547309398651123 351 222 424 349
dog 0.0015130341053009033 348 172 419 298
chair 0.08210369944572449 349 172 436 297
cat 0.04177337884902954 350 227 395 268
cat 0.03308582305908203 350 225 414 268
chair 0.003824770450592041 391 146 438 260
person 0.002018868923187256 489 109 499 285
dog 0.0010567307472229004 404 240 499 337
person 0.06394520401954651 211 73 400 373
person 0.030965417623519897 0 13 108 349
chair 0.007204204797744751 441 162 487 216
person 0.005322486162185669 228 68 356 347
chair 0.007636308670043945 0 143 24 342
dog 0.03271239995956421 350 225 400 285
dog 0.008644551038742065 350 198 421 286
chair 0.005819797515869141 372 164 439 260
chair 0.0022696256637573242 90 177 126 308
pottedplant 0.002003192901611328 441 163 489 217
person 0.001012265682220459 413 103 434 183
person 0.002341538667678833 414 103 440 192
person 0.0020991265773773193 414 99 435 126
horse 0.05964553356170654 0 141 22 307
chair 0.008846968412399292 349 113 445 263
chair 0.004485577344894409 92 177 221 271
person 0.6531269550323486 466 100 499 228
