pottedplant 0.8848353028297424 140 2 348 346
diningtable 0.005468875169754028 2 253 491 373
pottedplant 0.001335442066192627 0 62 111 223
pottedplant 0.001560807228088379 0 64 109 158
boat 0.0011603832244873047 179 -48 321 0
pottedplant 0.004792630672454834 46 1 497 366
pottedplant 0.003751039505004883 0 4 381 324
pottedplant 0.0012112557888031006 185 0 292 255
chair 0.001367121934890747 0 180 18 373
pottedplant 0.0016102492809295654 142 197 312 332
pottedplant 0.004182338714599609 180 175 339 336
pottedplant 0.0019117295742034912 141 176 334 301
pottedplant 0.008677929639816284 138 117 344 308
pottedplant 0.0019191503524780273 138 230 210 309
chair 0.002018868923187256 0 250 17 372
pottedplant 0.0018388032913208008 138 192 229 293
pottedplant 0.0012399256229400635 140 185 265 296
pottedplant 0.0015366971492767334 220 0 268 85
bottle 0.0033501386642456055 0 242 18 373
pottedplant 0.00955912470817566 144 236 212 279
pottedplant 0.03449025750160217 141 236 233 287
pottedplant 0.0012065470218658447 108 101 241 290
pottedplant 0.0022963285446166992 129 101 270 285
