pottedplant 0.0012544989585876465 334 29 422 414
pottedplant 0.028009146451950073 -104 13 -2 498
pottedplant 0.9073100090026855 37 38 286 435
diningtable 0.0028228759765625 8 364 336 499
pottedplant 0.5204963684082031 38 155 287 441
pottedplant 0.001225501298904419 115 236 286 440
pottedplant 0.002090960741043091 1 7 168 225
pottedplant 0.00131988525390625 68 41 222 284
pottedplant 0.010735392570495605 8 6 331 366
pottedplant 0.0025409162044525146 0 36 221 403
pottedplant 0.0030516982078552246 279 6 431 391
