chair 0.0013995170593261719 211 126 374 499
chair 0.21800264716148376 2 121 375 499
chair 0.006003767251968384 1 161 155 492
chair 0.006564319133758545 37 166 177 444
person 0.8601315021514893 46 117 278 427
chair 0.009054571390151978 36 150 209 473
car 0.014173001050949097 0 159 374 500
motorbike 0.01186823844909668 0 162 374 500
chair 0.0017823278903961182 1 364 373 499
chair 0.018616825342178345 5 128 248 501
chair 0.002453356981277466 45 181 292 431
person 0.0012350976467132568 325 0 373 31
bottle 0.003235042095184326 45 234 76 294
tvmonitor 0.0030516982078552246 0 45 126 193
tvmonitor 0.003272920846939087 0 184 75 258
chair 0.001335442066192627 0 0 102 33
chair 0.0016613304615020752 0 0 142 35
person 0.00142708420753479 125 120 261 282
chair 0.001264333724975586 1 184 75 257
chair 0.0021238625049591064 0 0 59 33
bottle 0.0064885616302490234 -11 0 191 29
person 0.001466512680053711 23 0 223 37
chair 0.00394555926322937 246 2 374 207
diningtable 0.0010775625705718994 2 0 368 398
chair 0.001225501298904419 218 417 374 499
chair 0.00369301438331604 255 96 375 214
chair 0.0012692809104919434 254 96 375 361
person 0.020646393299102783 72 117 273 287
bottle 0.002560734748840332 48 251 75 296
bottle 0.004811316728591919 50 264 74 294
diningtable 0.0012159943580627441 22 77 170 195
chair 0.0013044774532318115 312 98 375 210
bottle 0.0015130341053009033 0 355 67 413
chair 0.0022873878479003906 0 0 207 106
tvmonitor 0.06441459059715271 0 272 50 368
bottle 0.004905790090560913 71 0 159 29
person 0.0011694133281707764 108 191 199 286
tvmonitor 0.0021573007106781006 0 0 50 31
chair 0.0010322332382202148 2 184 87 299
person 0.0013617873191833496 257 96 375 209
