cat 0.9331886172294617 235 44 499 335
cat 0.006145477294921875 374 44 499 337
person 0.0013995170593261719 0 62 75 372
diningtable 0.02898019552230835 -1 39 499 374
person 0.0010526180267333984 0 132 23 251
cat 0.001714080572128296 476 18 499 126
bottle 0.002901047468185425 0 152 29 249
bottle 0.0015853047370910645 0 173 40 246
person 0.006339401006698608 -1 -1 491 303
person 0.04620686173439026 -1 0 488 208
chair 0.003063589334487915 179 34 500 357
person 0.005554467439651489 322 0 500 333
person 0.015906304121017456 207 0 499 382
person 0.00406983494758606 380 7 499 374
person 0.002323359251022339 426 14 499 347
person 0.03321123123168945 0 6 44 268
person 0.9164110422134399 0 0 214 245
person 0.015663117170333862 1 1 308 214
person 0.0037074387073516846 0 83 45 303
cat 0.001146942377090454 238 119 411 222
person 0.004348009824752808 0 64 30 316
person 0.0048677921295166016 0 7 43 137
