person 0.6984318494796753 120 133 172 326
bus 0.018194735050201416 202 68 437 331
person 0.9326993227005005 440 122 499 332
person 0.9181903600692749 144 106 261 332
person 0.001831650733947754 80 137 263 332
bus 0.0014438629150390625 458 126 494 158
person 0.001432657241821289 21 157 35 207
person 0.01182246208190918 52 168 64 193
person 0.0028009116649627686 480 119 499 226
person 0.007038503885269165 439 158 453 204
person 0.0033632218837738037 438 159 454 236
motorbike 0.0021827220916748047 70 204 138 332
tvmonitor 0.02920001745223999 205 106 291 219
person 0.002912372350692749 487 122 499 244
bicycle 0.0024921000003814697 70 204 135 332
person 0.006217539310455322 46 148 62 175
chair 0.00564149022102356 478 191 499 332
person 0.014955878257751465 483 125 499 331
car 0.005261063575744629 117 79 372 326
car 0.0013832449913024902 49 186 65 226
person 0.006413578987121582 120 115 202 327
person 0.01524651050567627 481 219 500 334
car 0.0010485053062438965 61 71 434 331
car 0.003222525119781494 203 69 440 331
boat 0.0018676519393920898 452 1 499 320
person 0.023598521947860718 490 145 500 302
cat 0.0013564825057983398 424 276 451 333
chair 0.001957029104232788 480 252 499 334
bottle 0.0028561055660247803 441 200 465 245
bottle 0.005119770765304565 441 214 465 245
person 0.0011424720287322998 15 150 29 169
bus 0.00142708420753479 432 127 463 180
bus 0.002090960741043091 438 137 468 175
person 0.006823897361755371 484 170 499 311
person 0.03690752387046814 491 171 500 311
car 0.014062851667404175 457 146 473 158
person 0.0342307984828949 41 147 60 182
person 0.023419708013534546 52 167 63 184
person 0.001904308795928955 106 153 119 187
person 0.002018868923187256 21 160 34 181
person 0.0016483962535858154 21 157 38 182
person 0.011776894330978394 47 167 62 183
person 0.003621727228164673 53 168 66 186
car 0.0029928982257843018 439 154 460 182
person 0.003235042095184326 75 153 97 171
person 0.05320581793785095 81 152 97 171
person 0.023688465356826782 439 158 454 187
person 0.003285646438598633 118 134 171 226
person 0.0018388032913208008 439 149 471 182
tvmonitor 0.012821823358535767 223 140 283 215
person 0.001264333724975586 440 156 462 269
car 0.0014837086200714111 49 167 65 226
car 0.002341538667678833 48 164 111 226
tvmonitor 0.032465726137161255 207 128 283 216
person 0.039785295724868774 49 166 65 227
