person 0.9260351657867432 153 260 260 460
chair 0.15973952412605286 56 252 318 499
chair 0.0018676519393920898 208 253 349 499
chair 0.005159556865692139 269 251 362 499
person 0.0025115013122558594 176 253 256 392
bus 0.12940073013305664 0 212 116 500
person 0.0020991265773773193 276 195 320 264
person 0.0011424720287322998 292 197 319 263
bottle 0.001591503620147705 305 206 340 253
person 0.059864312410354614 186 166 237 226
person 0.08449193835258484 192 166 246 249
person 0.008812874555587769 237 148 320 288
person 0.0020666420459747314 181 147 217 218
person 0.011287689208984375 180 154 231 215
person 0.001432657241821289 198 162 277 216
person 0.05070251226425171 203 166 233 200
bus 0.007938534021377563 0 17 259 455
bus 0.561214804649353 68 3 373 452
bus 0.012821823358535767 0 84 125 443
pottedplant 0.0016228556632995605 40 258 124 418
person 0.7892334461212158 232 139 289 263
person 0.07316717505455017 202 166 240 220
bottle 0.0013778507709503174 75 362 90 417
person 0.058133482933044434 199 165 250 232
tvmonitor 0.00257071852684021 297 163 322 206
person 0.008380681276321411 181 187 249 361
pottedplant 0.003736436367034912 248 182 345 354
bottle 0.04485040903091431 131 398 159 426
person 0.0021912753582000732 180 184 238 243
person 0.7718420028686523 181 188 249 301
pottedplant 0.0011694133281707764 254 177 344 302
