chair 0.0019266009330749512 9 256 140 373
sofa 0.9304561614990234 207 201 499 374
chair 0.9597643613815308 10 187 183 372
person 0.001972287893295288 364 91 500 360
person 0.0029812753200531006 434 76 499 362
bottle 0.00208282470703125 215 330 283 373
person 0.014841258525848389 479 153 499 373
person 0.0020505785942077637 402 200 500 381
person 0.005957245826721191 443 141 499 383
cat 0.04958641529083252 105 220 167 271
dog 0.06164824962615967 480 268 499 368
person 0.014784276485443115 480 211 500 372
dog 0.0017410516738891602 458 224 499 373
chair 0.0029237568378448486 50 154 188 234
person 0.0026727914810180664 461 206 499 372
dog 0.0021073520183563232 480 284 499 345
chair 0.0031724870204925537 17 188 175 283
person 0.0020346641540527344 487 184 500 254
chair 0.0012943148612976074 83 188 174 272
person 0.005099952220916748 479 252 499 373
person 0.0011879205703735352 494 177 499 258
person 0.003524214029312134 488 166 500 263
