pottedplant 0.8633896112442017 0 -1 496 370
bird 0.031857043504714966 6 238 187 299
bird 0.022202253341674805 65 244 224 298
bird 0.010776817798614502 65 234 259 298
pottedplant 0.0032476186752319336 160 1 496 239
bird 0.0013459324836730957 217 164 385 321
pottedplant 0.0347515344619751 149 1 499 371
pottedplant 0.002090960741043091 176 0 465 150
bird 0.007176309823989868 255 181 341 246
bird 0.00276830792427063 253 181 367 257
bird 0.0018969178199768066 232 179 371 299
bird 0.0023875534534454346 160 0 292 73
bird 0.002631455659866333 0 73 94 279
bird 0.0014215409755706787 277 182 335 248
