person 0.12463575601577759 126 107 248 373
chair 0.0018174350261688232 124 158 242 373
person 0.955483078956604 233 129 445 373
chair 0.14608708024024963 321 220 482 373
chair 0.38121965527534485 410 220 481 373
person 0.9210770130157471 66 121 234 372
diningtable 0.8499711751937866 0 177 108 373
person 0.03817746043205261 0 92 65 192
tvmonitor 0.001335442066192627 98 135 159 193
person 0.002912372350692749 217 91 354 235
bottle 0.00916031002998352 2 180 17 218
person 0.014282047748565674 0 93 13 240
person 0.017376601696014404 0 90 45 247
person 0.0028897523880004883 8 140 87 207
person 0.001674354076385498 0 92 22 161
person 0.0023690462112426758 0 122 37 183
person 0.47268345952033997 0 92 87 205
person 0.4804786145687103 0 92 43 183
bottle 0.006823897361755371 178 186 195 251
chair 0.0015977323055267334 14 144 87 200
person 0.01904943585395813 0 93 30 197
chair 0.00952214002609253 431 222 499 385
person 0.003235042095184326 149 100 271 180
person 0.02211776375770569 182 92 290 262
chair 0.0012943148612976074 465 238 499 374
person 0.002969682216644287 181 120 270 367
person 0.018904060125350952 0 112 8 213
person 0.01013106107711792 0 118 13 210
person 0.3575683832168579 213 91 301 366
tvmonitor 0.004591643810272217 100 145 154 226
person 0.2005576193332672 216 91 351 364
person 0.03137829899787903 150 116 228 176
diningtable 0.002757549285888672 0 178 61 343
person 0.030099451541900635 0 104 9 186
bottle 0.015129566192626953 0 140 7 223
bottle 0.0025409162044525146 0 154 17 223
person 0.03410175442695618 0 101 18 185
chair 0.004792630672454834 0 104 42 184
bottle 0.0177803635597229 0 167 6 222
person 0.001335442066192627 129 0 170 43
person 0.005119770765304565 0 125 14 228
bottle 0.0010902583599090576 323 173 383 197
person 0.0010485053062438965 269 131 383 210
person 0.00406983494758606 0 99 16 269
diningtable 0.001714080572128296 0 103 55 251
diningtable 0.0013995170593261719 0 126 80 243
chair 0.03234308958053589 101 140 154 237
diningtable 0.0017478764057159424 0 152 36 266
diningtable 0.008915573358535767 0 175 67 248
person 0.0013302266597747803 -2 144 110 274
diningtable 0.008188486099243164 0 177 67 292
diningtable 0.003930270671844482 -2 165 110 287
