bus 0.008380681276321411 0 168 38 249
bus 0.6233769059181213 141 147 254 265
bus 0.9392472505569458 246 135 500 266
bus 0.07920721173286438 19 157 208 264
bus 0.00106087327003479 333 138 499 265
bus 0.011201143264770508 130 144 486 265
person 0.04778146743774414 175 182 199 209
person 0.0018676519393920898 176 185 209 211
person 0.0019117295742034912 478 144 499 256
car 0.0013459324836730957 0 202 11 243
car 0.0018103718757629395 484 199 499 259
bus 0.8338658809661865 16 157 139 263
car 0.003976315259933472 491 188 499 261
person 0.001111745834350586 341 168 355 193
bus 0.00933942198753357 487 148 499 260
bus 0.003222525119781494 16 163 92 257
person 0.008000344038009644 330 168 354 194
person 0.0029812753200531006 491 175 499 261
bus 0.0015071630477905273 247 137 347 267
bus 0.14903616905212402 0 176 19 243
bus 0.05070251226425171 0 172 55 245
bus 0.007755845785140991 56 157 138 264
bus 0.003650069236755371 85 158 187 263
bus 0.00916031002998352 114 158 211 263
bus 0.0024824440479278564 479 143 499 258
bus 0.1889212727546692 16 165 68 256
bus 0.0034293532371520996 199 144 327 260
car 0.023419708013534546 0 203 18 243
bus 0.0028339028358459473 186 146 257 261
bus 0.060083746910095215 0 202 19 243
