car 0.41016557812690735 246 284 374 391
car 0.002115577459335327 46 267 373 389
car 0.8757897019386292 2 296 364 394
car 0.004331141710281372 145 287 373 392
bird 0.09467661380767822 115 7 226 52
car 0.0024724602699279785 179 290 364 337
car 0.04501798748970032 166 287 374 352
car 0.00593411922454834 134 287 359 332
person 0.00421491265296936 106 357 130 379
pottedplant 0.0010162293910980225 4 196 29 254
car 0.001178741455078125 174 268 375 325
car 0.001449495553970337 245 273 374 326
person 0.010209739208221436 199 318 215 332
bird 0.0013778507709503174 202 9 226 24
