chair 0.01798534393310547 387 191 499 330
person 0.06119883060455322 290 115 499 330
chair 0.0967058539390564 295 111 499 330
chair 0.03384503722190857 383 111 499 330
bottle 0.2704801559448242 57 3 500 330
person 0.06417948007583618 56 4 497 330
cat 0.03308582305908203 290 42 499 330
bottle 0.005405604839324951 290 110 499 330
bottle 0.0011648833751678467 62 0 286 329
cat 0.00812530517578125 218 1 499 329
bottle 0.008950114250183105 241 1 499 329
tvmonitor 0.002935171127319336 338 100 502 284
car 0.1841798722743988 75 1 496 328
chair 0.02605646848678589 386 234 500 330
