dog 0.9549820423126221 271 174 462 374
person 0.001904308795928955 274 2 500 347
bicycle 0.022629231214523315 162 23 187 43
bicycle 0.01467105746269226 177 25 191 43
pottedplant 0.003222525119781494 221 31 258 43
person 0.007345408201217651 411 3 499 206
person 0.0020346641540527344 153 -102 497 0
person 0.004573792219161987 259 -77 500 0
person 0.005219787359237671 326 -70 503 0
person 0.6800290942192078 365 0 499 201
pottedplant 0.0030280649662017822 14 14 112 150
person 0.005532950162887573 358 20 367 41
person 0.0097084641456604 365 0 499 352
dog 0.8499711751937866 88 55 369 311
pottedplant 0.001674354076385498 0 118 12 221
bottle 0.004102110862731934 438 0 497 53
chair 0.003824770450592041 47 8 59 22
person 0.0019419193267822266 170 15 187 39
bicycle 0.39793843030929565 143 16 176 42
pottedplant 0.011731505393981934 219 32 241 43
pottedplant 0.005752265453338623 228 29 258 43
pottedplant 0.01956745982170105 240 28 259 43
bicycle 0.0016228556632995605 138 16 148 41
person 0.0033763349056243896 181 14 193 42
person 0.026862531900405884 143 15 159 42
person 0.002453356981277466 150 16 178 42
person 0.09704703092575073 169 14 180 40
person 0.09602698683738708 185 14 199 43
person 0.0016483962535858154 437 0 499 110
dog 0.007288604974746704 264 173 446 260
dog 0.008511096239089966 351 174 448 254
motorbike 0.03718525171279907 139 17 176 42
boat 0.0012842416763305664 338 0 385 41
person 0.0011879205703735352 437 0 499 55
