diningtable 0.9099035263061523 68 202 367 374
person 0.3830642104148865 319 180 420 373
person 0.003824770450592041 0 157 56 373
person 0.717803955078125 379 179 499 374
person 0.016153186559677124 350 137 500 291
person 0.0016165375709533691 295 145 432 276
person 0.7641857862472534 425 137 500 295
person 0.003795117139816284 0 160 99 372
person 0.9008820056915283 81 145 201 323
person 0.0019343793392181396 88 169 265 292
diningtable 0.00955912470817566 201 202 367 301
person 0.0015977323055267334 195 189 410 300
person 0.0011380314826965332 198 210 436 373
person 0.9388011693954468 0 161 149 374
person 0.48535579442977905 318 179 500 373
bottle 0.0013459324836730957 176 182 215 239
person 0.004416227340698242 334 181 421 234
person 0.0012350976467132568 353 182 429 238
person 0.006666600704193115 140 143 193 188
chair 0.001455157995223999 150 150 208 180
person 0.0016292035579681396 335 182 418 258
chair 0.001524806022644043 474 184 499 247
chair 0.001225501298904419 470 176 499 231
bottle 0.016029298305511475 321 180 337 201
chair 0.0026520490646362305 131 142 188 191
chair 0.0022519826889038086 472 150 499 243
chair 0.002590775489807129 153 143 189 188
chair 0.008711427450180054 161 155 207 188
chair 0.008812874555587769 169 160 206 175
chair 0.004556000232696533 179 160 206 173
person 0.3849121034145355 106 119 188 209
person 0.0012943148612976074 492 69 500 123
person 0.004038453102111816 172 143 242 220
pottedplant 0.0015977323055267334 192 98 231 161
bottle 0.00321003794670105 177 192 207 247
person 0.6842647194862366 446 74 499 216
person 0.0010775625705718994 0 157 20 375
bottle 0.309023380279541 244 274 269 335
chair 0.0045206546783447266 492 268 499 298
chair 0.0028009116649627686 59 226 125 327
chair 0.002140522003173828 67 215 152 331
bottle 0.0011248290538787842 447 96 468 133
person 0.003063589334487915 0 258 24 372
person 0.0013564825057983398 0 248 17 374
person 0.5039061903953552 322 139 409 205
bottle 0.003063589334487915 271 274 285 305
person 0.0013096034526824951 355 183 421 340
chair 0.0015487074851989746 485 270 499 347
chair 0.010289043188095093 60 227 93 319
person 0.0012994110584259033 425 137 489 213
chair 0.00257071852684021 494 269 500 353
chair 0.00131988525390625 160 150 189 191
chair 0.00208282470703125 485 270 499 300
person 0.036769360303878784 446 74 499 139
person 0.0020585954189300537 471 146 499 371
chair 0.0027360916137695312 164 160 206 179
chair 0.003780364990234375 494 270 500 306
person 0.001524806022644043 213 153 251 197
person 0.013532936573028564 0 188 39 373
person 0.0035518109798431396 483 67 499 197
person 0.007038503885269165 113 144 200 306
person 0.004038453102111816 325 136 477 206
person 0.0010650157928466797 349 181 421 291
person 0.0013096034526824951 0 128 197 340
person 0.07316717505455017 133 120 165 149
person 0.04336750507354736 109 139 233 245
person 0.4244120717048645 114 120 188 189
person 0.0014438629150390625 333 72 499 210
chair 0.001714080572128296 489 193 499 301
person 0.0019494593143463135 323 98 440 205
person 0.0015010833740234375 472 209 499 373
person 0.0010526180267333984 149 183 265 247
person 0.0016483962535858154 487 56 499 213
person 0.0024724602699279785 356 178 442 294
person 0.0014159977436065674 322 175 339 202
chair 0.0018749535083770752 461 70 499 211
person 0.004054129123687744 329 232 414 293
chair 0.001455157995223999 480 64 500 215
chair 0.002641737461090088 489 226 499 298
person 0.007148534059524536 447 95 474 134
person 0.6169357895851135 341 140 443 293
chair 0.004468142986297607 476 112 499 236
person 0.0011513829231262207 164 157 191 217
person 0.004022836685180664 464 132 499 298
chair 0.0022084414958953857 492 255 500 370
person 0.019718080759048462 131 122 155 151
person 0.008284062147140503 331 154 423 226
diningtable 0.005447685718536377 469 131 499 246
person 0.002018868923187256 489 232 499 377
person 0.001178741455078125 134 120 180 159
person 0.0010733604431152344 163 160 192 199
person 0.003565669059753418 186 146 247 214
person 0.0014438629150390625 118 131 155 173
person 0.0013302266597747803 0 285 36 374
person 0.009303301572799683 129 123 157 158
chair 0.002901047468185425 243 171 299 208
chair 0.002746790647506714 476 183 499 281
person 0.0011603832244873047 218 160 246 202
person 0.034360289573669434 132 120 170 171
person 0.04485040903091431 100 138 203 252
person 0.031736671924591064 141 143 213 248
person 0.001388639211654663 163 193 251 248
tvmonitor 0.0011925697326660156 244 170 299 209
chair 0.004166156053543091 485 177 499 292
chair 0.002199828624725342 461 95 499 236
bottle 0.15610283613204956 180 198 199 248
person 0.7943847179412842 176 144 267 241
person 0.15973952412605286 321 140 376 204
person 0.1343218982219696 339 140 440 241
