bus 0.11476749181747437 195 25 332 112
bus 0.28140556812286377 75 25 332 116
car 0.015013545751571655 314 92 332 112
car 0.0033632218837738037 267 76 333 112
bus 0.00118333101272583 200 -14 332 110
person 0.9158100485801697 70 34 198 452
person 0.8272689580917358 152 28 281 457
bus 0.00443345308303833 23 38 100 102
bus 0.07030656933784485 79 25 333 165
cow 0.0018033087253570557 0 120 48 148
car 0.0028118789196014404 85 31 186 107
bus 0.5851011872291565 242 27 332 111
car 0.0018749535083770752 7 36 112 106
car 0.00386965274810791 51 127 78 150
car 0.001225501298904419 41 126 78 150
car 0.0032476186752319336 189 26 325 113
chair 0.0035935938358306885 86 49 112 104
bottle 0.007148534059524536 184 169 219 220
bottle 0.0046637654304504395 198 176 224 220
