person 0.0024921000003814697 419 40 499 372
person 0.06210097670555115 0 7 195 373
person 0.0010817945003509521 0 24 67 372
person 0.8543990254402161 120 -2 499 374
person 0.0016613304615020752 249 -2 499 373
person 0.001432657241821289 3 208 485 567
person 0.0012742578983306885 1 218 389 373
person 0.001388639211654663 121 64 285 373
bottle 0.007489442825317383 36 0 56 21
bottle 0.001591503620147705 5 14 224 231
bottle 0.023688465356826782 0 106 13 198
bottle 0.01854574680328369 78 2 156 247
bottle 0.0010567307472229004 0 37 48 126
bottle 0.006145477294921875 30 18 96 233
bottle 0.022888898849487305 62 7 175 242
person 0.0012943148612976074 125 0 150 25
bottle 0.003976315259933472 0 16 14 233
person 0.0022084414958953857 -2 244 186 371
bottle 0.0011424720287322998 0 55 8 207
bottle 0.0018245279788970947 122 138 259 351
bottle 0.11961567401885986 165 116 261 343
bottle 0.001178741455078125 111 201 205 365
bottle 0.0067453086376190186 0 1 81 119
bottle 0.0014382600784301758 28 0 96 85
bottle 0.10594767332077026 0 16 151 256
person 0.0018388032913208008 80 0 132 31
person 0.021534323692321777 146 81 262 344
bottle 0.0022084414958953857 115 242 198 295
person 0.0021321773529052734 126 0 159 31
bottle 0.4455294609069824 0 16 160 367
bottle 0.0019343793392181396 0 23 46 191
bottle 0.03333708643913269 0 15 97 180
bottle 0.0011879205703735352 0 34 31 122
bottle 0.007204204797744751 35 0 68 28
bottle 0.0020505785942077637 81 0 129 31
bottle 0.0030280649662017822 0 0 25 68
bottle 0.0016228556632995605 35 0 77 71
cat 0.0016613304615020752 209 170 250 193
bottle 0.0012159943580627441 0 80 20 197
bottle 0.0013778507709503174 8 3 128 152
bottle 0.0016228556632995605 116 249 160 293
bottle 0.01949256658554077 79 0 184 160
bottle 0.0023052990436553955 0 0 27 147
bottle 0.004264324903488159 21 4 83 120
