motorbike 0.10594767332077026 246 158 389 280
motorbike 0.45616763830184937 318 171 397 278
motorbike 0.003160238265991211 70 207 155 308
motorbike 0.8969782590866089 111 142 258 316
person 0.792464017868042 317 115 372 328
motorbike 0.0037074387073516846 268 161 325 233
motorbike 0.0032476186752319336 360 165 392 232
motorbike 0.0010043680667877197 360 183 391 227
person 0.013480961322784424 359 160 385 243
person 0.2853715419769287 227 122 310 237
person 0.23440924286842346 249 122 294 172
motorbike 0.00406983494758606 246 187 308 277
motorbike 0.001524806022644043 270 177 337 285
bicycle 0.0013459324836730957 303 214 348 305
person 0.006719321012496948 166 133 258 182
person 0.1254904866218567 109 133 257 265
person 0.009485304355621338 167 129 302 275
person 0.02386951446533203 187 122 297 200
motorbike 0.0012792348861694336 252 217 307 278
bicycle 0.005597800016403198 0 191 15 374
bicycle 0.0016039609909057617 303 195 377 304
bicycle 0.0010083019733428955 0 212 25 374
motorbike 0.05541503429412842 0 219 15 374
motorbike 0.014841258525848389 268 165 364 293
bicycle 0.007489442825317383 302 152 386 327
motorbike 0.0013147294521331787 249 190 348 281
motorbike 0.012240886688232422 288 186 362 299
person 0.003147989511489868 0 174 15 376
person 0.0025310516357421875 329 120 381 265
motorbike 0.008611321449279785 102 141 192 314
motorbike 0.7090195417404175 236 157 323 280
motorbike 0.0673007071018219 257 157 379 316
motorbike 0.0010733604431152344 278 171 335 260
person 0.4610167145729065 71 206 150 305
motorbike 0.05521073937416077 293 162 380 304
person 0.015364378690719604 358 150 381 248
motorbike 0.004645615816116333 209 163 314 280
person 0.003976315259933472 234 141 309 225
person 0.004416227340698242 356 153 380 207
motorbike 0.00394555926322937 109 141 183 254
person 0.0033763349056243896 173 132 262 170
bicycle 0.008478313684463501 0 258 15 374
person 0.0034293532371520996 345 133 359 166
bicycle 0.0010322332382202148 317 214 396 270
person 0.0076958537101745605 268 131 372 312
person 0.006145477294921875 110 141 193 263
person 0.4687906503677368 166 132 261 278
motorbike 0.0017963051795959473 237 151 319 236
person 0.0022607743740081787 247 151 321 234
person 0.003621727228164673 295 117 366 306
person 0.004700213670730591 355 159 393 259
