chair 0.0024344027042388916 403 198 499 373
chair 0.002790004014968872 0 232 115 373
chair 0.006145477294921875 392 251 499 373
chair 0.057074129581451416 464 207 499 372
person 0.0011031031608581543 0 69 92 366
person 0.0016102492809295654 471 99 499 372
chair 0.00517958402633667 0 115 43 370
chair 0.0018103718757629395 0 230 168 373
diningtable 0.0010241866111755371 182 252 441 373
diningtable 0.726425290107727 9 179 177 305
chair 0.8925619125366211 274 137 369 287
chair 0.009485304355621338 0 151 33 371
tvmonitor 0.0022607743740081787 0 94 74 183
person 0.0011248290538787842 482 139 499 326
chair 0.0014104843139648438 257 139 366 257
chair 0.0010567307472229004 450 218 499 373
diningtable 0.0060506463050842285 0 163 29 378
chair 0.002969682216644287 478 211 499 306
bottle 0.001111745834350586 478 228 499 290
chair 0.0018969178199768066 478 224 499 291
chair 0.0017753839492797852 77 165 171 293
person 0.0011648833751678467 477 108 499 347
chair 0.0012842416763305664 0 175 89 321
chair 0.001680910587310791 0 227 16 380
bottle 0.04831570386886597 224 126 238 177
chair 0.0011879205703735352 86 175 168 275
chair 0.0034696757793426514 110 169 201 274
pottedplant 0.0013250410556793213 241 132 302 256
chair 0.9268327951431274 127 147 206 281
tvmonitor 0.07863974571228027 438 181 474 229
