cat 0.0038546323776245117 480 88 499 361
bottle 0.002958148717880249 425 4 499 367
cat 0.8852325081825256 0 31 383 368
bottle 0.06164824962615967 477 65 499 362
bottle 0.01090201735496521 474 0 499 240
cat 0.001020193099975586 0 44 137 367
cat 0.0026832520961761475 0 10 68 243
tvmonitor 0.001524806022644043 483 91 499 366
chair 0.0015487074851989746 483 148 499 369
bottle 0.001289278268814087 472 0 499 172
bottle 0.0024344027042388916 480 0 499 168
bus 0.0011336207389831543 461 115 499 382
bottle 0.0024724602699279785 486 0 499 147
bus 0.0016874969005584717 479 112 500 356
person 0.0012842416763305664 484 3 499 122
person 0.0025115013122558594 489 2 500 123
