chair 0.8479689955711365 255 183 354 276
chair 0.02414378523826599 374 126 399 258
chair 0.6876306533813477 159 241 278 299
chair 0.029760271310806274 110 191 373 298
chair 0.0025115013122558594 154 204 396 298
tvmonitor 0.8354835510253906 181 81 230 124
chair 0.0026832520961761475 0 118 18 177
tvmonitor 0.0010083019733428955 251 85 276 111
tvmonitor 0.008915573358535767 0 73 26 172
tvmonitor 0.0018245279788970947 0 61 9 82
chair 0.002693742513656616 373 139 399 187
chair 0.007316946983337402 383 135 399 187
tvmonitor 0.9278846979141235 124 91 185 139
chair 0.7718420028686523 302 97 342 149
chair 0.013901978731155396 231 102 277 177
tvmonitor 0.0011603832244873047 117 55 154 80
tvmonitor 0.003824770450592041 380 68 399 98
tvmonitor 0.019269704818725586 0 72 26 119
chair 0.007786005735397339 394 92 399 147
tvmonitor 0.726425290107727 208 58 239 78
chair 0.004982620477676392 0 83 10 177
chair 0.23722487688064575 0 81 27 176
chair 0.0020991265773773193 4 98 38 172
tvmonitor 0.0019494593143463135 390 57 399 97
tvmonitor 0.004848897457122803 378 136 399 222
chair 0.0010322332382202148 211 107 280 212
tvmonitor 0.0015729963779449463 126 60 149 98
chair 0.32082176208496094 234 113 295 179
tvmonitor 0.2704801559448242 127 69 163 97
chair 0.042883336544036865 254 93 271 112
tvmonitor 0.0011160969734191895 382 67 399 109
tvmonitor 0.02414378523826599 0 66 18 84
tvmonitor 0.02396056056022644 131 55 162 81
tvmonitor 0.0017007291316986084 130 59 164 94
person 0.003298431634902954 395 69 399 147
tvmonitor 0.8333238959312439 164 54 191 81
tvmonitor 0.005040973424911499 390 129 399 218
bottle 0.004399091005325317 395 71 399 115
tvmonitor 0.9099035263061523 254 59 285 85
chair 0.0060742199420928955 385 102 399 148
tvmonitor 0.31912127137184143 35 71 78 103
chair 0.009633511304855347 395 97 399 149
tvmonitor 0.0037219226360321045 285 63 312 93
chair 0.7799931764602661 225 132 290 220
tvmonitor 0.005080223083496094 186 71 218 86
tvmonitor 0.02096518874168396 150 2 170 28
tvmonitor 0.0025508105754852295 393 61 399 97
chair 0.03296089172363281 375 136 399 219
tvmonitor 0.002115577459335327 0 67 9 85
chair 0.006771385669708252 395 111 399 158
tvmonitor 0.001560807228088379 165 56 203 108
tvmonitor 0.6297757029533386 226 74 254 110
tvmonitor 0.23511099815368652 131 55 160 72
tvmonitor 0.0012399256229400635 142 55 160 70
tvmonitor 0.0017823278903961182 178 71 218 103
tvmonitor 0.010289043188095093 0 73 26 138
tvmonitor 0.035146862268447876 395 55 399 110
chair 0.00131988525390625 366 103 399 128
tvmonitor 0.01994621753692627 149 1 182 30
chair 0.0022873878479003906 380 79 399 153
tvmonitor 0.015129566192626953 149 0 187 37
chair 0.007204204797744751 394 70 399 159
chair 0.0010526180267333984 259 95 296 149
chair 0.15713486075401306 356 103 397 149
chair 0.012528061866760254 386 119 399 216
tvmonitor 0.8887557983398438 365 62 397 93
tvmonitor 0.9202213883399963 45 104 125 173
tvmonitor 0.002969682216644287 228 107 257 124
chair 0.0015853047370910645 249 93 289 119
tvmonitor 0.7138312458992004 83 66 119 97
tvmonitor 0.006339401006698608 126 75 147 98
chair 0.8044062852859497 351 116 398 187
chair 0.0015853047370910645 0 102 8 177
tvmonitor 0.003324180841445923 13 12 54 64
tvmonitor 0.0015010833740234375 268 61 307 91
tvmonitor 0.001335442066192627 0 67 23 100
tvmonitor 0.8848353028297424 309 60 340 88
chair 0.006193429231643677 388 107 399 177
chair 0.010289043188095093 389 126 399 175
chair 0.005405604839324951 376 106 399 178
chair 0.006850332021713257 393 112 399 177
