diningtable 0.462958425283432 0 6 499 374
diningtable 0.0030874907970428467 0 115 377 374
chair 0.0026727914810180664 448 1 499 172
chair 0.0030280649662017822 461 2 499 229
chair 0.004963308572769165 463 2 499 328
bottle 0.0010988116264343262 0 7 65 301
chair 0.0015130341053009033 452 7 499 359
chair 0.011158108711242676 472 5 499 90
chair 0.00916031002998352 481 -1 499 90
bottle 0.6774741411209106 0 0 84 77
chair 0.004264324903488159 183 4 360 54
bottle 0.692642092704773 0 0 61 143
chair 0.0016874969005584717 458 1 499 125
chair 0.003809899091720581 335 0 494 70
chair 0.004755467176437378 377 0 497 74
chair 0.003976315259933472 454 0 499 87
chair 0.0015366971492767334 490 18 500 89
chair 0.07185441255569458 239 0 394 53
chair 0.001560807228088379 426 0 499 89
chair 0.004886746406555176 486 0 500 90
