chair 0.006666600704193115 10 223 323 437
diningtable 0.29421520233154297 1 310 83 443
sofa 0.0025508105754852295 6 296 324 437
diningtable 0.0023052990436553955 0 309 159 442
person 0.9176012277603149 275 78 450 434
chair 0.0016678273677825928 12 137 252 434
chair 0.0013564825057983398 0 314 168 445
person 0.8000680208206177 23 72 325 435
bottle 0.016722261905670166 353 222 366 261
person 0.00131988525390625 11 90 62 226
diningtable 0.0010004639625549316 177 177 232 225
tvmonitor 0.0012159943580627441 10 117 65 228
bottle 0.0018103718757629395 237 114 276 135
diningtable 0.0034027397632598877 170 168 350 222
chair 0.003147989511489868 163 134 264 249
pottedplant 0.001524806022644043 10 123 61 223
bottle 0.0016355812549591064 10 195 24 316
bottle 0.0026110410690307617 301 152 325 192
person 0.0017615854740142822 173 140 262 246
bottle 0.001225501298904419 307 154 331 192
diningtable 0.011244326829910278 170 169 358 241
person 0.002912372350692749 61 72 252 272
person 0.0010162293910980225 130 216 305 378
tvmonitor 0.009019583463668823 97 115 155 147
bottle 0.04903769493103027 10 287 23 316
person 0.0012594163417816162 41 71 252 358
chair 0.0022873878479003906 27 237 154 436
person 0.0012943148612976074 170 109 467 428
bottle 0.010328888893127441 260 119 268 134
chair 0.005002021789550781 14 246 65 316
bottle 0.0019117295742034912 10 240 24 318
bottle 0.0017893016338348389 11 178 24 227
tvmonitor 0.002693742513656616 12 21 86 88
tvmonitor 0.0010902583599090576 18 98 50 151
tvmonitor 0.0022519826889038086 22 98 61 152
person 0.0023875534534454346 12 26 35 90
tvmonitor 0.003795117139816284 23 97 111 168
bottle 0.002725452184677124 308 159 321 192
dog 0.0020585954189300537 179 213 264 256
dog 0.002341538667678833 184 214 263 244
chair 0.0018459856510162354 0 323 12 444
chair 0.0015130341053009033 0 331 33 442
diningtable 0.0012943148612976074 0 306 13 443
person 0.0019419193267822266 172 174 313 244
chair 0.0014438629150390625 48 172 256 288
tvmonitor 0.0012018680572509766 0 86 23 319
bottle 0.0012842416763305664 231 136 243 198
chair 0.0017410516738891602 43 138 271 291
chair 0.0010988116264343262 82 151 259 285
bottle 0.27982860803604126 284 147 298 192
bottle 0.00284498929977417 304 155 320 192
