diningtable 0.5992507934570312 71 226 172 299
diningtable 0.001069188117980957 1 425 159 499
diningtable 0.0010362863540649414 0 424 265 499
chair 0.0026520490646362305 49 213 70 248
chair 0.09876999258995056 111 209 173 295
chair 0.23440924286842346 146 209 173 293
aeroplane 0.0010902583599090576 193 0 302 33
pottedplant 0.13206565380096436 118 181 173 217
chair 0.005219787359237671 48 213 79 258
pottedplant 0.00564149022102356 115 180 173 293
chair 0.00185316801071167 41 213 96 267
chair 0.006438493728637695 49 212 101 275
chair 0.23651883006095886 71 209 106 291
chair 0.0019876956939697266 46 212 86 291
chair 0.0010567307472229004 149 208 208 323
chair 0.00955912470817566 0 423 133 499
chair 0.01507142186164856 47 212 85 268
chair 0.013172894716262817 65 212 86 256
chair 0.38121965527534485 71 209 101 256
bottle 0.0017823278903961182 102 211 122 262
sofa 0.002359837293624878 161 267 289 366
chair 0.011374980211257935 161 268 286 366
chair 0.0014050006866455078 49 213 69 224
chair 0.00208282470703125 63 219 95 257
chair 0.0051396191120147705 90 214 124 295
chair 0.008284062147140503 102 213 123 294
diningtable 0.07396480441093445 71 223 120 294
chair 0.012288272380828857 117 181 174 217
pottedplant 0.05165153741836548 192 0 257 23
chair 0.4111109673976898 56 220 100 299
diningtable 0.02414378523826599 71 219 144 296
bottle 0.0013406574726104736 279 121 290 147
chair 0.8947906494140625 104 213 156 301
sofa 0.8596608638763428 222 231 333 327
pottedplant 0.06278634071350098 192 0 238 22
