train 0.7620676159858704 76 130 501 187
car 0.6601731777191162 436 128 494 157
train 0.0411514937877655 79 144 198 164
boat 0.0010817945003509521 0 241 13 265
boat 0.03846472501754761 0 247 94 265
person 0.003607630729675293 130 283 162 332
train 0.00421491265296936 83 149 179 167
bus 0.0025310516357421875 89 144 199 162
boat 0.00394555926322937 0 245 90 260
train 0.0015791356563568115 321 133 418 162
boat 0.0011879205703735352 0 170 97 265
boat 0.0023690462112426758 0 198 98 264
train 0.018759876489639282 78 144 309 187
train 0.005021452903747559 78 144 225 180
