bicycle 0.021370261907577515 14 235 377 500
bicycle 0.17497506737709045 209 240 374 466
pottedplant 0.016029298305511475 210 147 374 465
chair 0.08328992128372192 209 240 374 460
pottedplant 0.002693742513656616 9 0 185 81
pottedplant 0.003123670816421509 81 0 182 56
pottedplant 0.0022873878479003906 90 0 221 54
pottedplant 0.001477956771850586 268 56 374 261
person 0.0013250410556793213 150 210 261 281
pottedplant 0.0012792348861694336 53 145 83 198
pottedplant 0.0015487074851989746 1 154 66 284
pottedplant 0.0012302696704864502 240 125 325 313
pottedplant 0.003678649663925171 246 137 374 329
pottedplant 0.0026623904705047607 94 0 191 72
pottedplant 0.0022431910037994385 105 0 217 71
person 0.9193568825721741 151 210 262 364
pottedplant 0.0034293532371520996 83 0 182 36
pottedplant 0.0025409162044525146 148 1 182 34
chair 0.0016483962535858154 211 254 308 379
bird 0.8386808037757874 93 286 121 349
pottedplant 0.0021912753582000732 1 0 178 491
pottedplant 0.0013778507709503174 140 1 216 74
chair 0.0010322332382202148 216 267 287 320
pottedplant 0.0548042356967926 195 0 374 335
pottedplant 0.00284498929977417 94 0 204 135
chair 0.0017342865467071533 213 258 328 437
chair 0.006463468074798584 310 246 374 461
pottedplant 0.001111745834350586 184 157 210 189
chair 0.0015307366847991943 173 245 298 339
chair 0.004485577344894409 312 236 374 335
chair 0.0033763349056243896 166 225 288 362
pottedplant 0.03397315740585327 18 0 169 141
pottedplant 0.004450768232345581 184 142 213 189
pottedplant 0.0010733604431152344 153 13 216 72
chair 0.003736436367034912 213 238 375 345
bird 0.0029812753200531006 94 286 120 319
pottedplant 0.0012159943580627441 184 161 199 188
pottedplant 0.0023690462112426758 50 136 96 199
pottedplant 0.047423362731933594 279 179 373 329
pottedplant 0.008478313684463501 319 180 374 324
pottedplant 0.0029237568378448486 147 0 217 35
pottedplant 0.010091900825500488 177 0 217 37
bird 0.001524806022644043 96 286 119 303
bird 0.001489490270614624 102 286 119 299
