bird 0.0012207329273223877 14 235 202 441
boat 0.0034027397632598877 6 416 272 499
boat 0.006003767251968384 0 458 365 499
boat 0.007204204797744751 -1 476 368 499
bird 0.04023560881614685 233 476 370 499
boat 0.003960907459259033 4 217 242 500
boat 0.01798534393310547 4 366 240 500
bird 0.8864172101020813 13 105 256 442
boat 0.0029466450214385986 2 404 357 500
chair 0.0024921000003814697 10 448 237 499
boat 0.0685386061668396 257 476 362 499
car 0.0012207329273223877 8 473 265 499
chair 0.0011031031608581543 23 415 235 500
bird 0.0016355812549591064 260 475 329 499
bird 0.0013044774532318115 84 109 274 160
