sheep 0.7577925324440002 146 172 382 355
person 0.0021912753582000732 403 4 499 373
sheep 0.0013617873191833496 86 137 300 319
dog 0.045864373445510864 65 172 246 317
person 0.026305854320526123 66 171 250 317
chair 0.004982620477676392 0 16 32 62
bird 0.003621727228164673 289 192 332 221
horse 0.0012112557888031006 473 32 499 299
boat 0.0013147294521331787 473 -1 500 263
bus 0.0017478764057159424 415 1 499 265
person 0.007232218980789185 233 26 378 252
bus 0.002323359251022339 300 2 498 262
chair 0.0014050006866455078 179 4 276 113
person 0.015663117170333862 227 26 371 136
person 0.004944056272506714 444 5 460 35
dog 0.0021657347679138184 159 167 270 294
person 0.9176012277603149 291 26 426 269
horse 0.002867281436920166 396 6 500 375
person 0.8283824920654297 113 65 251 311
dog 0.0012792348861694336 290 192 335 222
dog 0.0011513829231262207 161 171 364 303
sheep 0.002958148717880249 168 175 366 309
person 0.0034027397632598877 199 0 256 44
chair 0.010735392570495605 0 0 33 64
chair 0.002631455659866333 0 0 52 63
person 0.002935171127319336 83 0 137 86
dog 0.001477956771850586 289 174 335 223
person 0.4687906503677368 199 0 261 101
person 0.5273165702819824 217 27 314 125
car 0.0012159943580627441 302 0 417 56
