dog 0.6893061399459839 118 173 208 371
dog 0.0015668869018554688 117 167 273 372
person 0.9583829641342163 313 106 457 373
person 0.859188973903656 169 66 325 373
person 0.93744295835495 18 88 191 374
person 0.011244326829910278 164 67 462 372
pottedplant 0.0023875534534454346 0 0 27 18
cat 0.001904308795928955 119 172 168 227
pottedplant 0.028870850801467896 0 0 15 16
person 0.014955878257751465 0 99 20 305
pottedplant 0.02585861086845398 120 115 180 172
person 0.0014215409755706787 0 121 26 365
dog 0.0011424720287322998 34 170 194 409
dog 0.05070251226425171 80 172 192 377
pottedplant 0.008511096239089966 0 248 36 363
dog 0.003751039505004883 126 205 183 296
dog 0.005301922559738159 130 219 196 370
cat 0.0031976401805877686 128 176 180 246
cat 0.0022696256637573242 132 283 169 298
pottedplant 0.002359837293624878 0 0 31 41
chair 0.010328888893127441 0 95 20 361
person 0.004331141710281372 105 66 346 373
chair 0.004792630672454834 0 267 38 370
pottedplant 0.008677929639816284 0 194 36 359
dog 0.013689994812011719 144 225 191 299
cat 0.004133999347686768 120 173 164 204
cat 0.003650069236755371 129 176 165 203
dog 0.005797207355499268 128 173 185 251
cat 0.0015729963779449463 143 235 190 298
cat 0.43590131402015686 119 173 198 310
pottedplant 0.01155179738998413 0 0 18 35
pottedplant 0.006339401006698608 0 0 22 23
dog 0.026456594467163086 113 172 193 326
cat 0.0010322332382202148 142 208 191 292
cat 0.01467105746269226 130 283 193 314
pottedplant 0.0015010833740234375 0 279 35 351
