car 0.003537982702255249 0 64 132 311
car 0.3665890693664551 0 52 251 348
car 0.001972287893295288 18 169 499 580
person 0.0022170841693878174 36 21 64 81
person 0.0028561055660247803 36 40 64 82
person 0.004905790090560913 119 13 237 201
car 0.003324180841445923 0 62 13 142
car 0.025564581155776978 287 70 409 151
car 0.003147989511489868 458 135 499 240
car 0.019418001174926758 0 52 34 222
person 0.0015977323055267334 476 110 499 145
car 0.010776817798614502 446 139 499 276
car 0.002867281436920166 420 140 499 238
person 0.010328888893127441 0 58 14 144
person 0.0018822550773620605 0 58 34 141
car 0.001674354076385498 0 53 56 308
car 0.4814537465572357 0 67 321 324
person 0.6851080656051636 119 16 233 370
car 0.0010988116264343262 0 51 33 112
car 0.7577925324440002 148 71 500 379
person 0.004681944847106934 493 112 499 148
car 0.006097882986068726 64 57 301 301
car 0.004182338714599609 10 68 486 271
car 0.0012159943580627441 0 54 77 273
car 0.0177803635597229 0 54 34 147
pottedplant 0.0012447535991668701 477 101 499 146
car 0.0021657347679138184 440 136 499 175
car 0.006640911102294922 462 136 500 181
car 0.0027148425579071045 440 142 499 187
car 0.005099952220916748 451 138 500 205
pottedplant 0.001225501298904419 273 0 362 79
person 0.0010444223880767822 378 86 401 125
