person 0.003780364990234375 267 147 461 344
chair 0.006339401006698608 82 151 499 373
person 0.011030197143554688 275 141 410 341
person 0.7793221473693848 -1 17 407 343
person 0.1307273805141449 267 19 405 342
person 0.02068600058555603 52 176 328 298
person 0.18952050805091858 53 160 485 314
person 0.006850332021713257 178 16 406 343
sofa 0.0025508105754852295 1 202 499 551
sofa 0.012335866689682007 102 65 498 360
person 0.0013564825057983398 423 11 500 358
bottle 0.03234308958053589 267 22 303 61
person 0.0030280649662017822 68 -118 485 -1
person 0.007316946983337402 247 -82 484 -1
person 0.006719321012496948 266 9 393 193
person 0.002359837293624878 361 -68 514 -2
person 0.14415043592453003 450 1 499 164
bottle 0.018194735050201416 241 27 317 83
person 0.0026110410690307617 304 5 393 149
person 0.1451161801815033 450 0 499 108
dog 0.0029812753200531006 30 218 111 278
person 0.0010043680667877197 293 210 404 341
dog 0.0018245279788970947 296 214 404 344
car 0.0016940832138061523 71 0 492 102
car 0.0010988116264343262 67 2 438 126
bottle 0.020646393299102783 242 29 304 72
cat 0.00106087327003479 304 238 403 343
bottle 0.018125414848327637 267 23 310 72
cat 0.00135117769241333 320 259 404 343
sofa 0.5650590062141418 0 140 497 352
person 0.004331141710281372 264 22 393 151
dog 0.014784276485443115 304 15 393 140
person 0.0013995170593261719 81 200 166 265
person 0.00874510407447815 120 210 150 266
person 0.0012742578983306885 118 200 186 270
dog 0.0010860264301300049 5 184 117 287
chair 0.0013250410556793213 77 0 220 69
person 0.005819797515869141 13 182 222 286
person 0.0016874969005584717 266 0 366 107
person 0.0013147294521331787 303 0 369 110
bottle 0.24006345868110657 266 21 315 87
