aeroplane 0.007969379425048828 0 289 498 374
aeroplane 0.001111745834350586 0 140 491 373
car 0.013637453317642212 3 289 495 373
car 0.3575683832168579 362 194 386 210
car 0.0024921000003814697 351 195 369 208
car 0.019418001174926758 128 189 175 208
car 0.5097644925117493 147 188 180 207
car 0.00462755560874939 475 199 494 215
car 0.0010817945003509521 494 214 499 252
person 0.0012159943580627441 482 109 499 246
car 0.2005576193332672 0 177 18 194
car 0.0011971890926361084 473 198 499 218
car 0.035680413246154785 0 175 9 194
bus 0.0027148425579071045 184 175 203 190
car 0.0024628937244415283 0 163 7 195
car 0.0020505785942077637 0 164 18 194
car 0.0010162293910980225 494 208 499 244
car 0.0069571733474731445 164 186 180 206
car 0.012099772691726685 196 183 210 199
car 0.011731505393981934 200 182 215 199
car 0.613236665725708 215 181 236 201
pottedplant 0.0015366971492767334 482 121 499 183
car 0.020885050296783447 78 181 124 192
car 0.01698121428489685 95 181 124 192
car 0.015013545751571655 103 181 126 192
car 0.013901978731155396 119 182 145 192
car 0.019718080759048462 126 182 146 192
car 0.004468142986297607 132 182 150 192
car 0.0012207329273223877 146 181 177 204
bus 0.005219787359237671 183 177 197 189
bus 0.002314329147338867 190 178 209 191
bus 0.010368883609771729 197 180 215 199
bus 0.022033512592315674 207 180 236 201
car 0.0032602250576019287 237 180 248 194
car 0.13753482699394226 8 183 44 196
car 0.535098671913147 8 181 64 196
car 0.005597800016403198 73 185 101 193
car 0.018194735050201416 131 183 146 192
car 0.002323359251022339 272 186 289 194
car 0.003751039505004883 275 186 292 194
car 0.7956579923629761 243 191 271 215
car 0.0016483962535858154 0 179 7 198
car 0.0014104843139648438 75 178 132 193
car 0.0010083019733428955 182 175 197 190
car 0.0032476186752319336 196 177 237 196
car 0.001289278268814087 201 299 220 310
car 0.023242324590682983 196 181 237 200
car 0.17106285691261292 0 179 11 194
car 0.23231258988380432 0 180 28 195
bus 0.014336913824081421 196 176 218 198
bus 0.012383639812469482 196 175 235 199
