train 0.0010083019733428955 236 153 437 222
car 0.004736989736557007 103 198 123 208
car 0.052617788314819336 109 201 123 210
car 0.011331260204315186 109 196 123 207
person 0.0014438629150390625 489 198 499 235
train 0.008478313684463501 237 156 310 184
car 0.0016483962535858154 106 202 122 217
car 0.012240886688232422 110 203 123 218
person 0.003976315259933472 270 194 282 214
bus 0.0018245279788970947 236 143 365 193
bus 0.0018676519393920898 236 136 421 193
bus 0.0057077109813690186 369 104 500 234
train 0.020410388708114624 236 128 406 212
person 0.01524651050567627 0 152 11 372
person 0.011507302522659302 0 249 10 364
bus 0.525368869304657 292 108 499 235
bus 0.008252084255218506 406 107 500 170
bus 0.28298789262771606 454 103 499 235
bus 0.04402092099189758 452 103 500 182
person 0.0014215409755706787 0 201 25 373
car 0.3106938600540161 89 189 111 198
car 0.05877736210823059 110 190 126 199
car 0.08977669477462769 110 189 142 201
car 0.005752265453338623 196 187 220 202
car 0.0021657347679138184 209 187 237 200
bus 0.07133513689041138 296 122 456 181
bus 0.006903529167175293 375 108 500 198
train 0.00421491265296936 237 155 298 198
person 0.021949589252471924 0 242 10 306
car 0.0013147294521331787 79 184 89 196
car 0.025662213563919067 111 189 125 197
car 0.06656795740127563 112 189 137 199
car 0.0076660215854644775 177 188 200 199
car 0.005261063575744629 218 187 236 198
bus 0.004038453102111816 217 187 236 199
train 0.0069841742515563965 240 169 297 212
car 0.0015071630477905273 78 184 88 202
person 0.007345408201217651 0 199 11 312
bus 0.019869893789291382 110 189 148 204
bus 0.004102110862731934 292 175 464 226
car 0.02333083748817444 109 204 123 227
car 0.001972287893295288 109 200 123 221
bus 0.0060506463050842285 237 165 298 212
bus 0.005797207355499268 236 166 326 214
bus 0.0038546323776245117 237 165 355 218
car 0.0029466450214385986 90 182 111 197
motorbike 0.26132965087890625 110 207 123 227
car 0.0012943148612976074 490 194 499 235
bus 0.0010444223880767822 237 155 447 214
bus 0.0028228759765625 294 124 462 226
