dog 0.010209739208221436 0 57 248 255
dog 0.5832034945487976 107 88 280 297
sheep 0.9492974877357483 256 120 394 298
sheep 0.0010817945003509521 0 67 107 293
sheep 0.2062540352344513 105 88 284 298
bird 0.002501755952835083 38 149 97 209
sheep 0.0017410516738891602 258 89 297 112
sheep 0.012240886688232422 230 85 294 151
bird 0.004982620477676392 0 131 14 298
sheep 0.0016419589519500732 259 80 330 120
sheep 0.0013096034526824951 279 80 329 124
sheep 0.006003767251968384 0 52 83 242
sheep 0.018795818090438843 0 54 219 239
sheep 0.5765419602394104 96 31 249 129
sheep 0.0017823278903961182 224 83 295 255
sheep 0.0022963285446166992 96 35 298 215
sheep 0.0016613304615020752 233 47 328 149
sheep 0.0017684698104858398 259 101 322 208
sofa 0.0010567307472229004 0 16 115 158
sheep 0.001964658498764038 281 114 392 210
sofa 0.0012112557888031006 0 16 175 171
sofa 0.002779155969619751 4 16 241 191
sheep 0.0022873878479003906 337 119 394 183
dog 0.20561525225639343 97 31 249 129
sheep 0.003272920846939087 0 55 34 83
bird 0.1766728162765503 54 277 115 329
sheep 0.0050605833530426025 234 81 323 239
sheep 0.7201713919639587 0 60 125 243
bird 0.0030516982078552246 0 123 21 298
sheep 0.0013617873191833496 0 62 37 246
bird 0.014173001050949097 0 131 41 293
bird 0.8816165924072266 23 187 75 279
sheep 0.031736671924591064 278 97 321 147
sheep 0.005447685718536377 0 15 119 108
sheep 0.0069571733474731445 271 93 302 120
sheep 0.007204204797744751 271 93 312 137
sheep 0.01711207628250122 231 86 322 148
cat 0.011201143264770508 278 98 321 148
sheep 0.00536385178565979 473 132 499 156
person 0.0051396191120147705 0 0 15 56
sheep 0.0014215409755706787 0 54 28 168
sheep 0.002693742513656616 0 54 39 157
sheep 0.002693742513656616 0 53 107 130
sheep 0.003075540065765381 9 17 216 116
sheep 0.001560807228088379 252 82 307 117
sheep 0.004264324903488159 473 132 499 178
person 0.00257071852684021 0 -1 15 34
person 0.0010322332382202148 0 1 29 78
sheep 0.09807735681533813 16 16 119 85
person 0.001069188117980957 0 3 17 113
dog 0.026964962482452393 280 107 321 147
sheep 0.003075540065765381 473 132 499 216
bottle 0.13206565380096436 54 277 115 329
bird 0.0023052990436553955 35 145 105 223
sheep 0.0010322332382202148 270 92 300 140
sheep 0.8428651094436646 459 133 499 230
sheep 0.0022696256637573242 38 147 110 234
