train 0.7892334461212158 40 91 209 316
train 0.9572769403457642 240 73 441 305
person 0.15713486075401306 279 125 302 150
train 0.0051396191120147705 2 5 210 313
person 0.002314329147338867 238 201 247 242
person 0.0017275214195251465 237 195 260 268
person 0.0099753737449646 277 125 304 158
person 0.0013564825057983398 16 185 39 242
person 0.2538601756095886 237 199 252 268
person 0.001466512680053711 99 140 140 215
person 0.05460202693939209 105 144 137 177
person 0.0011160969734191895 17 186 39 221
person 0.001040339469909668 238 197 248 227
