person 0.009485304355621338 3 59 423 330
diningtable 0.013021320104598999 403 270 499 333
person 0.9602147340774536 0 53 186 331
person 0.9291808009147644 158 79 387 331
person 0.9494852423667908 386 102 499 332
bottle 0.14318987727165222 287 80 304 141
car 0.1999320089817047 169 132 252 163
bottle 0.0034027397632598877 453 78 473 104
bottle 0.0024724602699279785 485 235 500 334
bottle 0.0015729963779449463 58 296 89 331
person 0.010571062564849854 471 118 499 329
bottle 0.001289278268814087 0 111 33 186
car 0.006364047527313232 115 127 219 163
car 0.6297757029533386 171 132 222 163
chair 0.0017547309398651123 394 231 500 332
bottle 0.0010988116264343262 8 115 40 162
bottle 0.14128419756889343 0 123 9 154
bottle 0.0013250410556793213 0 110 31 157
diningtable 0.001477956771850586 411 291 500 332
diningtable 0.010289043188095093 410 225 499 332
bottle 0.005532950162887573 0 85 9 160
bottle 0.14128419756889343 106 299 139 332
car 0.005729943513870239 167 132 308 167
