boat 0.002779155969619751 69 202 335 501
bus 0.00284498929977417 225 441 340 500
boat 0.00257071852684021 237 147 335 481
train 0.0016039609909057617 0 24 327 498
horse 0.09236234426498413 63 2 326 498
person 0.13296425342559814 152 270 201 382
person 0.16885823011398315 151 262 247 381
car 0.004468142986297607 208 441 251 496
person 0.16291150450706482 152 307 200 380
chair 0.017510265111923218 205 441 335 499
pottedplant 0.0011925697326660156 261 19 335 191
bottle 0.020332276821136475 150 311 197 381
boat 0.015129566192626953 149 326 261 453
boat 0.015542924404144287 163 341 259 442
cat 0.25608596205711365 65 0 331 489
boat 0.005426615476608276 162 414 227 489
bird 0.08064311742782593 68 0 335 501
person 0.0014050006866455078 0 12 286 498
boat 0.0015366971492767334 141 422 228 492
tvmonitor 0.00185316801071167 203 438 268 498
tvmonitor 0.0014722347259521484 192 432 291 499
chair 0.01186823844909668 260 441 334 499
tvmonitor 0.017510265111923218 265 441 335 499
pottedplant 0.0869433581829071 305 386 335 447
bird 0.0026008784770965576 259 33 335 191
person 0.0020991265773773193 259 31 335 191
pottedplant 0.001225501298904419 279 33 335 183
boat 0.031857043504714966 159 339 259 498
