car 0.29910558462142944 329 190 487 263
car 0.937671422958374 25 195 473 427
person 0.002912372350692749 190 201 246 259
car 0.0015130341053009033 0 143 11 161
car 0.10338345170021057 0 141 36 161
person 0.1422344446182251 192 219 234 256
person 0.004982620477676392 197 223 246 257
person 0.012240886688232422 205 206 261 258
person 0.024891287088394165 224 205 261 258
person 0.8601315021514893 73 121 181 237
car 0.02112632989883423 327 194 383 257
boat 0.002341538667678833 17 0 475 264
car 0.03832080960273743 437 189 489 264
person 0.003285646438598633 50 125 183 356
car 0.0010733604431152344 0 144 8 164
car 0.0010241866111755371 439 189 475 223
bird 0.005040973424911499 36 77 63 105
person 0.0022344589233398438 24 148 37 180
