horse 0.7592233419418335 36 79 415 356
horse 0.8774785399436951 401 135 479 293
horse 0.0030516982078552246 371 117 478 288
person 0.002115577459335327 241 21 330 208
person 0.25608596205711365 399 105 428 201
person 0.012193650007247925 468 95 479 228
person 0.8652229905128479 433 101 479 223
person 0.0017275214195251465 382 98 420 163
person 0.01659417152404785 399 105 426 149
person 0.01444736123085022 369 104 429 202
horse 0.001466512680053711 358 146 424 274
horse 0.0017684698104858398 358 148 448 278
person 0.9176012277603149 209 20 326 217
pottedplant 0.0013044774532318115 0 24 24 103
person 0.0023690462112426758 393 105 421 187
person 0.0017007291316986084 432 101 475 162
person 0.004848897457122803 467 152 479 300
person 0.0015791356563568115 69 80 404 215
person 0.0023690462112426758 361 163 391 253
person 0.009784013032913208 459 125 479 290
person 0.007431507110595703 227 19 326 115
person 0.003537982702255249 459 100 479 219
person 0.0018174350261688232 473 108 479 202
person 0.004468142986297607 471 104 479 214
horse 0.006903529167175293 462 136 479 292
person 0.0026623904705047607 468 190 479 296
horse 0.0010860264301300049 329 98 422 253
person 0.0029812753200531006 401 105 451 203
