car 0.005080223083496094 397 69 449 94
bottle 0.028222382068634033 381 181 407 203
person 0.006193429231643677 478 86 499 168
bicycle 0.8044062852859497 214 123 254 155
motorbike 0.009303301572799683 444 126 499 166
motorbike 0.06512489914894104 477 122 499 166
car 0.009860128164291382 427 77 471 95
bicycle 0.001225501298904419 173 154 252 214
motorbike 0.004022836685180664 477 118 499 205
car 0.0012943148612976074 0 16 21 92
person 0.9281455874443054 23 88 84 321
motorbike 0.00257071852684021 169 155 278 246
person 0.0012112557888031006 227 165 254 228
pottedplant 0.0017615854740142822 0 154 8 201
cow 0.0011292099952697754 480 120 499 168
pottedplant 0.0015487074851989746 0 222 41 372
person 0.0026520490646362305 491 105 500 167
car 0.030442774295806885 398 69 470 94
dog 0.0018459856510162354 441 140 469 164
person 0.9026106595993042 382 146 452 297
person 0.0021073520183563232 387 179 421 294
motorbike 0.06324738264083862 345 96 380 123
pottedplant 0.0370461642742157 0 172 27 201
motorbike 0.6460129022598267 161 157 242 247
bicycle 0.003991752862930298 345 96 380 124
person 0.0342307984828949 477 124 499 167
dog 0.013901978731155396 477 129 500 166
person 0.009195834398269653 381 180 407 204
person 0.7853084802627563 119 96 169 269
bicycle 0.0030045807361602783 167 156 227 240
person 0.8697161674499512 229 135 269 249
boat 0.008156836032867432 0 169 29 200
bicycle 0.01956745982170105 214 132 248 153
bicycle 0.7799931764602661 163 156 243 247
