person 0.8906731605529785 124 149 259 329
dog 0.15869343280792236 0 138 103 326
bicycle 0.6057989597320557 255 117 422 230
person 0.006193429231643677 52 75 146 319
person 0.00831615924835205 100 119 194 327
person 0.0013724565505981445 36 114 160 327
person 0.0019419193267822266 95 113 237 327
cow 0.028009146451950073 0 143 101 325
sheep 0.040843963623046875 0 148 103 326
person 0.0013147294521331787 28 0 78 50
person 0.01186823844909668 16 152 84 203
person 0.0012112557888031006 0 42 46 154
person 0.0022696256637573242 21 45 118 148
person 0.0019419193267822266 84 21 145 116
person 0.002406179904937744 94 19 156 115
person 0.007038503885269165 67 38 153 120
person 0.002018868923187256 0 38 23 93
bicycle 0.024702221155166626 390 115 465 171
bird 0.01883181929588318 68 44 146 120
person 0.0024438798427581787 490 31 500 161
dog 0.006241738796234131 0 55 34 153
person 0.006930291652679443 0 42 13 69
dog 0.0018245279788970947 0 159 27 268
person 0.001178741455078125 475 42 499 203
person 0.003635883331298828 0 35 18 122
person 0.004022836685180664 0 42 24 120
bicycle 0.01854574680328369 389 74 498 173
person 0.0016874969005584717 0 9 9 71
dog 0.002746790647506714 0 195 30 246
person 0.004231303930282593 0 44 19 104
dog 0.008284062147140503 0 200 25 315
person 0.0031976401805877686 0 41 31 105
bicycle 0.010368883609771729 442 46 499 198
dog 0.005040973424911499 0 200 43 314
person 0.001040339469909668 120 35 168 97
person 0.02920001745223999 21 11 181 308
dog 0.006169408559799194 15 141 65 178
person 0.019642621278762817 16 36 132 227
person 0.0029928982257843018 107 0 169 57
horse 0.0064885616302490234 0 154 103 324
bicycle 0.6654106378555298 388 113 500 196
person 0.9164110422134399 303 97 405 264
bicycle 0.008711427450180054 389 116 435 173
person 0.1097080409526825 0 45 109 310
dog 0.004198610782623291 0 194 75 318
person 0.005865275859832764 0 56 61 247
person 0.5660187602043152 20 35 134 308
person 0.0012496113777160645 482 35 499 175
person 0.011030197143554688 0 24 20 162
person 0.7318251132965088 99 1 188 319
person 0.01164129376411438 0 23 29 161
person 0.0014215409755706787 0 5 51 158
chair 0.001264333724975586 469 104 499 196
dog 0.006903529167175293 0 185 32 279
dog 0.02161678671836853 0 201 49 267
person 0.010449320077896118 0 27 13 71
pottedplant 0.018194735050201416 255 280 326 330
person 0.003751039505004883 0 51 9 175
person 0.2538601756095886 5 152 104 322
person 0.006850332021713257 0 41 21 256
person 0.00629037618637085 0 44 37 255
chair 0.0011879205703735352 470 16 499 201
bicycle 0.013901978731155396 326 150 419 262
bicycle 0.006388753652572632 470 91 499 284
dog 0.07977861166000366 0 151 99 278
person 0.007176309823989868 0 23 13 152
person 0.05770769715309143 97 0 170 120
bicycle 0.0723770260810852 334 154 419 233
chair 0.0033501386642456055 322 133 412 265
dog 0.004963308572769165 14 140 82 197
person 0.05521073937416077 0 150 99 273
person 0.0015729963779449463 20 0 117 51
bicycle 0.005301922559738159 383 160 418 232
horse 0.0028228759765625 0 79 83 248
bicycle 0.6791782379150391 255 116 348 205
person 0.0018245279788970947 0 138 28 247
person 0.0012943148612976074 0 153 45 246
bicycle 0.01467105746269226 331 114 429 230
bicycle 0.18772712349891663 470 100 499 198
horse 0.0013096034526824951 0 115 98 256
person 0.04069101810455322 3 146 96 244
person 0.005819797515869141 75 53 134 290
