sofa 0.08787891268730164 1 107 476 374
sofa 0.8933094143867493 0 109 298 373
sofa 0.5370416045188904 289 106 499 333
chair 0.007345408201217651 485 61 499 229
chair 0.017177879810333252 290 107 399 212
chair 0.004963308572769165 363 106 499 219
chair 0.00933942198753357 481 68 499 211
sofa 0.06608361005783081 290 107 499 219
chair 0.0017547309398651123 491 48 500 197
bottle 0.002359837293624878 478 191 492 218
sofa 0.005119770765304565 78 109 298 264
sofa 0.0010083019733428955 17 108 297 289
sofa 0.001388639211654663 31 108 492 301
cat 0.0012742578983306885 488 66 499 216
pottedplant 0.0014837086200714111 477 130 500 227
chair 0.004264324903488159 196 130 350 283
chair 0.0016548335552215576 247 119 352 284
sofa 0.03397315740585327 290 107 404 212
