person 0.004982620477676392 306 206 423 332
person 0.9463987350463867 66 197 193 333
person 0.0046637654304504395 257 236 385 333
person 0.0653633177280426 286 236 402 333
person 0.005685538053512573 292 202 494 333
person 0.09041720628738403 415 167 496 332
person 0.004700213670730591 392 200 418 315
person 0.006797581911087036 398 201 421 318
person 0.005099952220916748 289 233 362 309
person 0.0019266009330749512 386 196 409 319
boat 0.0015487074851989746 194 266 233 291
person 0.005774706602096558 401 204 425 310
person 0.016658097505569458 375 192 386 207
person 0.016403794288635254 377 193 388 208
person 0.010014057159423828 385 192 396 212
person 0.0062660276889801025 290 280 359 333
cat 0.002359837293624878 1 98 26 117
person 0.04778146743774414 481 192 499 247
person 0.003123670816421509 250 200 308 268
person 0.0011879205703735352 381 184 399 302
person 0.005322486162185669 390 190 415 295
person 0.12085327506065369 344 193 405 328
boat 0.029985934495925903 11 2 491 335
car 0.0020346641540527344 176 279 221 293
car 0.0018245279788970947 192 279 221 292
person 0.003976315259933472 495 183 499 285
person 0.002314329147338867 385 191 399 277
person 0.009231507778167725 481 188 498 263
person 0.015602916479110718 491 187 499 266
person 0.0015729963779449463 251 199 297 246
person 0.0021073520183563232 386 194 405 244
person 0.4416731297969818 430 219 497 333
person 0.0012943148612976074 411 196 429 223
person 0.0012792348861694336 428 191 444 213
person 0.002406179904937744 457 180 474 212
cat 0.0035935938358306885 1 98 26 135
person 0.0026623904705047607 495 219 499 331
bird 0.005119770765304565 2 97 26 123
person 0.09911799430847168 345 194 389 320
person 0.13799899816513062 400 196 432 326
person 0.001560807228088379 444 185 498 319
person 0.0177803635597229 479 189 498 316
boat 0.00394555926322937 174 214 250 263
person 0.8740801811218262 248 200 313 332
person 0.004468142986297607 412 196 462 333
person 0.010052919387817383 86 197 171 242
person 0.005819797515869141 382 193 399 251
boat 0.0010322332382202148 172 279 279 331
diningtable 0.0022696256637573242 173 283 277 331
person 0.31742578744888306 287 235 368 333
person 0.0027148425579071045 133 211 167 236
boat 0.0023968517780303955 85 210 243 251
person 0.0017823278903961182 395 196 411 250
person 0.0018103718757629395 405 196 430 234
person 0.0010650157928466797 418 172 484 251
person 0.002757549285888672 471 191 497 224
person 0.009936809539794922 382 194 404 311
person 0.00118333101272583 391 192 403 228
person 0.003824770450592041 464 192 497 296
boat 0.004924893379211426 131 213 249 254
person 0.009936809539794922 376 192 389 231
person 0.002935171127319336 383 192 398 231
bottle 0.0023506581783294678 81 234 88 253
person 0.003884732723236084 247 202 318 290
car 0.0023875534534454346 180 277 232 292
car 0.0030280649662017822 188 273 231 292
car 0.0020991265773773193 195 269 232 291
pottedplant 0.001455157995223999 0 93 27 145
bird 0.004848897457122803 1 97 27 143
person 0.008543968200683594 376 193 388 216
person 0.007786005735397339 378 193 390 217
person 0.004264324903488159 386 193 397 222
person 0.008380681276321411 394 190 410 217
person 0.0015307366847991943 412 194 428 216
person 0.012288272380828857 425 191 440 215
person 0.30074605345726013 437 171 469 210
person 0.28937116265296936 479 192 497 216
person 0.02748247981071472 394 190 409 208
person 0.0028897523880004883 413 191 428 211
person 0.003930270671844482 459 187 473 212
