person 0.9322066307067871 364 168 499 373
chair 0.0027042627334594727 431 91 499 360
chair 0.00564149022102356 465 90 499 361
chair 0.0030280649662017822 451 88 499 374
person 0.0030045807361602783 0 142 21 370
person 0.011331260204315186 0 163 71 373
person 0.0014722347259521484 0 225 104 373
person 0.9405725002288818 221 125 410 374
diningtable 0.8910531997680664 0 230 256 374
person 0.8944220542907715 96 99 208 270
person 0.8987698554992676 186 68 284 297
person 0.005219787359237671 0 142 49 373
person 0.0034293532371520996 257 74 327 136
person 0.011331260204315186 150 97 206 157
person 0.0018822550773620605 144 97 207 223
chair 0.003795117139816284 65 142 150 247
person 0.002074718475341797 187 68 282 189
chair 0.0013564825057983398 336 100 466 204
tvmonitor 0.02405199408531189 0 138 11 205
chair 0.6187803745269775 93 143 149 185
bottle 0.004556000232696533 484 89 499 160
person 0.0029812753200531006 411 168 499 371
person 0.004007279872894287 439 166 499 375
person 0.0027360916137695312 469 164 500 381
person 0.0017073750495910645 213 67 313 139
chair 0.00406983494758606 481 83 499 184
chair 0.027274370193481445 0 240 62 374
bottle 0.01422739028930664 0 196 13 259
person 0.002631455659866333 0 221 32 372
person 0.001388639211654663 0 201 17 369
tvmonitor 0.0031724870204925537 258 75 319 129
bottle 0.0038546323776245117 182 239 208 275
bottle 0.7813307046890259 116 237 134 284
bottle 0.004102110862731934 485 84 499 182
bottle 0.002359837293624878 0 201 13 301
bottle 0.002140522003173828 0 200 7 269
chair 0.004830062389373779 322 77 466 215
chair 0.014282047748565674 392 123 467 216
chair 0.0016548335552215576 471 49 500 255
chair 0.0015189051628112793 279 89 334 142
person 0.6297757029533386 333 65 425 265
chair 0.004681944847106934 324 87 465 281
chair 0.0012594163417816162 0 287 18 375
bottle 0.001432657241821289 493 77 500 178
person 0.012383639812469482 0 157 14 369
bottle 0.0017823278903961182 0 141 11 249
bottle 0.0076958537101745605 0 141 11 209
chair 0.0015977323055267334 0 295 37 375
chair 0.0013995170593261719 0 275 43 380
bottle 0.002958148717880249 0 254 14 294
person 0.024891287088394165 0 173 13 262
chair 0.04995569586753845 94 142 149 251
person 0.03732478618621826 0 125 13 263
chair 0.15152835845947266 0 316 62 374
person 0.0022696256637573242 0 129 28 275
chair 0.001146942377090454 340 110 426 249
