chair 0.006666600704193115 368 173 499 331
aeroplane 0.0016292035579681396 9 123 498 286
aeroplane 0.004297584295272827 368 90 499 331
aeroplane 0.0017963051795959473 8 151 498 328
aeroplane 0.909582793712616 88 130 274 194
aeroplane 0.0012302696704864502 351 165 390 184
aeroplane 0.00135117769241333 349 166 420 184
aeroplane 0.0026623904705047607 353 163 425 187
car 0.006413578987121582 415 166 427 179
aeroplane 0.008000344038009644 414 166 431 179
aeroplane 0.01094403862953186 432 169 448 180
car 0.018334269523620605 434 171 450 180
aeroplane 0.002560734748840332 458 165 500 185
aeroplane 0.009860128164291382 469 161 499 185
aeroplane 0.003160238265991211 481 114 499 177
aeroplane 0.0013302266597747803 489 90 500 179
aeroplane 0.0010860264301300049 472 63 499 202
car 0.0021488964557647705 432 176 440 185
aeroplane 0.0011971890926361084 433 172 443 185
aeroplane 0.0029466450214385986 468 162 499 192
aeroplane 0.0035518109798431396 469 156 499 200
aeroplane 0.0034832358360290527 296 118 497 180
aeroplane 0.0030995309352874756 365 131 499 181
aeroplane 0.002641737461090088 403 122 500 185
aeroplane 0.0025310516357421875 472 106 499 189
aeroplane 0.0011424720287322998 0 144 47 176
aeroplane 0.00257071852684021 0 127 27 181
aeroplane 0.0032476186752319336 484 126 500 181
aeroplane 0.00394555926322937 367 177 480 227
aeroplane 0.0011248290538787842 457 137 499 283
aeroplane 0.004830062389373779 474 145 499 169
aeroplane 0.0011336207389831543 0 149 6 175
aeroplane 0.01048976182937622 0 160 32 176
aeroplane 0.0020505785942077637 21 164 38 175
aeroplane 0.002003192901611328 347 148 430 175
aeroplane 0.003272920846939087 436 147 495 180
aeroplane 0.013172894716262817 473 145 499 187
aeroplane 0.0012742578983306885 462 147 499 173
aeroplane 0.003824770450592041 485 138 500 190
aeroplane 0.001524806022644043 0 138 10 176
aeroplane 0.008062601089477539 0 139 29 176
aeroplane 0.013274848461151123 0 151 32 176
aeroplane 0.10631856322288513 346 149 437 183
aeroplane 0.0010004639625549316 18 160 39 176
aeroplane 0.002693742513656616 331 145 501 180
aeroplane 0.00952214002609253 394 145 499 180
aeroplane 0.008478313684463501 419 167 451 180
aeroplane 0.0035518109798431396 425 114 499 188
aeroplane 0.007431507110595703 436 167 452 180
aeroplane 0.005980461835861206 447 166 456 179
aeroplane 0.004924893379211426 452 166 480 178
aeroplane 0.003884732723236084 450 153 500 182
aeroplane 0.0030162930488586426 324 151 442 196
aeroplane 0.0033371448516845703 6 169 23 176
aeroplane 0.0027042627334594727 9 168 32 176
aeroplane 0.0012350976467132568 339 154 457 221
aeroplane 0.004573792219161987 416 138 500 227
aeroplane 0.0022519826889038086 451 123 499 248
aeroplane 0.006589770317077637 411 151 499 184
aeroplane 0.00812530517578125 417 138 500 199
aeroplane 0.003298431634902954 431 120 499 219
aeroplane 0.0017275214195251465 470 110 499 239
