chair 0.004700213670730591 80 153 117 197
chair 0.0024724602699279785 84 153 132 204
chair 0.002115577459335327 295 128 318 156
chair 0.0022696256637573242 295 128 332 157
chair 0.002901047468185425 312 133 335 157
chair 0.002415567636489868 302 156 347 204
chair 0.0021912753582000732 304 155 363 204
chair 0.0022607743740081787 325 160 408 197
chair 0.002341538667678833 349 162 409 194
chair 0.0046637654304504395 262 125 282 158
chair 0.003442734479904175 312 134 347 163
chair 0.0022607743740081787 313 124 357 169
chair 0.003496825695037842 296 154 395 200
chair 0.0026623904705047607 120 126 162 164
chair 0.004054129123687744 323 161 392 190
chair 0.0020991265773773193 355 163 408 188
pottedplant 0.004905790090560913 479 160 499 212
chair 0.0016678273677825928 261 127 299 159
chair 0.001524806022644043 280 128 318 157
pottedplant 0.04304414987564087 385 137 440 186
pottedplant 0.004792630672454834 0 123 29 234
chair 0.019195973873138428 109 161 144 206
chair 0.07779598236083984 30 118 54 178
pottedplant 0.012146621942520142 321 26 371 173
chair 0.003524214029312134 77 125 101 163
chair 0.0023690462112426758 108 181 132 206
pottedplant 0.008445650339126587 0 115 10 180
diningtable 0.0016355812549591064 142 127 172 165
chair 0.011507302522659302 147 128 174 165
chair 0.6057989597320557 117 125 147 174
diningtable 0.006438493728637695 116 126 179 173
chair 0.5 152 127 191 176
diningtable 0.002406179904937744 93 133 191 174
boat 0.0015977323055267334 259 132 401 182
pottedplant 0.006589770317077637 0 123 23 217
chair 0.29992520809173584 31 124 72 177
chair 0.25534260272979736 42 128 77 177
chair 0.007725805044174194 127 127 185 174
chair 0.0010775625705718994 258 141 382 236
pottedplant 0.001466512680053711 0 102 10 167
pottedplant 0.008984774351119995 30 118 63 175
chair 0.0020267367362976074 36 118 88 176
chair 0.008711427450180054 75 145 114 178
pottedplant 0.0026727914810180664 0 122 26 184
chair 0.0012544989585876465 112 141 144 189
chair 0.0010650157928466797 119 146 158 178
chair 0.012006610631942749 150 145 190 178
chair 0.22269964218139648 56 124 87 177
chair 0.04813694953918457 71 125 97 177
chair 0.8397353291511536 80 125 115 177
chair 0.07503995299339294 308 135 372 178
diningtable 0.0011741816997528076 121 125 158 172
chair 0.00822022557258606 168 127 195 175
chair 0.002725452184677124 301 153 396 180
chair 0.0032602250576019287 330 161 389 179
chair 0.001432657241821289 357 163 394 182
pottedplant 0.00421491265296936 479 128 500 212
chair 0.003765672445297241 294 132 333 172
pottedplant 0.001489490270614624 320 48 358 129
pottedplant 0.0020991265773773193 0 123 17 156
chair 0.007725805044174194 31 119 69 157
chair 0.0052814483642578125 66 125 88 162
chair 0.0031724870204925537 79 125 103 155
pottedplant 0.0023968517780303955 0 113 10 152
chair 0.0010945498943328857 0 107 11 154
pottedplant 0.0045206546783447266 30 117 50 136
chair 0.0011336207389831543 32 119 56 139
chair 0.018474966287612915 53 122 77 139
chair 0.0013250410556793213 92 153 116 177
chair 0.0030516982078552246 113 158 152 190
pottedplant 0.005980461835861206 0 123 10 155
pottedplant 0.003884732723236084 30 117 51 144
chair 0.019269704818725586 53 123 77 148
chair 0.00406983494758606 71 123 86 152
chair 0.4416731297969818 309 134 395 189
chair 0.0011741816997528076 153 127 189 157
chair 0.16026467084884644 259 126 310 178
chair 0.01798534393310547 287 130 319 176
chair 0.03462067246437073 294 132 345 177
chair 0.019418001174926758 310 133 347 177
pottedplant 0.0019876956939697266 436 91 483 216
chair 0.0031358301639556885 0 101 9 139
chair 0.0015977323055267334 257 138 353 209
pottedplant 0.04813694953918457 384 138 440 221
chair 0.003442734479904175 163 149 196 178
chair 0.09946715831756592 32 123 83 184
chair 0.015723586082458496 256 154 305 177
chair 0.0017275214195251465 114 139 151 186
chair 0.013274848461151123 257 145 316 178
chair 0.001111745834350586 257 142 340 196
chair 0.001225501298904419 408 184 437 221
