car 0.021207362413406372 45 107 499 373
car 0.3548809587955475 286 163 499 374
car 0.06347915530204773 133 150 463 294
person 0.9520411491394043 326 107 429 375
car 0.8887557983398438 8 59 299 374
car 0.1343218982219696 267 148 468 294
car 0.05686435103416443 373 162 499 374
car 0.002018868923187256 84 184 136 211
person 0.002757549285888672 486 188 499 224
car 0.008846968412399292 0 200 21 224
car 0.0020267367362976074 264 151 345 188
car 0.0010083019733428955 0 41 49 348
car 0.004182338714599609 2 72 463 301
pottedplant 0.0016483962535858154 221 3 485 183
car 0.0011380314826965332 282 212 477 294
person 0.014392048120498657 157 255 246 293
car 0.03527957201004028 0 156 28 314
car 0.0019494593143463135 252 152 347 209
car 0.0011879205703735352 453 159 499 227
car 0.001714080572128296 484 132 499 238
dog 0.007518589496612549 153 258 236 292
car 0.0016102492809295654 0 156 79 315
car 0.0017547309398651123 259 138 367 294
person 0.001489490270614624 489 157 499 245
bottle 0.001040339469909668 348 170 366 188
car 0.026356011629104614 209 149 348 298
car 0.012479722499847412 0 197 22 253
car 0.0062660276889801025 0 195 31 275
car 0.001388639211654663 250 151 350 247
car 0.0013995170593261719 434 163 499 232
car 0.0026520490646362305 481 152 499 253
