bicycle 0.0022963285446166992 1 205 310 499
bicycle 0.0015189051628112793 378 8 478 499
person 0.9176012277603149 2 99 315 499
chair 0.02571117877960205 4 159 321 483
person 0.0016483962535858154 95 259 316 499
chair 0.0010775625705718994 44 277 311 500
chair 0.003795117139816284 1 202 271 496
bottle 0.0022257566452026367 300 242 375 269
bottle 0.0017963051795959473 104 294 145 312
bottle 0.00386965274810791 347 335 364 361
bottle 0.0011603832244873047 347 319 367 363
bottle 0.004944056272506714 107 293 151 339
person 0.0015130341053009033 5 108 274 314
bottle 0.0015729963779449463 313 235 372 265
bottle 0.0020666420459747314 330 235 365 255
