sofa 0.008445650339126587 135 200 360 371
chair 0.7931057214736938 357 219 499 360
chair 0.3998115658760071 466 217 499 372
chair 0.2845756411552429 138 190 356 273
chair 0.007606714963912964 236 161 358 266
chair 0.07343220710754395 459 161 499 357
diningtable 0.08819276094436646 357 215 499 354
sofa 0.35398706793785095 137 193 357 271
diningtable 0.036631643772125244 422 172 499 361
pottedplant 0.0048677921295166016 482 140 499 191
pottedplant 0.08328992128372192 384 106 419 192
pottedplant 0.006640911102294922 471 119 499 218
pottedplant 0.005447685718536377 454 105 499 216
pottedplant 0.009267330169677734 478 111 499 215
chair 0.08093324303627014 358 210 438 342
bottle 0.0012065470218658447 293 221 312 262
chair 0.0010988116264343262 270 194 366 319
bottle 0.10819017887115479 299 221 312 262
chair 0.0020505785942077637 482 197 499 354
chair 0.0031115710735321045 468 181 499 304
person 0.002199828624725342 229 160 311 281
person 0.0012018680572509766 238 171 328 282
chair 0.0014382600784301758 483 253 500 375
chair 0.005322486162185669 443 150 472 213
pottedplant 0.0026212334632873535 462 139 499 217
person 0.004645615816116333 238 154 358 263
pottedplant 0.024608224630355835 482 135 499 223
chair 0.0028228759765625 424 197 498 318
person 0.8757897019386292 176 152 255 252
chair 0.008188486099243164 239 190 358 263
chair 0.006413578987121582 479 169 499 299
chair 0.11596250534057617 435 167 499 365
pottedplant 0.003160238265991211 482 134 499 177
pottedplant 0.00822022557258606 475 133 499 232
chair 0.0022696256637573242 140 195 263 269
chair 0.003272920846939087 282 195 356 266
chair 0.04304414987564087 465 169 499 217
chair 0.006193429231643677 492 179 500 335
chair 0.0016940832138061523 483 139 499 222
chair 0.0011971890926361084 381 173 418 191
bottle 0.0017684698104858398 471 189 499 222
chair 0.01798534393310547 470 272 500 376
person 0.6943025588989258 239 152 294 253
chair 0.03359013795852661 443 151 500 218
chair 0.003884732723236084 467 132 499 221
