horse 0.003678649663925171 0 21 19 116
car 0.00257071852684021 483 54 499 123
dog 0.0014159977436065674 0 111 10 206
car 0.02605646848678589 344 0 393 38
person 0.0010650157928466797 0 0 48 105
car 0.0017275214195251465 116 13 271 72
person 0.22135034203529358 470 0 499 124
person 0.014009058475494385 0 0 40 49
car 0.0010650157928466797 32 0 50 32
person 0.03993484377861023 72 0 100 37
car 0.004718571901321411 470 0 499 121
car 0.012772411108016968 109 0 179 27
car 0.019642621278762817 254 0 394 42
car 0.9591560363769531 7 15 493 237
car 0.0014438629150390625 14 0 168 38
car 0.0010733604431152344 36 0 409 66
person 0.0022785067558288574 485 -10 499 107
person 0.0028009116649627686 0 11 19 129
car 0.0018969178199768066 486 79 499 119
car 0.014727562665939331 42 0 114 36
person 0.018194735050201416 399 0 438 56
car 0.001449495553970337 110 -1 199 35
car 0.0011879205703735352 342 0 438 48
car 0.001455157995223999 479 24 499 130
car 0.001225501298904419 0 0 85 36
car 0.001524806022644043 136 0 169 18
person 0.0033501386642456055 256 0 290 14
person 0.001178741455078125 0 20 16 205
person 0.0017275214195251465 491 55 499 178
sheep 0.0017684698104858398 0 24 10 44
car 0.003664344549179077 295 0 393 39
person 0.00185316801071167 256 -1 275 12
car 0.04778146743774414 443 0 487 36
person 0.0015668869018554688 388 1 408 48
car 0.005099952220916748 0 0 48 56
person 0.010776817798614502 423 0 448 61
