person 0.021534323692321777 -1 190 89 497
motorbike 0.6992539167404175 9 181 357 499
person 0.001674354076385498 81 100 110 128
bottle 0.0010162293910980225 167 207 209 247
person 0.0013250410556793213 292 205 308 234
person 0.003678649663925171 292 228 323 278
person 0.0052814483642578125 301 227 324 276
tvmonitor 0.007755845785140991 0 0 40 71
person 0.0012594163417816162 0 249 14 302
person 0.0024344027042388916 307 227 325 273
person 0.0018604099750518799 289 205 309 240
person 0.0030162930488586426 296 205 310 236
person 0.0033371448516845703 300 206 311 237
person 0.009267330169677734 322 200 342 258
person 0.0017207860946655273 296 204 317 268
motorbike 0.0030516982078552246 36 270 78 323
person 0.004556000232696533 366 205 374 253
person 0.012240886688232422 0 189 89 306
chair 0.010652929544448853 0 158 92 506
person 0.0034293532371520996 291 205 319 272
person 0.00517958402633667 332 207 355 259
person 0.4551987051963806 351 204 372 257
person 0.001335442066192627 31 208 87 272
person 0.0012842416763305664 0 108 204 502
person 0.8019360303878784 0 197 40 305
person 0.7885829210281372 1 2 345 498
person 0.011287689208984375 3 1 267 270
chair 0.0011424720287322998 0 37 98 334
tvmonitor 0.007148534059524536 304 8 374 116
motorbike 0.0017410516738891602 287 206 311 257
person 0.003621727228164673 289 205 312 264
person 0.002725452184677124 299 205 316 259
person 0.0015487074851989746 303 203 320 258
person 0.33807653188705444 318 200 333 258
person 0.001264333724975586 327 203 347 258
tvmonitor 0.0022519826889038086 0 103 26 147
train 0.0011336207389831543 238 94 308 199
motorbike 0.09911799430847168 287 225 320 270
motorbike 0.004166156053543091 303 230 322 269
chair 0.01711207628250122 43 126 84 151
person 0.0010988116264343262 310 228 332 260
person 0.001111745834350586 318 226 333 258
person 0.0010043680667877197 368 197 374 229
person 0.0025115013122558594 262 203 288 233
person 0.0010162293910980225 356 203 372 242
person 0.0010988116264343262 368 199 374 239
tvmonitor 0.001432657241821289 0 102 77 148
chair 0.007725805044174194 81 100 111 127
motorbike 0.1250624656677246 331 215 356 259
person 0.002969682216644287 0 196 13 302
tvmonitor 0.002631455659866333 0 102 83 169
person 0.0011336207389831543 304 227 322 266
person 0.0010444223880767822 319 200 331 235
