bicycle 0.0012994110584259033 11 129 374 499
bicycle 0.0029237568378448486 12 387 370 499
car 0.2759098410606384 17 37 374 500
bicycle 0.001489490270614624 6 126 87 177
motorbike 0.006241738796234131 0 123 14 170
bicycle 0.026964962482452393 1 126 19 170
bicycle 0.08210369944572449 5 127 35 171
bird 0.003824770450592041 140 473 173 496
bird 0.0025115013122558594 148 473 174 488
bird 0.0016483962535858154 196 337 236 363
bird 0.0060506463050842285 100 475 233 499
bird 0.0012350976467132568 73 475 330 499
bicycle 0.0017275214195251465 62 454 355 499
person 0.005685538053512573 13 117 24 130
person 0.018194735050201416 25 118 39 130
motorbike 0.0019419193267822266 68 55 373 348
person 0.5438323616981506 13 75 99 469
person 0.005301922559738159 13 70 159 480
motorbike 0.2173374891281128 21 54 372 499
person 0.0021321773529052734 9 121 29 167
person 0.02931046485900879 2 123 13 149
person 0.010328888893127441 10 121 25 155
person 0.0015307366847991943 17 118 43 156
person 0.0010902583599090576 24 117 43 146
pottedplant 0.0012742578983306885 324 0 357 24
bicycle 0.015784263610839844 5 126 56 171
bird 0.00812530517578125 213 444 271 469
pottedplant 0.002314329147338867 336 0 374 13
pottedplant 0.0018245279788970947 318 0 366 23
pottedplant 0.0016292035579681396 321 0 376 19
bird 0.0010362863540649414 196 441 279 467
bird 0.233708918094635 104 474 174 499
