boat 0.9249600172042847 147 182 458 294
boat 0.07977861166000366 0 208 160 240
boat 0.0024628937244415283 156 192 203 209
boat 0.0011424720287322998 156 191 223 208
boat 0.0016678273677825928 160 184 239 208
boat 0.015129566192626953 399 199 456 222
person 0.0013778507709503174 259 210 268 235
person 0.004133999347686768 273 209 282 226
boat 0.021782606840133667 449 213 496 231
train 0.00406983494758606 0 217 168 239
person 0.0012065470218658447 273 210 282 239
boat 0.0030995309352874756 412 210 429 222
boat 0.09911799430847168 427 206 456 223
boat 0.010091900825500488 1 189 162 240
aeroplane 0.0018676519393920898 450 213 488 231
boat 0.02211776375770569 427 211 455 224
boat 0.003160238265991211 448 214 478 228
boat 0.01164129376411438 449 216 487 231
train 0.001367121934890747 33 219 115 238
