sofa 0.005511492490768433 240 177 500 368
person 0.007232218980789185 469 159 499 369
chair 0.6584183573722839 247 271 466 374
chair 0.001831650733947754 111 275 459 374
person 0.4931645095348358 294 -1 499 366
sofa 0.010652929544448853 278 104 499 364
sofa 0.006850332021713257 355 130 499 364
person 0.9145961999893188 164 151 239 336
person 0.9527521133422852 20 201 208 373
chair 0.0015729963779449463 220 153 377 344
sofa 0.030965417623519897 213 7 500 367
bottle 0.0010945498943328857 271 193 332 233
tvmonitor 0.8757897019386292 0 126 52 199
bottle 0.006463468074798584 276 189 319 226
pottedplant 0.7704628705978394 65 124 158 187
bottle 0.0020425915718078613 390 248 401 275
pottedplant 0.0011336207389831543 0 31 23 219
dog 0.0013940632343292236 276 190 338 262
chair 0.006538987159729004 77 183 176 298
sofa 0.0022519826889038086 378 194 502 258
dog 0.002757549285888672 106 296 219 364
dog 0.4339812397956848 165 296 230 370
person 0.047247886657714844 480 170 499 373
person 0.007120847702026367 482 270 500 373
person 0.0035935938358306885 265 150 341 249
pottedplant 0.004468142986297607 0 50 17 125
tvmonitor 0.0028228759765625 0 127 45 185
person 0.783988356590271 276 147 375 260
dog 0.0035935938358306885 377 194 501 254
tvmonitor 0.003678649663925171 76 182 180 292
person 0.0020346641540527344 275 149 338 229
person 0.0020346641540527344 280 149 362 222
cat 0.20882385969161987 164 297 230 371
person 0.001367121934890747 289 148 345 213
