chair 0.04177337884902954 0 328 83 497
car 0.0026727914810180664 252 346 369 428
car 0.009633511304855347 277 338 373 464
person 0.5794005393981934 123 170 208 493
car 0.0030162930488586426 247 341 366 472
car 0.0411514937877655 0 329 82 497
person 0.007460415363311768 0 329 82 498
person 0.0012842416763305664 142 419 166 441
car 0.0023506581783294678 240 372 305 409
bottle 0.0015853047370910645 167 284 207 395
tvmonitor 0.0250818133354187 77 392 233 497
person 0.027067720890045166 334 343 374 499
person 0.4474601149559021 205 304 242 371
car 0.004792630672454834 224 387 241 430
car 0.003147989511489868 239 374 282 436
car 0.3593648076057434 265 372 308 428
person 0.8670357465744019 296 350 345 498
car 0.0023968517780303955 296 341 374 498
car 0.19744417071342468 331 339 374 494
person 0.00142708420753479 216 345 228 372
car 0.002453356981277466 246 349 272 375
