train 0.8783152103424072 96 2 499 378
train 0.002018868923187256 0 110 21 292
person 0.0012065470218658447 481 64 499 288
person 0.0031115710735321045 61 242 76 273
bicycle 0.0011160969734191895 103 254 128 286
person 0.0011292099952697754 146 245 160 265
person 0.24944737553596497 59 251 69 284
person 0.4590761959552765 66 249 81 285
person 0.7799931764602661 82 242 101 287
person 0.6297757029533386 27 243 40 279
bus 0.01627802848815918 0 222 15 275
person 0.003524214029312134 85 203 102 253
person 0.002912372350692749 149 245 162 266
person 0.00391504168510437 153 247 164 267
person 0.001455157995223999 4 247 14 272
pottedplant 0.0022519826889038086 105 255 128 286
person 0.18594691157341003 84 204 100 236
