chair 0.9623903036117554 302 113 449 281
sofa 0.0010733604431152344 74 312 423 374
sofa 0.012971192598342896 207 312 445 374
cat 0.0010567307472229004 438 153 473 174
bottle 0.0018103718757629395 289 68 298 105
tvmonitor 0.8910531997680664 47 111 111 177
pottedplant 0.004905790090560913 262 230 309 253
dog 0.0015071630477905273 0 260 49 336
pottedplant 0.0010526180267333984 473 159 499 268
dog 0.002590775489807129 0 219 49 330
cat 0.01711207628250122 436 155 479 178
cat 0.004736989736557007 441 150 497 184
cat 0.035546332597732544 434 155 495 189
chair 0.0024438798427581787 216 313 404 373
pottedplant 0.001554727554321289 434 151 498 256
boat 0.001040339469909668 185 100 218 120
