pottedplant 0.07056248188018799 127 256 285 445
diningtable 0.001904308795928955 241 103 374 499
diningtable 0.10411036014556885 80 166 374 500
diningtable 0.0067453086376190186 188 149 374 499
diningtable 0.0018245279788970947 305 157 374 499
person 0.006903529167175293 245 134 374 499
person 0.030965417623519897 296 141 374 498
diningtable 0.0025115013122558594 -2 420 378 499
person 0.0011248290538787842 120 364 374 499
pottedplant 0.029425203800201416 44 93 368 485
pottedplant 0.05051475763320923 125 121 290 459
pottedplant 0.005774706602096558 110 115 345 477
person 0.006692379713058472 293 243 374 500
person 0.0026520490646362305 262 257 374 499
sofa 0.00394555926322937 6 149 370 299
chair 0.0011074244976043701 280 143 374 384
diningtable 0.010449320077896118 2 343 356 499
person 0.4148988127708435 11 0 84 110
pottedplant 0.0016102492809295654 53 88 259 279
chair 0.001466512680053711 149 0 267 105
person 0.013532936573028564 8 0 80 55
person 0.0013459324836730957 9 0 125 76
diningtable 0.0024344027042388916 0 -1 41 65
person 0.0016355812549591064 39 0 138 94
chair 0.0025212466716766357 47 0 139 86
chair 0.0010322332382202148 130 45 275 179
pottedplant 0.001335442066192627 46 37 342 254
chair 0.0010162293910980225 248 403 374 499
pottedplant 0.004297584295272827 119 158 292 329
bottle 0.0012065470218658447 263 394 374 500
bottle 0.002501755952835083 317 383 374 500
person 0.4426366090774536 12 0 127 111
chair 0.03021344542503357 1 259 131 393
pottedplant 0.0037219226360321045 153 42 243 109
bottle 0.001489490270614624 287 372 374 499
chair 0.001028209924697876 0 461 114 499
chair 0.8774785399436951 37 0 136 125
sofa 0.0017963051795959473 137 147 371 282
chair 0.04620686173439026 151 35 250 112
sofa 0.01518791913986206 1 36 373 478
chair 0.0023968517780303955 201 5 263 134
pottedplant 0.013532936573028564 99 149 358 338
person 0.001178741455078125 0 0 16 61
person 0.0025508105754852295 0 0 38 62
chair 0.003650069236755371 0 0 40 58
person 0.006903529167175293 316 319 374 499
person 0.0020505785942077637 0 0 40 23
chair 0.001466512680053711 1 0 39 23
diningtable 0.0022084414958953857 0 0 39 25
person 0.0017007291316986084 22 0 91 50
chair 0.0012302696704864502 75 0 136 47
chair 0.002560734748840332 99 0 138 48
person 0.0021742284297943115 23 0 104 29
person 0.0021573007106781006 13 0 136 27
person 0.0016228556632995605 23 0 82 36
person 0.0028561055660247803 15 0 116 43
bottle 0.0064885616302490234 293 140 374 366
bottle 0.004133999347686768 300 291 374 496
