pottedplant 0.07030656933784485 349 103 446 203
diningtable 0.01530534029006958 162 141 312 232
pottedplant 0.001146942377090454 426 112 446 179
pottedplant 0.0019266009330749512 416 26 446 77
pottedplant 0.0019266009330749512 0 7 32 119
chair 0.0017684698104858398 59 133 101 172
pottedplant 0.11437144875526428 164 72 192 99
pottedplant 0.0011648833751678467 0 72 29 117
pottedplant 0.002341538667678833 164 68 235 208
chair 0.0011971890926361084 0 113 57 170
pottedplant 0.017310142517089844 415 49 444 77
pottedplant 0.006193429231643677 430 105 446 189
pottedplant 0.006797581911087036 437 100 446 189
chair 0.019343703985214233 0 135 19 170
chair 0.14804434776306152 1 133 32 171
chair 0.003222525119781494 36 131 83 172
pottedplant 0.014009058475494385 182 133 235 209
pottedplant 0.0010945498943328857 295 135 342 181
pottedplant 0.001524806022644043 300 118 356 181
pottedplant 0.001972287893295288 97 147 111 174
pottedplant 0.001040339469909668 162 135 202 178
pottedplant 0.0012065470218658447 160 133 241 192
chair 0.0097084641456604 431 193 446 231
diningtable 0.0014722347259521484 347 216 433 234
chair 0.0029928982257843018 436 191 446 256
pottedplant 0.0012350976467132568 0 123 9 210
pottedplant 0.00629037618637085 423 165 446 198
pottedplant 0.0016102492809295654 286 136 330 181
chair 0.015542924404144287 421 187 446 229
chair 0.9059895277023315 240 143 313 238
pottedplant 0.0029812753200531006 242 55 354 151
pottedplant 0.0025115013122558594 423 151 446 201
chair 0.0011380314826965332 183 157 219 231
chair 0.003976315259933472 163 154 207 226
chair 0.02056744694709778 421 164 446 227
chair 0.004007279872894287 244 147 287 226
diningtable 0.0011292099952697754 348 213 446 241
chair 0.006797581911087036 422 175 446 261
pottedplant 0.3522022068500519 106 227 207 263
chair 0.8418275117874146 129 144 215 236
chair 0.0012692809104919434 171 153 217 240
chair 0.010530352592468262 0 140 5 170
pottedplant 0.8519556522369385 75 170 134 234
chair 0.005322486162185669 27 132 47 170
chair 0.0034027397632598877 61 135 82 172
chair 0.001477956771850586 68 138 102 172
chair 0.002424955368041992 183 144 228 235
chair 0.004468142986297607 421 136 446 197
pottedplant 0.0038546323776245117 163 136 186 154
chair 0.0017963051795959473 201 139 236 221
chair 0.0021073520183563232 0 99 17 173
chair 0.002779155969619751 0 119 46 162
pottedplant 0.002641737461090088 0 85 7 115
diningtable 0.004718571901321411 159 139 264 227
chair 0.0015071630477905273 227 127 305 226
chair 0.01711207628250122 164 133 229 233
pottedplant 0.040538668632507324 422 116 446 225
pottedplant 0.003496825695037842 0 86 14 114
pottedplant 0.692642092704773 0 86 29 117
pottedplant 0.012528061866760254 394 110 445 155
chair 0.0033501386642456055 0 107 5 172
chair 0.017443329095840454 0 129 43 169
chair 0.0010004639625549316 16 126 46 163
chair 0.0015130341053009033 0 99 34 163
chair 0.001466512680053711 421 168 446 210
pottedplant 0.038034677505493164 422 168 446 229
pottedplant 0.03889983892440796 392 103 446 201
pottedplant 0.0038546323776245117 165 71 195 107
chair 0.0067453086376190186 129 144 168 223
chair 0.0010241866111755371 439 183 446 264
pottedplant 0.006388753652572632 437 115 446 172
chair 0.001674354076385498 0 129 81 171
pottedplant 0.023419708013534546 224 106 314 197
pottedplant 0.12940073013305664 78 145 102 171
pottedplant 0.0017007291316986084 439 38 446 74
pottedplant 0.0011603832244873047 258 109 312 173
pottedplant 0.0027360916137695312 317 118 357 175
pottedplant 0.018976598978042603 436 116 446 201
chair 0.0021573007106781006 0 140 7 180
chair 0.005597800016403198 129 97 190 219
pottedplant 0.004450768232345581 164 112 237 224
