tvmonitor 0.003524214029312134 13 461 483 499
tvmonitor 0.0015426874160766602 9 421 493 500
tvmonitor 0.0017275214195251465 10 339 483 497
bus 0.001335442066192627 417 252 456 287
car 0.16776436567306519 183 269 210 284
car 0.005490154027938843 261 252 301 293
car 0.001264333724975586 313 262 337 286
car 0.04569396376609802 346 263 373 278
bus 0.001714080572128296 282 218 302 256
car 0.06097537279129028 85 267 114 291
bus 0.003298431634902954 289 186 367 289
car 0.003510504961013794 343 266 375 293
person 0.13846442103385925 306 263 318 292
car 0.008380681276321411 374 267 410 289
car 0.0011694133281707764 171 270 190 283
pottedplant 0.0021573007106781006 157 112 191 172
car 0.5583268404006958 206 263 242 293
car 0.8092765808105469 234 259 289 305
person 0.001831650733947754 319 267 335 290
car 0.8469594717025757 342 267 409 295
chair 0.002140522003173828 48 279 75 316
person 0.0014438629150390625 201 249 211 262
bus 0.13661038875579834 264 253 300 291
car 0.0019266009330749512 449 270 474 287
car 0.0017207860946655273 23 278 54 294
person 0.0021657347679138184 307 262 326 290
person 0.0010362863540649414 314 262 335 289
car 0.0021238625049591064 334 262 373 290
