chair 0.0051396191120147705 54 267 138 498
chair 0.004399091005325317 168 290 269 435
chair 0.8840374946594238 0 390 94 500
chair 0.4513263702392578 88 295 291 500
chair 0.0016228556632995605 -1 420 274 500
chair 0.12678229808807373 80 469 290 499
chair 0.01542365550994873 87 426 292 499
chair 0.0021573007106781006 86 416 346 499
chair 0.006797581911087036 54 147 169 498
chair 0.06488728523254395 1 275 93 497
tvmonitor 0.0010817945003509521 223 221 252 257
tvmonitor 0.0010004639625549316 0 0 74 52
chair 0.006241738796234131 0 444 48 499
chair 0.0024921000003814697 257 288 374 415
aeroplane 0.006169408559799194 154 0 372 100
chair 0.08210369944572449 152 297 232 472
chair 0.0028561055660247803 193 287 267 402
tvmonitor 0.0020346641540527344 0 125 30 171
chair 0.005865275859832764 1 273 97 437
chair 0.0021573007106781006 0 266 124 468
chair 0.01094403862953186 92 372 284 499
car 0.0020346641540527344 227 237 252 257
chair 0.0014382600784301758 71 469 221 500
pottedplant 0.003765672445297241 363 218 372 277
tvmonitor 0.0010162293910980225 69 1 161 154
