person 0.9541356563568115 0 43 385 500
person 0.003285646438598633 0 30 163 499
pottedplant 0.010860145092010498 334 391 376 461
pottedplant 0.010818421840667725 268 283 377 396
pottedplant 0.008950114250183105 261 226 378 401
pottedplant 0.0010485053062438965 269 292 387 470
cow 0.0016874969005584717 0 0 381 399
pottedplant 0.00386965274810791 355 215 388 360
pottedplant 0.0018676519393920898 358 319 380 356
pottedplant 0.003075540065765381 361 319 385 357
pottedplant 0.0010241866111755371 366 313 387 357
person 0.028653234243392944 357 207 387 265
chair 0.0021321773529052734 306 481 367 500
pottedplant 0.0010485053062438965 311 221 338 274
pottedplant 0.0010945498943328857 319 225 339 271
pottedplant 0.0030162930488586426 365 425 388 496
pottedplant 0.0011380314826965332 379 273 389 357
pottedplant 0.0060742199420928955 333 391 371 436
person 0.011507302522659302 356 210 388 338
pottedplant 0.006193429231643677 281 210 339 300
