person 0.0017547309398651123 357 17 499 372
tvmonitor 0.008711427450180054 0 7 228 373
car 0.003930270671844482 0 1 232 373
car 0.0016613304615020752 0 -1 485 373
person 0.016467034816741943 2 -5 496 374
person 0.0013995170593261719 427 12 499 373
bottle 0.002424955368041992 465 12 500 372
bottle 0.0033112764358520508 474 35 499 372
person 0.8987698554992676 168 88 455 373
chair 0.00131988525390625 458 129 499 372
bottle 0.001674354076385498 493 261 499 371
tvmonitor 0.0028228759765625 7 0 495 375
train 0.012625247240066528 1 0 484 373
bottle 0.0019191503524780273 488 165 499 371
bottle 0.0017823278903961182 485 143 499 370
tvmonitor 0.014009058475494385 0 142 105 292
bottle 0.0012159943580627441 493 219 499 372
