aeroplane 0.002901047468185425 0 164 24 208
aeroplane 0.003537982702255249 3 178 22 205
person 0.00185316801071167 318 169 331 199
aeroplane 0.0010526180267333984 10 188 27 205
person 0.01342916488647461 17 189 26 205
aeroplane 0.001367121934890747 0 178 27 206
person 0.001225501298904419 17 179 27 205
person 0.002115577459335327 310 168 329 194
person 0.0024438798427581787 322 170 332 188
aeroplane 0.001449495553970337 185 0 499 191
aeroplane 0.8402605056762695 1 0 501 290
person 0.004556000232696533 308 184 347 215
aeroplane 0.005159556865692139 406 193 480 223
aeroplane 0.001560807228088379 455 165 499 223
person 0.0014215409755706787 295 177 341 215
person 0.0034561753273010254 299 183 348 222
aeroplane 0.7041603326797485 392 190 499 226
aeroplane 0.0010817945003509521 0 173 40 210
person 0.020488768815994263 305 169 330 214
person 0.04336750507354736 395 196 410 224
aeroplane 0.003635883331298828 413 189 502 214
aeroplane 0.001111745834350586 392 190 462 219
