person 0.0012842416763305664 209 178 239 232
car 0.25534260272979736 122 146 196 171
person 0.0010775625705718994 177 145 204 178
person 0.2845756411552429 186 145 204 180
person 0.004086285829544067 185 147 218 180
bicycle 0.0013564825057983398 206 156 236 175
bicycle 0.031259775161743164 203 157 239 178
person 0.0012544989585876465 484 193 499 242
car 0.004924893379211426 243 162 292 181
car 0.0013778507709503174 267 163 293 182
person 0.022888898849487305 88 136 114 184
boat 0.0021742284297943115 0 3 182 183
boat 0.02414378523826599 7 0 485 185
person 0.002560734748840332 180 155 202 181
boat 0.006388753652572632 0 30 127 188
bicycle 0.9543060064315796 124 199 207 266
car 0.43782347440719604 113 146 196 184
bicycle 0.9453979730606079 281 207 334 267
bicycle 0.0015130341053009033 183 145 237 182
car 0.003991752862930298 0 172 20 191
person 0.001714080572128296 489 179 499 305
boat 0.002199828624725342 0 73 114 188
bicycle 0.0030162930488586426 56 172 81 186
bicycle 0.0010083019733428955 56 166 101 186
person 0.0025212466716766357 112 163 131 184
bicycle 0.12678229808807373 183 160 215 184
person 0.001367121934890747 490 156 500 201
bicycle 0.026760488748550415 8 163 65 189
car 0.005426615476608276 114 152 197 219
person 0.0010083019733428955 88 148 124 185
person 0.005040973424911499 179 161 200 187
bicycle 0.912433922290802 206 217 279 292
bicycle 0.36477720737457275 197 161 238 185
bicycle 0.005099952220916748 231 159 268 181
car 0.026760488748550415 241 162 272 181
person 0.8766366839408875 209 178 268 276
person 0.808067798614502 481 156 499 242
pottedplant 0.0022607743740081787 392 162 426 182
person 0.22269964218139648 56 142 77 183
person 0.016340792179107666 61 141 95 183
person 0.02405199408531189 59 139 95 171
person 0.003272920846939087 91 135 103 178
person 0.21206903457641602 56 142 76 164
person 0.01698121428489685 71 140 96 178
person 0.052617788314819336 99 136 114 182
person 0.13028386235237122 111 150 128 185
car 0.011463016271591187 6 166 64 190
bicycle 0.0012159943580627441 107 164 132 186
bicycle 0.05541503429412842 199 163 225 186
person 0.0011074244976043701 187 143 215 174
person 0.8407841920852661 286 175 330 252
person 0.8459442853927612 132 162 195 250
person 0.0019419193267822266 91 134 101 160
person 0.023598521947860718 100 137 114 164
person 0.002115577459335327 187 135 205 157
person 0.003537982702255249 188 136 205 151
person 0.018125414848327637 186 142 204 167
