diningtable 0.0019191503524780273 78 278 223 470
diningtable 0.0021657347679138184 119 278 222 460
chair 0.02056744694709778 202 310 312 495
chair 0.01771247386932373 217 318 372 498
sofa 0.010611921548843384 2 202 178 351
chair 0.03934001922607422 224 219 372 430
person 0.49121177196502686 220 220 354 395
person 0.006589770317077637 0 200 100 361
person 0.0026110410690307617 4 200 167 368
sofa 0.007232218980789185 71 212 189 323
person 0.462958425283432 202 304 309 491
person 0.5282900929450989 213 223 374 499
chair 0.5273165702819824 0 343 134 500
chair 0.035546332597732544 5 301 168 491
chair 0.026658833026885986 1 421 133 499
chair 0.03371736407279968 226 386 372 499
sofa 0.060083746910095215 245 220 373 493
person 0.947964072227478 0 199 170 487
diningtable 0.002560734748840332 49 278 223 428
bottle 0.0016102492809295654 219 187 247 228
chair 0.003063589334487915 195 227 227 290
person 0.004007279872894287 209 103 255 250
person 0.005532950162887573 300 220 363 283
bottle 0.0023875534534454346 161 257 173 305
person 0.008846968412399292 40 170 84 210
person 0.6352227926254272 138 185 190 252
chair 0.005468875169754028 225 444 383 499
person 0.0016613304615020752 69 139 80 162
person 0.004830062389373779 186 103 243 172
person 0.02748247981071472 0 170 91 279
chair 0.008445650339126587 218 426 375 499
person 0.2934045195579529 36 171 91 284
person 0.011374980211257935 82 177 143 264
person 0.002341538667678833 96 179 183 262
person 0.007816284894943237 217 284 301 390
bottle 0.0029466450214385986 271 270 322 301
person 0.0025212466716766357 272 269 341 312
person 0.03032785654067993 219 267 347 387
person 0.0014215409755706787 89 330 170 477
person 0.8868098258972168 214 120 287 357
person 0.003678649663925171 2 190 133 342
person 0.010328888893127441 32 175 151 325
bottle 0.0015977323055267334 168 236 184 291
sofa 0.002003192901611328 83 204 206 302
person 0.0015668869018554688 79 227 125 269
bottle 0.0028339028358459473 169 234 187 262
bottle 0.003185272216796875 167 235 189 266
person 0.0010860264301300049 178 101 245 223
person 0.0034832358360290527 202 102 246 243
person 0.0012065470218658447 213 103 255 199
person 0.00790780782699585 211 102 244 176
bottle 0.00135117769241333 166 236 190 283
person 0.007148534059524536 318 220 362 281
bottle 0.0015010833740234375 156 233 189 263
chair 0.003621727228164673 273 221 365 310
chair 0.004150032997131348 201 359 307 494
bottle 0.05665522813796997 166 256 186 312
person 0.0029812753200531006 15 199 99 291
person 0.29502636194229126 35 172 109 307
bottle 0.024514615535736084 270 268 337 315
chair 0.0010083019733428955 272 268 341 313
person 0.001178741455078125 0 178 83 242
chair 0.004609555006027222 289 220 363 286
person 0.005426615476608276 17 178 86 251
bottle 0.003809899091720581 216 193 230 217
person 0.8407841920852661 81 177 165 325
