dog 0.9213602542877197 111 121 418 282
sofa 0.783988356590271 0 88 457 329
person 0.0010362863540649414 373 89 499 295
person 0.021207362413406372 422 75 499 294
person 0.00131988525390625 0 82 105 326
person 0.0013617873191833496 0 85 69 328
person 0.0017275214195251465 480 122 499 240
pottedplant 0.0023506581783294678 0 -2 29 82
dog 0.001388639211654663 461 92 499 286
dog 0.0016940832138061523 425 101 499 294
person 0.011244326829910278 477 73 499 279
pottedplant 0.012821823358535767 0 -10 31 164
pottedplant 0.21800264716148376 0 -1 61 106
pottedplant 0.003991752862930298 0 16 13 122
pottedplant 0.0015426874160766602 0 -7 19 81
person 0.006903529167175293 467 90 499 274
dog 0.0014215409755706787 86 205 143 282
pottedplant 0.004982620477676392 0 9 10 142
