boat 0.8762138485908508 165 170 323 230
boat 0.0013044774532318115 278 191 323 212
boat 0.014173001050949097 309 189 387 204
boat 0.001560807228088379 346 188 398 203
boat 0.0010567307472229004 386 189 498 204
boat 0.00386965274810791 422 190 501 203
boat 0.013901978731155396 486 188 499 202
boat 0.01013106107711792 161 180 213 228
boat 0.0017753839492797852 160 193 221 228
boat 0.004450768232345581 164 205 190 228
boat 0.009019583463668823 164 201 211 228
boat 0.0012159943580627441 360 146 499 204
boat 0.0026623904705047607 263 191 322 216
boat 0.003442734479904175 277 197 323 214
boat 0.0018174350261688232 291 199 322 214
boat 0.0011336207389831543 300 198 323 212
boat 0.003324180841445923 263 201 322 217
boat 0.003389507532119751 281 201 323 217
boat 0.00276830792427063 489 190 499 204
person 0.001289278268814087 284 190 302 204
person 0.016722261905670166 289 189 300 203
boat 0.008511096239089966 165 210 185 228
boat 0.0013778507709503174 168 157 191 196
boat 0.0011074244976043701 177 174 229 199
boat 0.0030045807361602783 281 178 301 187
boat 0.0010043680667877197 2 216 105 234
boat 0.0011558830738067627 158 179 195 198
boat 0.0034696757793426514 184 183 239 199
boat 0.004198610782623291 180 170 254 204
boat 0.004485577344894409 185 170 271 210
boat 0.0051396191120147705 373 187 398 202
boat 0.0011074244976043701 374 187 414 203
boat 0.0014722347259521484 162 160 264 228
boat 0.009124904870986938 286 168 501 204
boat 0.01524651050567627 358 172 499 204
boat 0.0021827220916748047 487 105 499 202
boat 0.001012265682220459 161 158 220 227
boat 0.007345408201217651 486 179 499 202
boat 0.005729943513870239 487 169 500 203
boat 0.050141364336013794 286 186 503 204
boat 0.03832080960273743 360 187 499 204
boat 0.0019343793392181396 410 183 499 202
boat 0.010289043188095093 487 144 499 202
boat 0.006538987159729004 200 172 235 183
boat 0.009633511304855347 199 170 245 189
boat 0.0014104843139648438 165 210 200 228
boat 0.0026623904705047607 485 152 499 208
