diningtable 0.004166156053543091 394 286 461 345
diningtable 0.003298431634902954 450 291 499 347
person 0.0014215409755706787 0 204 27 362
diningtable 0.0097084641456604 0 299 31 372
pottedplant 0.0034293532371520996 0 195 7 215
chair 0.0011971890926361084 0 322 12 372
chair 0.0012742578983306885 391 278 428 322
chair 0.002501755952835083 395 279 432 330
chair 0.002641737461090088 452 279 489 317
chair 0.0025508105754852295 471 275 497 314
pottedplant 0.0050605833530426025 0 237 8 357
pottedplant 0.004830062389373779 0 245 18 357
pottedplant 0.013377547264099121 69 216 90 262
chair 0.005240768194198608 17 307 43 365
pottedplant 0.001335442066192627 105 271 125 297
pottedplant 0.001388639211654663 79 218 122 270
pottedplant 0.0021573007106781006 94 230 120 268
pottedplant 0.0033632218837738037 116 271 137 298
pottedplant 0.0029237568378448486 98 221 122 267
pottedplant 0.026862531900405884 45 314 68 349
chair 0.001554727554321289 137 267 166 302
pottedplant 0.0018174350261688232 109 218 130 267
pottedplant 0.0014722347259521484 0 82 9 115
chair 0.0020267367362976074 221 264 233 292
pottedplant 0.003235042095184326 132 263 167 318
pottedplant 0.001489490270614624 352 262 378 291
chair 0.0013995170593261719 457 277 488 311
chair 0.003147989511489868 466 267 497 313
pottedplant 0.004399091005325317 320 228 341 291
chair 0.01048976182937622 488 265 499 304
person 0.0023506581783294678 133 275 166 320
chair 0.8652229905128479 191 288 245 369
chair 0.0011336207389831543 478 297 499 351
chair 0.0012399256229400635 493 284 500 371
chair 0.008711427450180054 489 298 499 347
chair 0.004022836685180664 189 265 231 326
chair 0.0010817945003509521 245 266 287 304
chair 0.00933942198753357 9 306 43 371
pottedplant 0.0011879205703735352 100 238 115 265
chair 0.004054129123687744 27 309 44 364
pottedplant 0.001020193099975586 107 239 125 266
pottedplant 0.007260352373123169 27 309 44 359
pottedplant 0.001432657241821289 122 221 136 266
pottedplant 0.3040419816970825 70 326 90 350
pottedplant 0.010652929544448853 103 300 143 355
chair 0.8322356343269348 452 276 498 351
pottedplant 0.087566077709198 118 303 142 355
chair 0.0019419193267822266 372 253 409 291
pottedplant 0.031024068593978882 32 293 77 350
chair 0.0016874969005584717 372 264 421 291
chair 0.0015729963779449463 391 273 424 291
chair 0.002314329147338867 469 278 499 350
pottedplant 0.0028339028358459473 118 319 139 354
pottedplant 0.005002021789550781 485 296 499 344
pottedplant 0.0011336207389831543 68 227 85 263
chair 0.002018868923187256 463 251 498 312
chair 0.0011971890926361084 0 306 8 369
person 0.0013147294521331787 0 194 8 245
chair 0.003621727228164673 490 265 499 294
pottedplant 0.009821981191635132 46 314 64 343
pottedplant 0.004468142986297607 0 244 6 312
pottedplant 0.0010526180267333984 0 243 11 310
chair 0.0023968517780303955 58 293 78 345
pottedplant 0.030558109283447266 72 344 95 370
pottedplant 0.005240768194198608 93 335 122 358
chair 0.0025508105754852295 322 229 362 289
pottedplant 0.006797581911087036 0 236 7 330
pottedplant 0.003524214029312134 0 240 12 335
chair 0.0033501386642456055 326 294 357 342
chair 0.016153186559677124 340 297 363 341
pottedplant 0.006388753652572632 131 274 165 324
pottedplant 0.0024921000003814697 132 270 168 337
chair 0.001178741455078125 133 271 195 346
chair 0.002011030912399292 189 280 228 353
chair 0.0021827220916748047 131 272 164 319
chair 0.00831615924835205 294 305 320 338
pottedplant 0.0015853047370910645 69 236 85 269
pottedplant 0.001524806022644043 87 264 118 297
pottedplant 0.002693742513656616 114 240 126 266
pottedplant 0.002453356981277466 101 260 133 297
chair 0.001225501298904419 369 279 399 340
bottle 0.0022519826889038086 40 121 60 175
chair 0.01596766710281372 188 271 213 355
bottle 0.0012350976467132568 182 13 198 60
chair 0.001957029104232788 0 321 7 368
pottedplant 0.12002691626548767 246 256 282 293
pottedplant 0.0177803635597229 258 255 283 293
chair 0.002501755952835083 313 275 356 342
pottedplant 0.8568100929260254 48 343 93 373
pottedplant 0.0360853374004364 149 223 169 292
chair 0.0031724870204925537 197 261 226 293
chair 0.028115570545196533 341 294 370 340
chair 0.0012742578983306885 18 307 35 372
pottedplant 0.007938534021377563 486 281 499 341
chair 0.901229977607727 388 280 429 350
pottedplant 0.004924893379211426 321 234 363 293
pottedplant 0.008188486099243164 70 324 96 359
chair 0.0015426874160766602 26 310 42 346
chair 0.0027042627334594727 45 293 79 346
chair 0.00135117769241333 358 243 386 290
chair 0.004811316728591919 371 241 406 290
pottedplant 0.006640911102294922 72 320 100 356
chair 0.0022257566452026367 482 248 499 289
chair 0.002935171127319336 448 278 486 343
pottedplant 0.043530017137527466 67 268 106 298
chair 0.023688465356826782 481 265 499 319
chair 0.0010567307472229004 33 293 70 327
pottedplant 0.0017823278903961182 86 270 109 297
chair 0.002631455659866333 40 284 79 330
pottedplant 0.001489490270614624 246 254 306 293
pottedplant 0.008881211280822754 320 229 349 291
chair 0.001040339469909668 133 276 174 336
pottedplant 0.003324180841445923 104 270 134 297
chair 0.0011074244976043701 189 277 245 329
pottedplant 0.010735392570495605 142 261 168 293
chair 0.0015010833740234375 244 281 286 330
pottedplant 0.0020585954189300537 378 244 426 281
chair 0.01069408655166626 341 288 377 339
chair 0.8624651432037354 423 280 460 349
pottedplant 0.014173001050949097 399 243 427 273
chair 0.003123670816421509 397 281 434 348
chair 0.006388753652572632 411 279 446 349
chair 0.007969379425048828 472 266 499 335
chair 0.017243891954421997 0 227 27 372
chair 0.0034832358360290527 27 293 78 351
pottedplant 0.0015729963779449463 67 251 87 299
pottedplant 0.017177879810333252 69 298 140 356
pottedplant 0.001477956771850586 114 289 155 354
chair 0.004118025302886963 291 290 359 340
pottedplant 0.0011971890926361084 0 213 5 300
pottedplant 0.001524806022644043 68 252 86 274
pottedplant 0.0017007291316986084 68 252 89 288
pottedplant 0.005002021789550781 102 254 122 295
pottedplant 0.0018103718757629395 102 239 130 296
pottedplant 0.0012207329273223877 110 226 138 294
pottedplant 0.00941208004951477 142 228 168 293
pottedplant 0.6548952460289001 86 304 126 357
chair 0.6636692881584167 0 295 29 373
pottedplant 0.003678649663925171 247 196 309 294
pottedplant 0.006027162075042725 319 229 335 293
pottedplant 0.001264333724975586 96 194 126 267
pottedplant 0.002406179904937744 248 191 282 268
chair 0.00276830792427063 350 243 378 292
pottedplant 0.0016678273677825928 70 211 132 298
pottedplant 0.3276689648628235 124 217 162 290
pottedplant 0.00812530517578125 246 192 284 294
chair 0.8723500967025757 135 289 197 374
pottedplant 0.004538297653198242 373 220 427 282
pottedplant 0.002424955368041992 120 232 134 267
pottedplant 0.007547855377197266 198 223 227 289
person 0.0026008784770965576 310 229 333 284
person 0.002779155969619751 318 229 334 290
pottedplant 0.015013545751571655 352 243 379 291
pottedplant 0.0015130341053009033 357 242 391 289
pottedplant 0.00517958402633667 481 246 499 288
