person 0.003565669059753418 101 133 226 359
person 0.6504678726196289 110 77 463 338
chair 0.022159963846206665 0 91 107 373
chair 0.016786664724349976 2 89 217 373
chair 0.0010733604431152344 53 120 357 370
person 0.0010162293910980225 110 144 364 366
person 0.0031724870204925537 0 91 47 370
chair 0.0013096034526824951 17 115 456 373
car 0.00386965274810791 15 97 463 373
person 0.0015071630477905273 395 43 499 191
bottle 0.002140522003173828 67 149 86 249
person 0.002003192901611328 362 67 499 187
diningtable 0.0025115013122558594 129 99 400 218
bottle 0.0010733604431152344 199 95 228 144
person 0.003650069236755371 285 73 481 209
bottle 0.0013832449913024902 -1 224 66 280
sofa 0.15203100442886353 107 34 500 178
sofa 0.22884687781333923 110 34 499 274
diningtable 0.001495271921157837 26 246 209 374
bottle 0.022033512592315674 0 232 51 282
chair 0.1347770094871521 101 33 498 329
person 0.0057077109813690186 435 118 500 341
sofa 0.25534260272979736 101 32 499 367
chair 0.3040419816970825 104 34 499 153
chair 0.0018174350261688232 0 4 99 245
chair 0.11838340759277344 0 98 99 244
chair 0.003635883331298828 100 109 449 272
bottle 0.05300912261009216 205 98 225 133
person 0.0022519826889038086 448 83 499 249
bottle 0.0013995170593261719 204 98 223 144
person 0.0011074244976043701 351 161 496 304
person 0.004007279872894287 461 50 499 282
bottle 0.006513714790344238 57 101 100 254
person 0.1343218982219696 112 137 225 211
chair 0.003510504961013794 58 100 104 255
chair 0.0011380314826965332 68 102 166 260
person 0.09401044249534607 99 136 225 261
