pottedplant 0.005911082029342651 129 164 214 360
person 0.636127233505249 30 193 118 368
person 0.005774706602096558 0 186 45 365
pottedplant 0.0014438629150390625 74 183 498 374
chair 0.5869963765144348 54 215 170 373
pottedplant 0.006876885890960693 0 139 11 262
pottedplant 0.0016874969005584717 0 109 18 209
pottedplant 0.0177803635597229 0 156 23 259
person 0.0010004639625549316 82 128 132 198
pottedplant 0.013585120439529419 0 105 26 266
pottedplant 0.07290294766426086 0 32 28 211
pottedplant 0.0011648833751678467 423 10 499 193
pottedplant 0.0029928982257843018 0 96 27 217
pottedplant 0.00933942198753357 0 192 16 292
pottedplant 0.003824770450592041 169 113 216 190
chair 0.0012207329273223877 0 266 13 352
pottedplant 0.002757549285888672 0 193 14 272
pottedplant 0.0019799768924713135 0 206 20 273
bird 0.014898449182510376 419 191 499 298
chair 0.024235934019088745 0 254 25 343
dog 0.0011248290538787842 263 99 316 158
chair 0.006850332021713257 30 198 118 368
pottedplant 0.0016419589519500732 0 54 19 127
chair 0.1155630350112915 0 251 56 369
tvmonitor 0.7520120739936829 209 0 495 190
pottedplant 0.00321003794670105 169 189 288 365
pottedplant 0.00629037618637085 467 7 499 276
bird 0.7185944318771362 275 21 374 125
chair 0.030099451541900635 0 236 29 352
chair 0.004348009824752808 0 251 20 299
pottedplant 0.01013106107711792 418 192 499 298
chair 0.0012842416763305664 5 246 95 364
chair 0.007877200841903687 32 253 96 364
chair 0.009019583463668823 39 243 152 366
pottedplant 0.007316946983337402 158 322 213 375
pottedplant 0.01196029782295227 168 114 217 162
pottedplant 0.0023968517780303955 182 116 216 145
pottedplant 0.0010817945003509521 0 42 14 134
cat 0.0022344589233398438 418 192 499 297
pottedplant 0.018688201904296875 0 125 26 193
cat 0.004792630672454834 287 4 425 147
pottedplant 0.020022839307785034 0 156 21 337
bird 0.00135117769241333 484 36 499 176
pottedplant 0.002003192901611328 164 165 216 272
pottedplant 0.020099759101867676 0 33 27 119
pottedplant 0.0010162293910980225 157 337 239 373
bird 0.012193650007247925 291 20 366 92
pottedplant 0.0019117295742034912 146 296 212 373
pottedplant 0.01659417152404785 0 9 23 119
pottedplant 0.020176976919174194 0 145 23 294
pottedplant 0.0019191503524780273 128 167 214 296
pottedplant 0.0032602250576019287 0 244 20 294
pottedplant 0.0013778507709503174 169 130 217 177
person 0.001225501298904419 486 24 500 174
