chair 0.0011292099952697754 85 459 404 499
pottedplant 0.0030045807361602783 178 167 362 397
pottedplant 0.009860128164291382 70 135 219 405
pottedplant 0.6370307803153992 73 135 362 397
pottedplant 0.0010241866111755371 1 88 77 276
pottedplant 0.001028209924697876 3 154 161 333
pottedplant 0.0018459856510162354 74 291 221 412
pottedplant 0.0116862952709198 63 488 109 500
pottedplant 0.002115577459335327 61 488 130 500
cat 0.0011248290538787842 275 472 393 500
pottedplant 0.001120448112487793 0 0 78 186
pottedplant 0.0024724602699279785 196 308 257 387
pottedplant 0.0013995170593261719 293 283 360 458
pottedplant 0.004573792219161987 0 0 77 119
pottedplant 0.004905790090560913 287 7 433 497
pottedplant 0.013585120439529419 75 0 427 182
pottedplant 0.13986852765083313 32 0 435 491
pottedplant 0.0031724870204925537 207 3 433 484
chair 0.008252084255218506 298 5 434 457
pottedplant 0.008950114250183105 192 219 330 388
dog 0.0017410516738891602 284 471 376 499
pottedplant 0.002453356981277466 76 486 117 499
