sofa 0.8791466951370239 47 92 183 209
chair 0.0011074244976043701 133 155 262 238
chair 0.0015487074851989746 129 80 158 107
chair 0.0014215409755706787 311 117 319 237
chair 0.002590775489807129 232 156 290 238
chair 0.0011074244976043701 129 80 181 110
chair 0.0017753839492797852 129 80 183 126
tvmonitor 0.9099035263061523 260 89 299 121
tvmonitor 0.013689994812011719 298 94 319 125
tvmonitor 0.0016678273677825928 314 101 319 126
tvmonitor 0.005865275859832764 129 80 147 105
chair 0.0012544989585876465 75 134 144 192
chair 0.00443345308303833 49 135 145 209
bottle 0.0028009116649627686 314 111 319 126
chair 0.948919951915741 192 90 241 147
