horse 0.07056248188018799 0 102 389 334
horse 0.007786005735397339 0 118 103 285
horse 0.8816165924072266 0 4 479 334
car 0.0021488964557647705 0 143 33 216
car 0.004038453102111816 0 153 48 215
person 0.012723177671432495 0 107 33 215
person 0.005384683609008789 0 107 117 205
person 0.0019876956939697266 0 107 42 179
person 0.001388639211654663 3 108 107 168
person 0.0034027397632598877 113 18 252 273
person 0.004007279872894287 0 106 64 224
car 0.003736436367034912 0 127 65 312
person 0.013955414295196533 143 12 280 225
person 0.004830062389373779 0 64 27 192
person 0.002969682216644287 20 108 93 157
horse 0.0025115013122558594 0 71 44 279
person 0.4158473610877991 21 11 283 247
horse 0.010289043188095093 0 112 66 282
person 0.1179770827293396 20 101 207 249
person 0.0012544989585876465 97 104 220 250
person 0.0015791356563568115 0 73 9 192
horse 0.0015487074851989746 0 119 31 201
person 0.0012943148612976074 148 52 345 211
person 0.0018749535083770752 114 88 318 209
car 0.00952214002609253 0 111 35 252
car 0.00208282470703125 0 120 69 235
car 0.0069571733474731445 0 120 46 274
car 0.0024438798427581787 0 137 105 264
person 0.0017963051795959473 91 98 176 249
