person 0.004399091005325317 474 94 499 373
chair 0.0014050006866455078 0 167 248 373
chair 0.001040339469909668 0 66 233 373
person 0.7193835973739624 0 14 243 373
diningtable 0.0010860264301300049 110 26 408 372
diningtable 0.006640911102294922 182 33 496 373
person 0.7379155158996582 213 27 499 373
car 0.0016228556632995605 475 195 499 244
person 0.0010485053062438965 182 52 213 149
diningtable 0.0011558830738067627 447 103 487 131
person 0.001489490270614624 448 78 499 129
person 0.0012112557888031006 192 145 231 185
bottle 0.0016228556632995605 0 138 7 285
person 0.004182338714599609 193 110 221 148
bottle 0.004830062389373779 324 153 340 252
person 0.1907234489917755 223 72 256 112
person 0.0022873878479003906 190 110 239 180
person 0.0018033087253570557 225 71 277 121
person 0.07668477296829224 0 1 105 158
person 0.0012943148612976074 491 263 499 370
person 0.022715508937835693 192 150 215 181
bottle 0.002003192901611328 283 146 302 215
person 0.0022873878479003906 0 10 56 366
chair 0.001957029104232788 225 231 334 374
person 0.0015307366847991943 190 150 216 193
person 0.0013778507709503174 202 62 305 363
bottle 0.10819017887115479 0 137 13 227
person 0.0018388032913208008 0 62 10 181
person 0.004102110862731934 482 181 499 372
person 0.004609555006027222 173 82 213 153
person 0.006003767251968384 225 76 320 155
diningtable 0.010289043188095093 186 213 336 372
pottedplant 0.0021573007106781006 238 145 267 211
bottle 0.0012544989585876465 252 149 277 198
person 0.007345408201217651 0 17 14 226
person 0.013901978731155396 0 3 103 282
person 0.0042809247970581055 488 39 499 198
person 0.02405199408531189 0 16 27 112
person 0.001111745834350586 167 99 218 178
person 0.0034561753273010254 235 26 481 226
bottle 0.002757549285888672 320 191 340 266
diningtable 0.0037074387073516846 174 213 340 317
person 0.4804786145687103 211 108 240 145
diningtable 0.0028228759765625 178 212 348 267
diningtable 0.0012065470218658447 187 174 342 300
person 0.5 206 75 295 194
person 0.003496825695037842 211 105 257 159
person 0.01196029782295227 211 76 340 166
person 0.006339401006698608 191 83 214 148
person 0.004886746406555176 305 26 471 235
person 0.4941408932209015 463 55 499 225
person 0.004166156053543091 425 55 498 212
chair 0.0015010833740234375 464 78 499 208
person 0.0097084641456604 211 76 248 144
person 0.013848692178726196 65 0 117 35
person 0.0013147294521331787 0 119 15 377
person 0.00386965274810791 234 77 272 152
person 0.0027148425579071045 200 76 354 244
pottedplant 0.003285646438598633 291 89 317 139
person 0.01883181929588318 79 0 118 34
person 0.0761350691318512 222 72 256 132
person 0.00809389352798462 225 73 267 141
bottle 0.0016292035579681396 282 111 312 252
person 0.004450768232345581 218 72 246 128
person 0.08358895778656006 0 21 24 162
person 0.0010733604431152344 291 86 315 139
person 0.003123670816421509 191 120 229 183
bottle 0.06979727745056152 0 125 12 303
person 0.010449320077896118 197 110 231 163
person 0.016403794288635254 204 110 236 171
bottle 0.014009058475494385 302 149 337 219
person 0.002560734748840332 203 109 260 180
bottle 0.0013459324836730957 0 88 10 196
bottle 0.0018459856510162354 208 90 293 248
bottle 0.1655934751033783 282 166 307 248
bottle 0.013480961322784424 333 155 351 241
bottle 0.005980461835861206 305 193 325 249
person 0.01186823844909668 221 24 274 114
person 0.8539129495620728 242 20 281 80
person 0.4054486155509949 465 56 499 119
person 0.0013147294521331787 7 0 117 77
chair 0.01048976182937622 302 149 338 231
chair 0.0010241866111755371 211 161 238 224
