cow 0.6766197681427002 177 148 309 267
cow 0.003185272216796875 176 149 358 278
cow 0.8710389137268066 270 160 499 344
bird 0.0019117295742034912 486 120 499 201
cow 0.010328888893127441 242 49 313 166
dog 0.010652929544448853 34 130 69 179
cow 0.0015307366847991943 111 82 168 188
cow 0.011331260204315186 47 75 166 207
cow 0.0012842416763305664 196 91 257 163
cow 0.3165799379348755 34 129 69 178
cow 0.0034027397632598877 34 127 122 185
cow 0.008511096239089966 33 89 145 199
cow 0.020725667476654053 110 92 218 215
cow 0.00106087327003479 458 31 499 238
cow 0.002341538667678833 181 95 265 222
cow 0.001225501298904419 171 50 340 266
cow 0.0014608204364776611 239 50 476 261
cow 0.0018388032913208008 475 45 499 227
cow 0.0011160969734191895 205 82 250 151
horse 0.0014104843139648438 453 87 499 360
cow 0.0015130341053009033 203 80 263 159
cow 0.3056974411010742 121 80 248 215
cow 0.007065832614898682 327 43 499 361
cow 0.0018388032913208008 407 49 499 198
cow 0.00803142786026001 384 43 500 361
cow 0.008284062147140503 451 42 500 360
cow 0.0014438629150390625 450 47 499 212
boat 0.001028209924697876 0 91 9 152
cow 0.00257071852684021 171 119 257 230
cow 0.0038396716117858887 134 122 206 192
cow 0.001477956771850586 34 119 148 203
person 0.0017275214195251465 486 118 499 201
person 0.027587056159973145 455 51 499 336
cow 0.001477956771850586 268 160 409 283
sheep 0.003537982702255249 34 131 66 175
cow 0.009821981191635132 177 149 237 229
person 0.0025807321071624756 0 92 7 144
person 0.0015071630477905273 59 95 70 113
person 0.0011031031608581543 0 70 7 145
cow 0.004264324903488159 157 101 257 174
cow 0.0013044774532318115 178 103 250 175
cow 0.0012065470218658447 193 122 250 161
cow 0.010818421840667725 215 123 249 157
