car 0.007460415363311768 0 249 500 373
aeroplane 0.006640911102294922 3 259 500 373
person 0.01048976182937622 416 200 499 373
car 0.0030995309352874756 49 57 498 284
car 0.00142708420753479 62 102 499 311
person 0.0015189051628112793 33 292 305 373
person 0.001028209924697876 28 290 499 373
diningtable 0.010449320077896118 13 269 499 373
car 0.014955878257751465 0 123 500 373
person 0.007345408201217651 334 68 445 173
chair 0.005219787359237671 452 76 499 176
tvmonitor 0.0017410516738891602 454 78 499 165
car 0.8732177019119263 0 0 498 241
person 0.9193568825721741 197 50 362 242
bicycle 0.007011294364929199 415 304 499 374
bicycle 0.008543968200683594 413 266 500 374
person 0.01771247386932373 67 296 210 374
