sheep 0.0012447535991668701 321 164 348 191
person 0.00208282470703125 329 165 349 191
person 0.003650069236755371 329 166 352 212
sheep 0.006876885890960693 38 178 74 194
cow 0.0011424720287322998 145 172 163 198
dog 0.0015977323055267334 145 172 163 199
sheep 0.018759876489639282 37 178 54 195
sheep 0.3720477223396301 38 178 75 212
person 0.021288663148880005 321 164 355 288
person 0.005322486162185669 334 171 354 223
sheep 0.4610167145729065 19 183 71 232
person 0.8887557983398438 296 166 355 303
person 0.003537982702255249 177 123 220 176
dog 0.462958425283432 146 172 188 203
dog 0.0010567307472229004 159 178 188 203
person 0.0028228759765625 0 24 29 211
person 0.002199828624725342 336 202 355 282
person 0.04256337881088257 189 125 219 177
dog 0.1907234489917755 19 182 65 232
person 0.0016228556632995605 320 163 348 191
cow 0.026862531900405884 21 183 76 233
person 0.9235905408859253 223 165 283 286
cow 0.852936863899231 420 175 467 213
cow 0.07005152106285095 145 172 188 204
person 0.006589770317077637 316 163 355 237
person 0.045186132192611694 161 116 205 178
