chair 0.17106285691261292 127 183 499 374
chair 0.020925074815750122 341 182 499 374
chair 0.001028209924697876 51 245 500 374
sofa 0.0019876956939697266 74 300 500 374
chair 0.013585120439529419 299 152 499 374
chair 0.0015189051628112793 435 128 499 371
chair 0.002341538667678833 23 105 197 357
chair 0.005159556865692139 341 115 499 310
chair 0.001178741455078125 24 72 195 304
sofa 0.949672281742096 197 70 499 311
chair 0.0023052990436553955 98 18 179 71
chair 0.0029237568378448486 123 8 214 79
chair 0.0025310516357421875 142 27 233 183
chair 0.002018868923187256 155 27 256 185
chair 0.004503071308135986 0 93 31 206
chair 0.0022344589233398438 0 104 44 203
bottle 0.030906885862350464 387 40 405 85
sofa 0.07558250427246094 0 63 55 206
chair 0.016658097505569458 0 63 54 202
chair 0.0033501386642456055 0 63 110 201
bottle 0.006903529167175293 486 -7 500 115
chair 0.004086285829544067 480 258 499 371
chair 0.002631455659866333 164 28 226 139
chair 0.0060506463050842285 48 74 141 212
chair 0.03222090005874634 456 135 499 355
chair 0.5822536945343018 88 10 219 94
chair 0.0019343793392181396 195 0 222 36
pottedplant 0.0011160969734191895 335 0 384 44
chair 0.0016613304615020752 475 175 499 373
chair 0.001674354076385498 415 187 499 347
chair 0.0021827220916748047 169 0 222 58
chair 0.0012159943580627441 163 0 223 28
pottedplant 0.0021238625049591064 350 13 372 42
sofa 0.5496408343315125 0 60 197 199
chair 0.16291150450706482 61 60 196 183
chair 0.002501755952835083 476 234 499 377
person 0.001069188117980957 431 12 499 351
sofa 0.022715508937835693 0 63 95 212
chair 0.013122200965881348 86 10 181 77
chair 0.007518589496612549 192 6 223 92
chair 0.028329521417617798 218 6 273 89
chair 0.04501798748970032 277 4 332 77
pottedplant 0.005240768194198608 71 47 98 87
chair 0.00142708420753479 134 7 190 30
chair 0.0023324191570281982 153 0 222 72
person 0.001489490270614624 448 0 499 112
chair 0.001674354076385498 405 0 499 108
bottle 0.0021573007106781006 459 0 499 114
bottle 0.009746164083480835 480 0 499 116
chair 0.003298431634902954 0 88 21 207
chair 0.001388639211654663 34 39 193 146
chair 0.03904598951339722 170 26 219 94
chair 0.001367121934890747 167 26 248 97
chair 0.008252084255218506 172 6 221 78
chair 0.013223767280578613 194 7 222 66
chair 0.0027360916137695312 76 0 114 55
person 0.0023968517780303955 486 2 499 116
pottedplant 0.002935171127319336 348 0 377 43
pottedplant 0.0010083019733428955 342 0 398 43
chair 0.0030398666858673096 113 8 194 45
person 0.006903529167175293 478 0 499 116
chair 0.0022873878479003906 189 10 236 93
