chair 0.8469594717025757 417 154 500 372
person 0.951684296131134 242 90 378 299
chair 0.37845903635025024 352 115 405 270
chair 0.0973893404006958 355 115 465 268
sofa 0.6636692881584167 0 139 119 222
sofa 0.017177879810333252 183 139 339 277
sofa 0.0015977323055267334 0 141 81 369
person 0.34687304496765137 0 134 42 374
sofa 0.06164824962615967 183 156 401 290
chair 0.6943025588989258 286 141 400 299
person 0.0010650157928466797 199 134 255 203
chair 0.0018033087253570557 480 131 499 267
person 0.011914163827896118 223 113 292 206
person 0.004503071308135986 115 103 192 193
person 0.2821960747241974 156 103 194 184
person 0.015723586082458496 157 103 181 160
person 0.0028228759765625 229 113 291 174
chair 0.0012544989585876465 315 114 389 209
chair 0.004830062389373779 463 160 499 318
sofa 0.005322486162185669 0 134 109 185
chair 0.00443345308303833 483 260 499 373
chair 0.044351041316986084 156 103 194 253
chair 0.009448617696762085 475 151 499 370
pottedplant 0.002406179904937744 201 15 232 77
chair 0.00284498929977417 483 196 499 373
chair 0.02096518874168396 422 114 469 252
chair 0.020410388708114624 431 90 474 250
person 0.0013995170593261719 144 138 280 273
chair 0.020176976919174194 432 88 494 250
person 0.0010322332382202148 480 64 499 299
chair 0.04256337881088257 110 104 200 267
chair 0.022159963846206665 307 111 407 274
person 0.28140556812286377 28 137 103 181
person 0.0016355812549591064 226 139 295 211
person 0.8899096250534058 94 103 200 279
chair 0.02517762780189514 125 178 176 255
chair 0.00284498929977417 488 181 500 341
chair 0.01094403862953186 181 152 380 281
chair 0.004905790090560913 244 162 383 298
chair 0.012625247240066528 157 104 194 181
chair 0.0015366971492767334 401 188 449 269
chair 0.0017963051795959473 477 149 499 290
chair 0.0010567307472229004 150 117 194 182
chair 0.09434303641319275 225 134 252 160
chair 0.002415567636489868 356 115 402 169
chair 0.001560807228088379 286 146 326 175
chair 0.0015487074851989746 0 180 22 259
person 0.0011074244976043701 0 300 40 373
chair 0.0037074387073516846 0 219 40 373
chair 0.06878867745399475 400 116 467 258
chair 0.0015366971492767334 0 149 22 261
chair 0.0033763349056243896 105 149 183 277
chair 0.018194735050201416 130 160 183 268
chair 0.005797207355499268 133 141 191 266
person 0.8397353291511536 185 113 292 214
