train 0.005774706602096558 20 36 496 246
train 0.001964658498764038 190 39 496 244
train 0.005888134241104126 0 47 50 320
train 0.0017823278903961182 287 101 496 244
train 0.01542365550994873 0 34 88 324
car 0.01444736123085022 0 152 86 322
train 0.004681944847106934 292 145 497 244
person 0.01090201735496521 0 64 87 322
motorbike 0.010571062564849854 0 100 87 323
pottedplant 0.001489490270614624 113 155 250 270
chair 0.010249316692352295 294 164 328 198
chair 0.0013995170593261719 294 178 321 197
chair 0.018474966287612915 318 147 369 223
pottedplant 0.0012742578983306885 0 114 32 173
pottedplant 0.0031358301639556885 138 107 183 171
chair 0.004774004220962524 294 162 342 202
bicycle 0.0014215409755706787 0 155 23 219
bicycle 0.0017823278903961182 0 159 32 217
pottedplant 0.001489490270614624 199 165 251 218
person 0.009195834398269653 0 104 38 220
tvmonitor 0.0013832449913024902 0 253 67 314
chair 0.007816284894943237 258 177 287 204
pottedplant 0.001289278268814087 0 18 39 320
train 0.0019494593143463135 0 11 158 320
chair 0.004886746406555176 0 178 85 324
boat 0.0013617873191833496 0 158 23 222
person 0.0010004639625549316 0 91 15 219
chair 0.0011513829231262207 5 134 41 169
person 0.0018969178199768066 0 109 30 198
person 0.00443345308303833 0 115 38 173
person 0.003537982702255249 3 134 39 170
pottedplant 0.0050605833530426025 144 132 191 194
person 0.0013044774532318115 0 128 23 337
chair 0.0011336207389831543 177 119 219 177
chair 0.5039061903953552 257 175 289 233
chair 0.014062851667404175 292 165 358 241
chair 0.0034293532371520996 322 172 366 243
bicycle 0.0685386061668396 291 146 370 240
bicycle 0.001146942377090454 0 156 20 195
pottedplant 0.004736989736557007 156 222 202 268
pottedplant 0.04402092099189758 136 106 185 192
pottedplant 0.0012496113777160645 132 186 167 232
pottedplant 0.001012265682220459 135 134 239 221
person 0.002090960741043091 0 127 35 254
pottedplant 0.0011971890926361084 134 108 240 231
pottedplant 0.003510504961013794 287 315 346 332
pottedplant 0.0027042627334594727 136 159 250 231
chair 0.0013250410556793213 292 167 338 238
horse 0.002003192901611328 0 134 40 181
pottedplant 0.0016548335552215576 4 134 40 170
chair 0.6261249780654907 291 146 370 239
chair 0.001040339469909668 321 146 382 240
bicycle 0.0011694133281707764 0 135 38 264
