motorbike 0.9263019561767578 93 156 396 440
person 0.012383639812469482 6 93 23 134
person 0.0013250410556793213 45 93 58 133
person 0.018404453992843628 77 83 105 134
person 0.0046637654304504395 112 89 137 131
person 0.004591643810272217 123 90 150 127
car 0.001674354076385498 286 83 359 123
person 0.0097084641456604 87 90 120 133
chair 0.0010004639625549316 373 115 408 166
motorbike 0.0022519826889038086 295 118 348 181
bicycle 0.0014104843139648438 84 129 131 173
person 0.0017547309398651123 344 86 382 118
person 0.015542924404144287 392 91 421 117
person 0.02280205488204956 33 87 57 136
bicycle 0.002090960741043091 83 108 131 171
person 0.10557791590690613 53 90 86 135
bicycle 0.0026623904705047607 83 116 141 164
person 0.040386855602264404 98 91 123 133
person 0.013326108455657959 104 91 140 133
person 0.9699005484580994 76 32 328 348
person 0.004348009824752808 10 31 26 61
person 0.0033371448516845703 11 31 32 61
person 0.001178741455078125 71 133 307 355
person 0.016530483961105347 68 70 94 98
person 0.07779598236083984 1 88 18 138
motorbike 0.0012496113777160645 295 99 352 180
person 0.14608708024024963 53 94 74 135
person 0.003991752862930298 44 91 67 135
person 0.0022785067558288574 85 93 100 134
person 0.004118025302886963 98 92 126 152
person 0.001972287893295288 104 94 141 149
car 0.0019494593143463135 288 82 382 125
car 0.0021488964557647705 285 83 383 180
person 0.0010485053062438965 84 94 134 163
person 0.3522022068500519 59 69 97 133
person 0.05340319871902466 70 69 105 132
person 0.013223767280578613 84 89 106 130
person 0.006640911102294922 92 89 113 128
person 0.0028561055660247803 110 86 135 126
person 0.0019343793392181396 120 88 140 122
motorbike 0.003678649663925171 291 84 380 180
car 0.010818421840667725 2 71 59 131
person 0.1422344446182251 0 89 10 137
person 0.4167965054512024 14 94 39 138
car 0.05856207013130188 0 71 60 102
person 0.00131988525390625 74 87 96 134
person 0.03760969638824463 123 103 140 132
person 0.004774004220962524 136 157 309 341
person 0.01196029782295227 342 89 378 173
