pottedplant 0.008511096239089966 118 -93 284 -8
pottedplant 0.009485304355621338 164 -84 341 -9
pottedplant 0.0051396191120147705 315 -81 476 -16
pottedplant 0.0017547309398651123 209 -50 336 -1
pottedplant 0.004848897457122803 63 -154 440 0
pottedplant 0.0020505785942077637 263 -157 509 2
pottedplant 0.0017823278903961182 243 -69 388 -34
pottedplant 0.0014722347259521484 337 0 419 168
pottedplant 0.023688465356826782 440 0 499 195
pottedplant 0.003063589334487915 137 -50 253 -1
pottedplant 0.001264333724975586 243 -50 382 0
pottedplant 0.004681944847106934 330 -50 473 0
pottedplant 0.9334320425987244 348 3 499 230
tvmonitor 0.009860128164291382 0 0 169 314
diningtable 0.0014382600784301758 0 0 190 291
pottedplant 0.9309604167938232 138 0 345 222
pottedplant 0.002590775489807129 346 3 448 173
boat 0.0011248290538787842 0 195 6 257
pottedplant 0.0021742284297943115 312 0 403 121
pottedplant 0.0017684698104858398 314 0 399 166
