boat 0.005554467439651489 18 136 455 308
sofa 0.05146035552024841 16 137 494 311
person 0.010652929544448853 451 77 499 286
person 0.004297584295272827 0 169 73 370
person 0.003765672445297241 0 165 117 372
person 0.0024724602699279785 0 164 178 373
person 0.9276229739189148 341 82 468 308
chair 0.0021912753582000732 0 2 25 61
bottle 0.0012742578983306885 492 32 499 55
person 0.016530483961105347 0 9 6 58
boat 0.0017410516738891602 241 37 281 59
person 0.0015010833740234375 3 0 18 31
bottle 0.0011074244976043701 393 183 417 225
bottle 0.026862531900405884 440 145 450 164
bottle 0.004038453102111816 438 145 463 165
bottle 0.00118333101272583 493 33 499 62
bird 0.0029466450214385986 425 58 461 103
person 0.0013044774532318115 492 33 499 188
person 0.0018245279788970947 0 159 25 259
person 0.008478313684463501 0 -1 7 73
person 0.047604769468307495 424 26 499 161
bottle 0.08269482851028442 302 195 316 219
boat 0.0027148425579071045 0 54 19 207
bottle 0.0032476186752319336 390 181 430 243
person 0.7240901589393616 422 26 499 244
boat 0.004314333200454712 0 103 17 171
boat 0.001120448112487793 255 38 282 58
person 0.0019799768924713135 0 -8 8 120
person 0.003123670816421509 463 202 499 277
bird 0.0010650157928466797 156 0 191 20
person 0.001012265682220459 1 0 55 63
bottle 0.0020666420459747314 390 213 410 242
bottle 0.0013250410556793213 453 211 499 278
bottle 0.0015130341053009033 462 235 498 275
dog 0.006339401006698608 461 204 500 277
person 0.9036341905593872 0 121 161 255
person 0.5822536945343018 5 0 86 112
dog 0.0010988116264343262 -1 201 66 248
cat 0.002415567636489868 465 239 499 275
boat 0.0015366971492767334 285 32 494 217
boat 0.0026212334632873535 352 27 500 187
person 0.0015977323055267334 0 0 85 245
person 0.004811316728591919 41 0 86 102
boat 0.0012792348861694336 351 25 431 80
bottle 0.0011603832244873047 439 144 453 168
bottle 0.001524806022644043 420 78 446 103
bottle 0.0016613304615020752 224 301 256 349
person 0.0020425915718078613 487 -1 499 56
person 0.003123670816421509 474 158 499 284
dog 0.0013147294521331787 0 194 42 265
dog 0.003235042095184326 0 210 49 260
boat 0.001146942377090454 350 36 492 82
person 0.005957245826721191 420 26 498 104
person 0.006145477294921875 0 0 22 143
person 0.00517958402633667 0 193 53 298
person 0.02315419912338257 1 0 57 113
person 0.008445650339126587 0 193 60 258
bottle 0.0026623904705047607 76 180 91 199
boat 0.040843963623046875 351 52 430 79
boat 0.007345408201217651 350 51 494 88
bottle 0.00629037618637085 438 145 479 164
person 0.0017073750495910645 474 22 499 167
person 0.008881211280822754 488 70 500 220
bottle 0.0020991265773773193 435 142 448 164
bottle 0.018334269523620605 436 130 484 164
boat 0.003496825695037842 193 25 243 42
chair 0.002415567636489868 353 176 452 303
person 0.0026520490646362305 457 185 499 275
person 0.005819797515869141 463 153 499 275
person 0.00394555926322937 0 192 55 336
person 0.003736436367034912 0 189 93 309
person 0.001964658498764038 0 182 125 312
boat 0.0016548335552215576 351 52 437 97
boat 0.002867281436920166 351 51 471 104
person 0.050141364336013794 59 0 85 49
chair 0.0017963051795959473 88 0 118 34
person 0.032465726137161255 0 0 27 60
person 0.00629037618637085 34 0 86 53
person 0.005911082029342651 0 76 25 261
person 0.010611921548843384 0 95 60 260
person 0.008188486099243164 0 114 99 258
person 0.005685538053512573 76 121 160 240
chair 0.002590775489807129 197 135 329 216
person 0.011418908834457397 462 62 499 274
person 0.007460415363311768 0 163 61 260
person 0.0025409162044525146 0 177 116 257
bottle 0.18713223934173584 390 188 415 243
person 0.0015977323055267334 482 146 499 285
person 0.001388639211654663 490 102 499 249
car 0.0012742578983306885 421 27 497 100
person 0.0011074244976043701 481 2 499 113
boat 0.0022963285446166992 193 25 280 41
boat 0.009195834398269653 193 25 283 54
