person 0.8868098258972168 117 78 255 321
sofa 0.0034832358360290527 7 123 488 520
person 0.8494727611541748 258 84 372 372
chair 0.005888134241104126 0 167 27 369
chair 0.0020505785942077637 476 150 499 365
chair 0.001455157995223999 40 99 261 322
chair 0.015784263610839844 246 84 312 186
person 0.0014104843139648438 247 82 370 173
pottedplant 0.011463016271591187 0 246 22 311
person 0.005099952220916748 246 84 312 180
chair 0.016786664724349976 245 83 312 243
person 0.0028009116649627686 251 83 365 247
person 0.007460415363311768 126 75 227 219
pottedplant 0.0370461642742157 479 262 499 290
pottedplant 0.001264333724975586 462 183 499 340
pottedplant 0.0020991265773773193 478 179 499 349
chair 0.002003192901611328 475 235 499 374
pottedplant 0.027274370193481445 136 -1 190 130
pottedplant 0.0010650157928466797 125 0 193 213
pottedplant 0.0012742578983306885 461 262 499 322
pottedplant 0.024891287088394165 479 260 499 345
chair 0.02432847023010254 247 85 364 286
chair 0.003736436367034912 0 250 44 374
pottedplant 0.008511096239089966 0 221 24 303
pottedplant 0.005619615316390991 0 228 25 371
sofa 0.017510265111923218 0 242 28 375
sofa 0.011072665452957153 0 247 43 376
pottedplant 0.03410175442695618 0 253 20 289
dog 0.002641737461090088 120 172 265 313
pottedplant 0.004198610782623291 0 163 24 300
dog 0.9257676601409912 205 174 264 270
dog 0.8056327104568481 257 132 318 246
pottedplant 0.00916031002998352 307 0 349 96
dog 0.0026727914810180664 259 132 367 308
