aeroplane 0.004166156053543091 34 195 499 332
aeroplane 0.8692725896835327 66 50 501 331
aeroplane 0.004247784614562988 115 128 499 319
aeroplane 0.0027042627334594727 249 48 500 324
aeroplane 0.0011380314826965332 328 48 499 320
aeroplane 0.0021488964557647705 205 83 499 300
car 0.0011694133281707764 308 160 351 187
car 0.0011603832244873047 306 159 363 190
car 0.001714080572128296 245 249 269 262
aeroplane 0.001495271921157837 211 175 317 204
person 0.42059946060180664 0 245 21 270
person 0.0014104843139648438 2 246 29 271
motorbike 0.0010733604431152344 58 236 86 265
car 0.00564149022102356 54 239 89 264
car 0.012240886688232422 0 244 19 269
car 0.5660187602043152 17 236 65 261
car 0.0030398666858673096 58 235 84 263
bus 0.0011694133281707764 2 -202 485 87
car 0.04831570386886597 99 231 158 260
car 0.3504211902618408 106 230 204 260
car 0.0015791356563568115 4 245 28 269
car 0.003222525119781494 51 237 80 263
car 0.0025310516357421875 112 227 256 260
person 0.003751039505004883 0 246 23 281
car 0.008543968200683594 0 237 39 263
car 0.0015130341053009033 0 235 46 252
car 0.020410388708114624 45 236 74 262
person 0.014502942562103271 67 232 86 265
person 0.0045206546783447266 77 233 86 253
aeroplane 0.0011648833751678467 128 178 378 248
car 0.002003192901611328 93 236 128 262
car 0.031736671924591064 145 235 198 259
pottedplant 0.009124904870986938 0 185 10 275
aeroplane 0.0013250410556793213 72 209 167 262
aeroplane 0.0018174350261688232 82 211 195 261
car 0.001028209924697876 95 215 207 261
aeroplane 0.002018868923187256 115 197 388 265
aeroplane 0.0011248290538787842 157 200 380 254
car 0.0012447535991668701 0 217 18 271
aeroplane 0.0026727914810180664 306 159 365 190
aeroplane 0.0011648833751678467 304 160 393 192
pottedplant 0.0011336207389831543 0 137 9 242
aeroplane 0.004247784614562988 138 151 401 212
aeroplane 0.0075772106647491455 153 144 399 200
car 0.006930291652679443 0 236 19 267
car 0.021782606840133667 0 236 27 265
car 0.037750810384750366 0 235 31 254
person 0.00822022557258606 62 232 78 263
person 0.010209739208221436 73 232 85 265
car 0.003147989511489868 85 239 111 261
car 0.0060506463050842285 87 237 118 260
car 0.005597800016403198 95 236 136 259
car 0.09041720628738403 111 233 147 259
pottedplant 0.03397315740585327 0 188 9 235
person 0.002199828624725342 108 228 147 259
