chair 0.00517958402633667 0 191 339 499
chair 0.0015071630477905273 0 360 169 500
chair 0.00185316801071167 0 361 243 500
chair 0.00257071852684021 -1 353 372 499
chair 0.004166156053543091 1 428 178 500
chair 0.003235042095184326 1 419 240 499
chair 0.005888134241104126 9 424 373 499
car 0.0010485053062438965 194 121 375 223
boat 0.0018245279788970947 139 0 295 100
car 0.0011925697326660156 235 121 374 236
boat 0.0012302696704864502 197 0 281 96
boat 0.10230165719985962 82 0 287 147
boat 0.09876999258995056 75 0 372 147
tvmonitor 0.0025508105754852295 277 9 374 95
pottedplant 0.005729943513870239 11 0 352 298
pottedplant 0.014009058475494385 92 0 238 143
chair 0.006589770317077637 272 381 374 499
pottedplant 0.005490154027938843 1 0 116 154
pottedplant 0.0016355812549591064 3 0 166 148
pottedplant 0.010289043188095093 0 1 117 266
pottedplant 0.0013302266597747803 3 0 285 255
car 0.0016419589519500732 326 124 375 163
car 0.0021321773529052734 342 125 374 164
person 0.002090960741043091 217 39 271 111
boat 0.024702221155166626 34 0 374 234
pottedplant 0.0021827220916748047 -180 1 0 497
pottedplant 0.0015729963779449463 1 49 73 363
pottedplant 0.561214804649353 6 9 343 461
chair 0.012971192598342896 230 421 374 499
pottedplant 0.001120448112487793 0 49 109 248
car 0.015663117170333862 238 126 374 167
chair 0.014062851667404175 180 424 382 499
chair 0.0010004639625549316 250 1 374 173
chair 0.0060742199420928955 236 325 374 503
