person 0.0012112557888031006 309 83 495 302
person 0.004503071308135986 305 155 494 300
person 0.0013564825057983398 436 37 499 334
diningtable 0.39326852560043335 -1 202 491 331
chair 0.024655163288116455 53 49 488 306
diningtable 0.001264333724975586 0 143 126 330
person 0.0012065470218658447 229 4 497 304
tvmonitor 0.004297584295272827 355 0 499 133
bottle 0.0015853047370910645 254 174 383 306
person 0.0017007291316986084 -1 16 119 318
person 0.7114314436912537 5 50 448 275
bottle 0.007065832614898682 255 222 379 306
person 0.013585120439529419 477 138 499 331
chair 0.0011694133281707764 475 245 500 333
person 0.00257071852684021 475 241 499 334
chair 0.0037074387073516846 244 157 419 259
bottle 0.003510504961013794 476 184 499 331
diningtable 0.004681944847106934 0 145 117 232
diningtable 0.0016039609909057617 2 144 176 227
chair 0.00284498929977417 262 107 424 259
chair 0.0018676519393920898 204 107 420 240
chair 0.01949256658554077 324 151 419 254
