aeroplane 0.9322066307067871 1 128 496 312
aeroplane 0.0010817945003509521 5 201 94 222
aeroplane 0.001674354076385498 -1 201 82 237
car 0.27125176787376404 0 261 52 295
car 0.0015729963779449463 6 265 105 298
car 0.001432657241821289 0 229 110 297
car 0.017243891954421997 24 264 52 298
aeroplane 0.0017547309398651123 0 177 64 297
person 0.06324738264083862 23 264 49 295
aeroplane 0.0011074244976043701 2 201 38 224
aeroplane 0.0030995309352874756 5 200 63 221
aeroplane 0.004399091005325317 0 240 53 296
aeroplane 0.0016102492809295654 3 132 254 233
car 0.04813694953918457 0 263 33 294
