cow 0.8563305139541626 50 110 347 353
cow 0.9608072638511658 274 138 499 373
cow 0.0010650157928466797 269 124 380 367
cow 0.0012207329273223877 48 199 316 356
cow 0.0012112557888031006 285 131 346 180
cow 0.03488284349441528 258 103 347 165
cow 0.0011513829231262207 288 142 343 195
cow 0.005532950162887573 256 115 348 202
cow 0.0028009116649627686 0 96 26 238
cow 0.005685538053512573 0 111 82 205
cow 0.0030280649662017822 0 79 23 282
cow 0.006339401006698608 0 93 85 262
cow 0.006666600704193115 0 122 95 194
cow 0.0019419193267822266 0 76 41 210
cow 0.00394555926322937 208 101 346 168
person 0.0013044774532318115 273 142 367 374
cow 0.6540116667747498 0 0 402 186
cow 0.0017684698104858398 0 2 136 185
cow 0.0013459324836730957 0 52 74 186
cow 0.00185316801071167 0 1 363 319
cow 0.007518589496612549 263 0 474 369
cow 0.013901978731155396 0 3 135 357
cow 0.0029812753200531006 253 98 313 165
cow 0.003063589334487915 -1 4 215 348
cow 0.0025310516357421875 161 0 462 143
cow 0.648688793182373 329 0 468 141
cow 0.0011074244976043701 231 0 387 146
cow 0.0021742284297943115 271 99 315 133
cow 0.0024724602699279785 0 86 15 312
cow 0.0024628937244415283 0 95 49 293
