diningtable 0.008711427450180054 7 185 390 359
pottedplant 0.31997090578079224 189 201 365 358
pottedplant 0.5117166638374329 324 226 479 358
pottedplant 0.001111745834350586 0 215 218 358
sofa 0.01094403862953186 453 138 479 340
pottedplant 0.003884732723236084 0 111 95 287
pottedplant 0.0015487074851989746 4 136 193 282
pottedplant 0.2523835301399231 78 143 196 253
sofa 0.017443329095840454 451 75 479 215
pottedplant 0.02437487244606018 0 34 80 277
pottedplant 0.3345893621444702 74 28 180 251
pottedplant 0.20817920565605164 75 97 202 251
sofa 0.0022170841693878174 414 126 480 232
pottedplant 0.48242902755737305 0 72 47 279
pottedplant 0.08509886264801025 0 250 155 359
pottedplant 0.0011879205703735352 166 214 480 358
pottedplant 0.029369741678237915 0 152 45 351
pottedplant 0.007725805044174194 0 146 87 353
pottedplant 0.004198610782623291 0 116 155 357
pottedplant 0.0022257566452026367 1 141 215 358
pottedplant 0.0015366971492767334 95 194 363 358
diningtable 0.0010988116264343262 0 173 246 359
pottedplant 0.012625247240066528 35 186 75 239
pottedplant 0.003123670816421509 222 44 302 173
pottedplant 0.0021827220916748047 463 218 479 337
pottedplant 0.0016874969005584717 324 48 355 106
pottedplant 0.0011248290538787842 368 -70 470 -9
pottedplant 0.002501755952835083 397 133 437 188
pottedplant 0.0013617873191833496 287 -123 488 -2
pottedplant 0.01196029782295227 420 71 479 154
pottedplant 0.010368883609771729 0 76 14 176
pottedplant 0.010289043188095093 0 71 14 244
chair 0.028329521417617798 196 37 251 181
pottedplant 0.02748247981071472 258 49 305 198
pottedplant 0.007460415363311768 420 111 454 133
pottedplant 0.09138533473014832 258 37 381 208
pottedplant 0.006388753652572632 0 107 21 220
pottedplant 0.00106087327003479 305 0 479 218
pottedplant 0.001289278268814087 72 247 143 319
pottedplant 0.001040339469909668 216 265 264 314
pottedplant 0.029816508293151855 0 45 19 279
pottedplant 0.0014104843139648438 145 89 179 163
pottedplant 0.00629037618637085 0 237 11 304
pottedplant 0.001040339469909668 0 200 48 279
pottedplant 0.0012065470218658447 309 54 343 108
pottedplant 0.047423362731933594 46 217 88 282
pottedplant 0.0018676519393920898 437 111 479 155
pottedplant 0.01949256658554077 29 29 117 251
pottedplant 0.0013995170593261719 338 50 373 113
pottedplant 0.0013564825057983398 227 83 309 202
pottedplant 0.002590775489807129 345 45 376 115
pottedplant 0.0013302266597747803 384 -46 452 -1
pottedplant 0.001432657241821289 423 108 480 134
sofa 0.001120448112487793 432 101 480 156
pottedplant 0.0012447535991668701 0 269 27 354
pottedplant 0.057920247316360474 257 97 375 202
pottedplant 0.054400503635406494 452 218 479 356
pottedplant 0.009860128164291382 0 292 42 353
pottedplant 0.16237932443618774 0 233 47 353
chair 0.14271152019500732 306 97 375 198
pottedplant 0.13117218017578125 0 266 53 352
pottedplant 0.008445650339126587 339 256 382 341
pottedplant 0.002140522003173828 445 145 465 186
pottedplant 0.0010162293910980225 71 39 103 145
pottedplant 0.0035518109798431396 446 145 479 187
pottedplant 0.011115282773971558 0 217 94 350
pottedplant 0.0010004639625549316 360 260 403 354
pottedplant 0.0025409162044525146 451 115 479 189
pottedplant 0.0015487074851989746 3 46 16 82
pottedplant 0.0016874969005584717 280 287 340 333
pottedplant 0.007786005735397339 311 107 346 199
pottedplant 0.002935171127319336 0 229 6 333
chair 0.006876885890960693 265 95 375 204
pottedplant 0.006903529167175293 29 50 58 86
pottedplant 0.0051396191120147705 279 76 332 110
pottedplant 0.022202253341674805 68 245 205 359
pottedplant 0.0016165375709533691 432 145 465 188
pottedplant 0.01923280954360962 421 27 479 211
sofa 0.007846683263778687 420 87 479 152
boat 0.003899872303009033 420 0 479 171
pottedplant 0.0010567307472229004 321 61 356 108
person 0.0016548335552215576 458 122 479 189
pottedplant 0.003736436367034912 351 132 417 194
pottedplant 0.002406179904937744 210 36 231 102
pottedplant 0.0011603832244873047 394 125 464 195
pottedplant 0.19620904326438904 197 36 248 178
pottedplant 0.0011074244976043701 317 57 371 141
pottedplant 0.005865275859832764 419 90 480 177
pottedplant 0.0014159977436065674 0 273 45 333
pottedplant 0.002415567636489868 299 204 374 355
pottedplant 0.028653234243392944 206 96 295 215
pottedplant 0.004231303930282593 367 297 427 357
pottedplant 0.0012742578983306885 276 249 345 331
pottedplant 0.003510504961013794 252 91 329 214
pottedplant 0.004924893379211426 104 81 160 144
pottedplant 0.0013832449913024902 267 107 311 207
pottedplant 0.10706377029418945 0 236 29 290
pottedplant 0.01698121428489685 281 54 338 110
pottedplant 0.001335442066192627 436 55 479 119
pottedplant 0.009231507778167725 0 75 13 142
pottedplant 0.0026727914810180664 47 215 129 324
pottedplant 0.6123098134994507 71 29 122 251
person 0.0011424720287322998 474 79 479 120
pottedplant 0.004022836685180664 64 233 148 328
pottedplant 0.8056327104568481 338 132 407 200
pottedplant 0.01069408655166626 201 36 289 212
pottedplant 0.5698527097702026 413 142 463 196
chair 0.007816284894943237 452 87 479 221
pottedplant 0.003075540065765381 24 81 82 249
pottedplant 0.08977669477462769 70 249 158 359
pottedplant 0.035814911127090454 310 15 397 164
pottedplant 0.011418908834457397 192 259 347 359
pottedplant 0.007846683263778687 0 237 13 290
pottedplant 0.002912372350692749 124 145 199 209
pottedplant 0.004118025302886963 141 148 201 203
pottedplant 0.004450768232345581 4 0 35 43
pottedplant 0.0035796165466308594 232 150 282 199
pottedplant 0.0010362863540649414 322 285 459 359
pottedplant 0.01292121410369873 254 155 299 202
pottedplant 0.01956745982170105 266 162 296 201
pottedplant 0.01771247386932373 325 240 421 358
pottedplant 0.04385673999786377 304 96 375 199
pottedplant 0.016786664724349976 395 134 426 195
pottedplant 0.02315419912338257 423 91 479 214
pottedplant 0.07640942931175232 0 285 149 359
pottedplant 0.010818421840667725 446 90 479 217
pottedplant 0.0035518109798431396 0 235 9 287
pottedplant 0.37937840819358826 101 143 204 213
pottedplant 0.0023506581783294678 464 216 479 305
pottedplant 0.014898449182510376 260 161 298 211
pottedplant 0.004054129123687744 260 158 310 214
pottedplant 0.8808004856109619 263 48 352 110
pottedplant 0.11919951438903809 267 201 359 356
pottedplant 0.0021321773529052734 340 16 395 119
pottedplant 0.04552412033081055 322 238 383 355
pottedplant 0.651354193687439 6 46 55 85
pottedplant 0.0025310516357421875 72 29 115 133
pottedplant 0.002590775489807129 215 196 266 312
pottedplant 0.0029812753200531006 409 194 440 226
chair 0.024421334266662598 454 162 479 211
pottedplant 0.023508936166763306 216 150 269 199
pottedplant 0.006564319133758545 240 152 266 196
pottedplant 0.012240886688232422 272 162 296 188
pottedplant 0.001289278268814087 309 150 345 197
chair 0.017243891954421997 456 141 479 213
chair 0.0028561055660247803 454 151 479 186
chair 0.002501755952835083 457 142 479 188
pottedplant 0.0025212466716766357 77 129 107 207
pottedplant 0.17441195249557495 429 186 460 227
sofa 0.018976598978042603 453 159 479 248
pottedplant 0.0018604099750518799 22 181 55 272
pottedplant 0.042245686054229736 37 179 80 255
pottedplant 0.007518589496612549 44 180 85 248
pottedplant 0.030442774295806885 78 170 134 252
pottedplant 0.007345408201217651 458 136 479 340
pottedplant 0.016786664724349976 400 190 435 226
pottedplant 0.031857043504714966 409 194 454 226
pottedplant 0.02779737114906311 12 157 81 253
pottedplant 0.0011648833751678467 451 161 479 227
pottedplant 0.0030280649662017822 43 103 87 245
pottedplant 0.005511492490768433 77 103 133 252
pottedplant 0.009633511304855347 43 206 73 245
pottedplant 0.008711427450180054 42 199 85 243
pottedplant 0.4320632219314575 386 189 423 224
pottedplant 0.21469154953956604 405 186 461 227
sofa 0.32595008611679077 452 162 479 215
chair 0.007816284894943237 204 99 282 213
sofa 0.07159435749053955 452 132 479 216
pottedplant 0.01155179738998413 31 182 82 278
pottedplant 0.03622123599052429 29 163 80 247
pottedplant 0.011914163827896118 35 119 83 247
