bicycle 0.0012399256229400635 75 207 342 484
bicycle 0.9365208148956299 50 293 353 490
bicycle 0.0011513829231262207 46 378 354 493
pottedplant 0.0011424720287322998 188 272 310 404
pottedplant 0.0012594163417816162 229 275 329 383
pottedplant 0.0022607743740081787 219 276 262 324
pottedplant 0.020176976919174194 177 233 283 441
pottedplant 0.00321003794670105 193 277 265 326
pottedplant 0.04535484313964844 1 104 135 424
pottedplant 0.0010945498943328857 164 270 194 319
pottedplant 0.0021573007106781006 170 272 200 317
pottedplant 0.0011074244976043701 162 267 188 307
pottedplant 0.0014722347259521484 171 273 191 301
pottedplant 0.012723177671432495 172 218 277 332
bicycle 0.0010162293910980225 258 272 329 336
pottedplant 0.0029466450214385986 172 273 213 314
pottedplant 0.002140522003173828 167 121 182 155
