diningtable 0.01596766710281372 130 224 345 373
chair 0.006193429231643677 0 226 84 373
chair 0.0063148438930511475 33 217 200 373
diningtable 0.0034561753273010254 144 228 297 373
chair 0.0010485053062438965 290 162 381 244
pottedplant 0.03346338868141174 391 116 453 283
pottedplant 0.5292633771896362 137 93 234 269
chair 0.005384683609008789 290 178 382 344
pottedplant 0.003272920846939087 398 123 499 335
pottedplant 0.004399091005325317 0 121 76 372
pottedplant 0.0026727914810180664 0 111 106 372
chair 0.0033763349056243896 0 230 118 373
chair 0.01530534029006958 27 249 172 374
chair 0.023914992809295654 32 249 261 374
chair 0.8670357465744019 326 259 492 374
person 0.001040339469909668 34 169 175 373
person 0.8980566263198853 311 181 444 370
person 0.9281455874443054 35 172 292 374
pottedplant 0.0011074244976043701 384 117 475 367
person 0.002867281436920166 0 154 43 373
pottedplant 0.0024724602699279785 257 193 287 229
pottedplant 0.0021321773529052734 84 151 110 179
pottedplant 0.0020991265773773193 0 77 52 163
pottedplant 0.0026623904705047607 0 74 29 210
person 0.13846442103385925 329 159 345 183
pottedplant 0.17441195249557495 17 95 110 188
chair 0.0011074244976043701 367 179 394 209
person 0.0022344589233398438 317 180 352 232
pottedplant 0.005797207355499268 471 258 499 296
pottedplant 0.07640942931175232 488 264 499 299
pottedplant 0.00394555926322937 322 112 347 185
pottedplant 0.0017007291316986084 219 111 302 230
pottedplant 0.00593411922454834 482 257 499 296
pottedplant 0.005426615476608276 0 147 15 250
bottle 0.004022836685180664 287 226 326 260
pottedplant 0.005774706602096558 0 155 29 250
bottle 0.0016483962535858154 289 223 346 254
bottle 0.001335442066192627 294 221 355 259
chair 0.0011879205703735352 476 190 499 366
person 0.0011248290538787842 117 259 193 315
pottedplant 0.04672485589981079 0 74 53 249
bottle 0.0022696256637573242 115 258 189 319
chair 0.0019876956939697266 445 283 479 374
bottle 0.003678649663925171 0 292 8 374
chair 0.0016039609909057617 373 270 462 369
chair 0.042087674140930176 424 260 492 374
chair 0.002725452184677124 0 220 8 283
pottedplant 0.24944737553596497 0 78 109 251
chair 0.016916126012802124 477 249 499 373
chair 0.009054571390151978 0 222 41 279
pottedplant 0.0031724870204925537 56 109 110 180
pottedplant 0.003285646438598633 486 170 499 286
pottedplant 0.007148534059524536 0 74 27 165
pottedplant 0.0048677921295166016 473 222 499 297
pottedplant 0.04689863324165344 487 213 500 299
bottle 0.001432657241821289 300 235 352 286
bottle 0.004944056272506714 346 231 371 279
pottedplant 0.0025807321071624756 202 172 234 251
bottle 0.0021827220916748047 0 322 8 374
person 0.002790004014968872 272 177 352 240
person 0.003123670816421509 317 181 372 244
bottle 0.4863315224647522 236 222 256 264
bottle 0.6791782379150391 253 219 271 259
bottle 0.0013995170593261719 287 226 316 264
diningtable 0.0027148425579071045 283 185 368 287
chair 0.008156836032867432 371 179 394 199
chair 0.009019583463668823 371 178 405 201
chair 0.006903529167175293 370 178 413 206
bottle 0.31742578744888306 225 214 242 255
person 0.009784013032913208 281 179 370 290
pottedplant 0.006364047527313232 81 127 110 180
bottle 0.013377547264099121 243 221 257 258
diningtable 0.0014215409755706787 280 201 327 237
diningtable 0.0024628937244415283 274 201 344 242
bottle 0.0030995309352874756 287 226 336 264
bottle 0.0016940832138061523 283 223 350 262
diningtable 0.003272920846939087 283 198 372 309
pottedplant 0.0015366971492767334 256 132 277 228
person 0.001477956771850586 111 262 196 330
diningtable 0.0014438629150390625 295 184 372 348
chair 0.0010043680667877197 488 234 499 370
person 0.0032476186752319336 313 213 370 283
pottedplant 0.0012544989585876465 256 170 280 227
chair 0.001388639211654663 483 233 499 343
chair 0.0021573007106781006 489 242 499 340
chair 0.06324738264083862 0 216 40 373
bottle 0.0015487074851989746 316 219 385 282
pottedplant 0.0010485053062438965 136 94 172 147
chair 0.0013617873191833496 152 306 229 374
chair 0.0177803635597229 319 232 446 364
chair 0.01292121410369873 150 292 292 374
chair 0.0014382600784301758 411 278 480 374
bottle 0.0010322332382202148 315 242 351 292
bottle 0.00443345308303833 351 233 369 279
person 0.0010945498943328857 279 172 348 270
pottedplant 0.0016228556632995605 390 204 446 261
pottedplant 0.002501755952835083 0 209 8 255
pottedplant 0.0010945498943328857 0 210 29 253
person 0.004830062389373779 188 295 294 374
chair 0.029760271310806274 327 293 452 374
pottedplant 0.11009037494659424 464 166 499 300
pottedplant 0.0034293532371520996 481 166 499 287
person 0.8333238959312439 277 162 338 236
person 0.0060742199420928955 279 171 370 246
person 0.01094403862953186 317 180 389 286
person 0.0032476186752319336 319 181 410 277
pottedplant 0.0013940632343292236 184 107 234 253
bottle 0.0013406574726104736 246 220 258 236
bottle 0.006876885890960693 255 219 269 237
chair 0.0012943148612976074 276 195 312 231
person 0.006850332021713257 311 171 370 240
chair 0.002140522003173828 276 195 326 236
person 0.008380681276321411 315 178 384 250
pottedplant 0.002090960741043091 393 174 446 259
pottedplant 0.004591643810272217 0 182 13 260
pottedplant 0.07640942931175232 0 171 52 250
pottedplant 0.008543968200683594 204 108 235 240
pottedplant 0.062328606843948364 256 114 302 228
person 0.007345408201217651 309 160 363 233
pottedplant 0.012723177671432495 464 179 499 250
pottedplant 0.0010444223880767822 437 124 500 260
pottedplant 0.00517958402633667 0 159 20 262
