chair 0.0011925697326660156 67 170 114 225
person 0.0010241866111755371 0 10 13 150
cow 0.0018822550773620605 0 40 79 147
train 0.011731505393981934 60 134 299 166
boat 0.0018388032913208008 0 128 237 165
bus 0.10123014450073242 29 128 244 166
bird 0.003795117139816284 18 -82 328 -4
bird 0.0015729963779449463 14 -109 420 -2
bird 0.011072665452957153 22 -48 280 -4
bird 0.0015189051628112793 14 -48 324 17
dog 0.0021488964557647705 0 247 33 375
bird 0.0011513829231262207 0 241 52 374
person 0.00185316801071167 0 189 12 312
dog 0.004364967346191406 0 212 12 375
dog 0.0013564825057983398 0 201 29 376
car 0.0016039609909057617 0 126 253 167
car 0.004468142986297607 0 128 351 166
dog 0.0067453086376190186 0 249 10 311
train 0.7041603326797485 2 134 346 166
bird 0.01013106107711792 0 22 11 141
horse 0.0023968517780303955 0 254 17 373
horse 0.0022785067558288574 0 255 40 375
pottedplant 0.0020666420459747314 0 253 23 373
bird 0.013532936573028564 0 260 11 306
bird 0.0018103718757629395 204 236 302 330
pottedplant 0.005490154027938843 0 207 12 262
person 0.0033632218837738037 0 255 27 374
pottedplant 0.0015977323055267334 0 213 8 307
pottedplant 0.005468875169754028 0 281 59 374
pottedplant 0.0012065470218658447 0 142 12 311
bird 0.0013250410556793213 0 0 36 137
dog 0.0249863862991333 0 258 11 306
boat 0.0010567307472229004 0 127 48 167
boat 0.008611321449279785 0 138 66 164
dog 0.0038396716117858887 0 233 8 314
bird 0.001957029104232788 0 255 17 351
train 0.0015668869018554688 259 140 346 165
train 0.0013778507709503174 286 139 346 165
motorbike 0.0017073750495910645 0 293 59 374
sheep 0.0010733604431152344 0 248 14 370
person 0.0017823278903961182 0 277 48 374
