diningtable 0.018616825342178345 397 210 499 370
diningtable 0.013637453317642212 306 239 499 373
person 0.0034027397632598877 294 8 499 374
person 0.007786005735397339 396 9 499 372
chair 0.0018245279788970947 318 81 499 371
chair 0.013955414295196533 396 74 499 368
person 0.8944220542907715 2 4 333 373
chair 0.005426615476608276 316 209 499 371
person 0.06584268808364868 5 3 498 374
diningtable 0.0019419193267822266 401 145 500 277
chair 0.0015426874160766602 13 4 493 370
chair 0.06394520401954651 394 213 499 379
chair 0.0017547309398651123 0 298 7 368
person 0.001560807228088379 0 318 6 373
chair 0.011331260204315186 397 215 500 272
chair 0.001432657241821289 397 147 499 274
chair 0.0018033087253570557 0 312 6 370
