dog 0.040538668632507324 469 111 499 330
horse 0.9304561614990234 0 43 381 375
horse 0.014282047748565674 464 116 499 349
dog 0.0014837086200714111 469 71 499 201
sheep 0.045186132192611694 469 130 499 191
dog 0.026255786418914795 469 128 499 264
bird 0.01155179738998413 470 265 499 299
bird 0.0032476186752319336 484 267 499 300
pottedplant 0.0023968517780303955 185 186 271 234
bird 0.013021320104598999 477 274 499 298
bird 0.267408549785614 448 263 499 302
bird 0.003510504961013794 469 274 499 300
dog 0.0013940632343292236 240 292 379 358
bird 0.022543251514434814 467 129 499 190
dog 0.010368883609771729 479 128 499 195
bird 0.0019343793392181396 461 149 498 183
bird 0.006364047527313232 490 129 500 197
bird 0.001264333724975586 470 131 499 170
dog 0.05686435103416443 470 129 499 194
bird 0.032588839530944824 470 126 499 292
bird 0.006850332021713257 492 131 500 204
