diningtable 0.2011846899986267 356 199 404 250
sofa 0.0010362863540649414 0 274 307 382
sofa 0.8774785399436951 133 278 307 374
chair 0.002790004014968872 350 183 367 211
chair 0.005405604839324951 359 183 378 200
chair 0.0018103718757629395 360 184 388 201
chair 0.0010733604431152344 397 265 427 289
chair 0.0034293532371520996 350 183 369 221
chair 0.003678649663925171 353 183 379 222
tvmonitor 0.0016483962535858154 0 44 17 210
chair 0.0015487074851989746 360 194 386 220
diningtable 0.003298431634902954 363 199 403 218
diningtable 0.0017275214195251465 386 199 404 217
pottedplant 0.0029466450214385986 188 152 204 197
chair 0.0023782849311828613 388 199 404 219
chair 0.0023690462112426758 298 203 323 238
chair 0.004166156053543091 347 184 367 243
pottedplant 0.00916031002998352 0 126 13 208
chair 0.005819797515869141 194 258 230 290
pottedplant 0.007816284894943237 188 153 213 197
pottedplant 0.015663117170333862 0 165 14 205
chair 0.0029812753200531006 277 199 323 238
chair 0.5525398850440979 357 199 391 252
tvmonitor 0.002693742513656616 188 154 215 198
chair 0.00536385178565979 351 182 371 239
pottedplant 0.0032476186752319336 195 152 233 198
chair 0.0022084414958953857 356 196 380 234
chair 0.0013940632343292236 359 198 384 229
diningtable 0.03333708643913269 363 200 404 240
chair 0.036631643772125244 243 276 307 374
chair 0.008778899908065796 351 196 370 251
chair 0.6001884341239929 277 199 312 253
chair 0.0019266009330749512 317 207 357 236
chair 0.0011424720287322998 326 206 370 237
chair 0.004792630672454834 275 177 297 199
chair 0.0028228759765625 377 209 398 253
pottedplant 0.005002021789550781 362 184 378 200
chair 0.0020991265773773193 374 185 391 200
chair 0.0026727914810180664 389 185 403 198
bottle 0.0012943148612976074 486 14 499 223
chair 0.004314333200454712 372 207 402 254
sofa 0.27357473969459534 276 199 314 253
pottedplant 0.0012159943580627441 350 173 383 205
pottedplant 0.04707297682762146 361 174 382 199
pottedplant 0.035546332597732544 361 173 384 190
pottedplant 0.002641737461090088 361 171 385 185
chair 0.0034561753273010254 132 285 279 374
chair 0.0012742578983306885 378 329 398 361
chair 0.014173001050949097 350 186 386 238
chair 0.0116862952709198 194 226 230 290
pottedplant 0.0023506581783294678 350 181 365 203
chair 0.018125414848327637 378 199 402 252
chair 0.21469154953956604 387 201 405 252
