car 0.9549820423126221 71 125 349 330
person 0.9388011693954468 364 87 460 372
person 0.001674354076385498 144 137 202 192
person 0.04272308945655823 146 141 186 191
person 0.0012159943580627441 484 144 499 207
sheep 0.0022873878479003906 484 152 499 186
sheep 0.003222525119781494 36 162 78 197
person 0.015013545751571655 183 142 230 191
person 0.002406179904937744 485 151 499 196
car 0.0024921000003814697 483 143 499 181
person 0.0030045807361602783 486 139 499 181
person 0.0015977323055267334 488 139 499 360
car 0.0011424720287322998 479 151 499 198
car 0.0031358301639556885 485 150 499 203
