diningtable 0.0014837086200714111 469 145 499 370
person 0.6279522776603699 464 14 499 283
person 0.0015071630477905273 484 0 499 13
motorbike 0.13296425342559814 472 1 499 71
motorbike 0.0012065470218658447 157 53 335 119
person 0.0031358301639556885 490 0 499 161
motorbike 0.00135117769241333 146 57 389 173
chair 0.0046637654304504395 348 0 366 28
motorbike 0.002341538667678833 160 60 429 200
chair 0.001335442066192627 370 0 383 18
chair 0.0012792348861694336 466 76 499 276
bottle 0.19744417071342468 467 215 496 276
person 0.006097882986068726 480 1 499 70
motorbike 0.14033910632133484 476 13 499 70
chair 0.003285646438598633 349 0 373 27
person 0.00208282470703125 278 0 348 66
bicycle 0.006003767251968384 65 14 92 79
chair 0.007786005735397339 359 0 377 24
chair 0.002018868923187256 373 0 388 17
chair 0.0015853047370910645 374 0 407 17
bottle 0.009898394346237183 489 187 499 274
person 0.0026520490646362305 485 0 499 23
car 0.0012112557888031006 64 20 88 79
person 0.006097882986068726 453 52 499 223
car 0.05032771825790405 27 0 216 171
car 0.002199828624725342 30 1 457 166
motorbike 0.004573792219161987 462 0 499 310
motorbike 0.008644551038742065 28 -2 142 186
motorbike 0.006850332021713257 26 -1 178 151
bicycle 0.0023506581783294678 172 55 314 115
person 0.002003192901611328 39 0 50 29
person 0.02161678671836853 68 0 91 30
car 0.0075772106647491455 65 3 109 79
car 0.020022839307785034 65 0 143 79
car 0.004150032997131348 38 0 338 148
person 0.020022839307785034 64 0 144 80
motorbike 0.0015791356563568115 188 2 483 132
person 0.015129566192626953 64 0 169 89
person 0.0069571733474731445 69 0 215 93
person 0.009784013032913208 110 0 232 59
person 0.009821981191635132 192 0 230 52
person 0.010986179113388062 180 0 293 71
motorbike 0.0015010833740234375 114 54 138 85
bottle 0.0018969178199768066 493 192 500 331
car 0.0012065470218658447 39 3 464 226
person 0.005322486162185669 301 0 351 55
motorbike 0.15152835845947266 159 3 484 209
motorbike 0.0024628937244415283 230 4 483 176
bottle 0.008413106203079224 469 182 499 275
motorbike 0.0012447535991668701 116 43 205 90
person 0.002757549285888672 38 1 53 55
bottle 0.004297584295272827 467 123 499 276
motorbike 0.0026832520961761475 157 41 217 84
motorbike 0.004102110862731934 155 42 221 96
motorbike 0.9161110520362854 11 9 479 367
motorbike 0.003235042095184326 334 2 487 109
car 0.0035518109798431396 58 0 143 152
person 0.6297757029533386 293 0 352 100
motorbike 0.1250624656677246 458 0 499 85
motorbike 0.0018895864486694336 488 0 499 112
motorbike 0.0026212334632873535 121 37 269 97
motorbike 0.0034293532371520996 125 34 300 108
motorbike 0.004848897457122803 458 0 499 154
motorbike 0.005729943513870239 470 -2 500 228
person 0.05360129475593567 282 0 308 54
motorbike 0.005774706602096558 464 0 499 32
motorbike 0.005797207355499268 482 0 499 28
person 0.005511492490768433 486 0 499 36
person 0.34864580631256104 47 0 76 48
bottle 0.001560807228088379 479 141 500 281
person 0.00629037618637085 179 0 252 57
motorbike 0.03760969638824463 424 0 499 35
person 0.018056362867355347 278 0 310 99
boat 0.0010485053062438965 391 157 474 189
motorbike 0.00386965274810791 464 0 499 47
person 0.004609555006027222 102 0 141 54
person 0.002003192901611328 247 0 310 83
motorbike 0.0020346641540527344 361 0 494 64
motorbike 0.4054486155509949 419 0 499 72
person 0.004264324903488159 64 0 145 126
person 0.003147989511489868 63 0 202 124
motorbike 0.008677929639816284 90 0 221 98
person 0.007011294364929199 151 0 294 96
person 0.501953125 208 0 294 110
person 0.013122200965881348 261 0 342 104
