car 0.9213602542877197 165 181 289 252
car 0.9348751306533813 254 174 440 272
car 0.0010083019733428955 77 188 124 249
car 0.11437144875526428 0 187 6 246
car 0.04689863324165344 0 187 13 246
car 0.0017275214195251465 89 188 113 242
person 0.6876306533813477 155 182 176 239
person 0.0011380314826965332 0 154 6 217
car 0.010328888893127441 0 184 24 249
car 0.0027360916137695312 92 195 113 230
person 0.010530352592468262 0 165 6 249
car 0.031259775161743164 164 183 238 251
car 0.0011031031608581543 0 184 43 248
car 0.005426615476608276 56 186 135 241
car 0.7786496877670288 91 188 137 237
car 0.9469908475875854 1 184 114 253
