train 0.012053072452545166 0 65 149 188
train 0.001972287893295288 424 32 499 208
train 0.0034293532371520996 466 98 499 157
train 0.32939231395721436 0 65 46 176
train 0.14463266730308533 0 66 100 175
chair 0.0026623904705047607 0 188 11 228
chair 0.0013564825057983398 0 188 18 228
chair 0.0022963285446166992 365 160 391 198
train 0.004198610782623291 446 79 500 208
car 0.0021573007106781006 405 159 463 208
train 0.0010567307472229004 0 18 45 182
sofa 0.02080520987510681 480 153 499 205
boat 0.001264333724975586 481 171 499 208
chair 0.012099772691726685 480 153 499 207
train 0.23301005363464355 458 29 499 210
train 0.9053233861923218 11 10 490 190
chair 0.002199828624725342 0 188 10 212
person 0.001040339469909668 486 80 499 118
person 0.004054129123687744 40 109 55 136
train 0.15456536412239075 480 153 499 207
train 0.005159556865692139 5 88 42 137
person 0.0022257566452026367 40 97 58 139
chair 0.003780364990234375 154 169 195 220
chair 0.03993484377861023 363 160 393 215
person 0.0064885616302490234 74 54 99 77
train 0.011158108711242676 477 99 499 199
train 0.0030280649662017822 473 121 499 197
