tvmonitor 0.3821415305137634 0 250 213 373
pottedplant 0.001466512680053711 285 220 468 373
car 0.9420797824859619 164 130 331 267
boat 0.0030995309352874756 0 182 32 250
boat 0.001111745834350586 0 182 54 251
boat 0.018581241369247437 0 249 214 374
pottedplant 0.018264353275299072 286 97 473 374
car 0.005199640989303589 472 142 500 174
car 0.0012742578983306885 483 139 499 173
person 0.009124904870986938 0 176 11 242
person 0.8624651432037354 0 175 32 251
person 0.00822022557258606 0 176 18 249
bus 0.29502636194229126 449 130 499 167
bus 0.0010775625705718994 483 125 499 145
person 0.001455157995223999 0 169 11 214
car 0.0011074244976043701 450 149 479 166
car 0.0012159943580627441 488 142 499 182
tvmonitor 0.016658097505569458 75 248 211 374
car 0.0017547309398651123 473 136 499 164
chair 0.00790780782699585 69 146 90 173
bus 0.001466512680053711 448 130 484 164
car 0.009089648723602295 414 143 435 155
car 0.17106285691261292 449 133 502 166
pottedplant 0.0013459324836730957 268 98 286 111
pottedplant 0.0014382600784301758 267 97 314 113
person 0.006538987159729004 0 177 8 218
person 0.001972287893295288 0 176 25 215
person 0.8278263807296753 469 148 490 208
person 0.0024628937244415283 0 175 12 222
person 0.006027162075042725 471 149 498 209
car 0.004022836685180664 234 131 312 152
sheep 0.0010362863540649414 0 176 19 252
horse 0.002415567636489868 0 172 21 253
