car 0.021288663148880005 0 165 54 308
car 0.2877672612667084 0 223 493 374
bus 0.00916031002998352 323 113 373 167
person 0.0012447535991668701 384 143 394 166
bus 0.0025807321071624756 0 108 8 168
car 0.0025310516357421875 25 136 79 164
bus 0.003537982702255249 324 116 337 139
bus 0.007489442825317383 0 115 4 174
bus 0.002323359251022339 0 114 17 171
bus 0.015845149755477905 335 119 371 168
person 0.007204204797744751 424 147 434 171
person 0.0011513829231262207 436 148 446 168
person 0.014727562665939331 447 148 458 170
person 0.0010241866111755371 0 293 6 372
person 0.006615281105041504 403 143 414 167
person 0.0028561055660247803 0 280 26 373
car 0.7786496877670288 0 140 44 165
person 0.0037074387073516846 430 145 440 172
car 0.7606483697891235 40 135 92 165
person 0.0018822550773620605 449 147 461 169
person 0.004182338714599609 462 149 473 168
car 0.8418275117874146 85 135 135 165
person 0.006217539310455322 465 149 475 168
person 0.0018749535083770752 478 151 487 169
car 0.8615355491638184 142 133 184 162
person 0.004591643810272217 0 320 7 374
person 0.005842477083206177 0 322 25 374
person 0.04023560881614685 446 148 458 177
person 0.004133999347686768 435 146 442 170
person 0.0021488964557647705 445 146 452 171
person 0.01949256658554077 447 147 456 173
person 0.0023875534534454346 456 147 462 167
car 0.004150032997131348 0 133 4 162
bus 0.0019117295742034912 319 143 331 157
car 0.001264333724975586 0 140 17 164
car 0.23651883006095886 40 135 71 164
car 0.6020615696907043 0 170 53 245
car 0.17781168222427368 213 142 230 158
car 0.0023690462112426758 227 144 242 158
car 0.0024921000003814697 228 145 247 158
car 0.0022873878479003906 235 146 251 157
car 0.0013250410556793213 251 143 264 153
car 0.0019419193267822266 263 147 270 153
car 0.004331141710281372 268 146 279 153
car 0.013021320104598999 274 145 294 154
car 0.042245686054229736 296 146 310 155
car 0.015663117170333862 311 146 321 155
car 0.0030516982078552246 319 145 328 157
bus 0.01048976182937622 322 138 337 163
bus 0.0013302266597747803 346 144 371 167
bus 0.010571062564849854 320 132 337 159
bus 0.2538601756095886 322 118 337 163
bus 0.007725805044174194 322 121 349 165
bus 0.05108004808425903 337 128 366 167
car 0.004468142986297607 117 136 136 156
car 0.0018969178199768066 179 136 199 161
car 0.7732153534889221 182 137 218 166
car 0.0025508105754852295 219 143 241 157
car 0.0016102492809295654 226 143 246 156
car 0.005099952220916748 251 143 263 152
car 0.0028784871101379395 251 144 270 152
car 0.0020346641540527344 0 121 4 158
car 0.003537982702255249 62 133 93 165
car 0.005159556865692139 79 135 96 164
car 0.001477956771850586 84 136 117 164
car 0.001432657241821289 113 135 135 158
car 0.00394555926322937 114 133 137 154
car 0.006339401006698608 176 136 193 159
