sheep 0.9600651264190674 135 179 301 316
sheep 0.9600651264190674 280 194 473 346
sheep 0.0012447535991668701 375 194 473 342
sheep 0.0342307984828949 0 126 20 215
sheep 0.8808004856109619 271 132 332 188
sheep 0.8955245018005371 18 143 92 235
sheep 0.0663253664970398 0 121 12 208
sheep 0.007877200841903687 0 79 12 177
sheep 0.006413578987121582 242 67 306 113
sheep 0.7446573972702026 56 135 107 214
sheep 0.0023690462112426758 0 118 19 163
car 0.0020991265773773193 242 67 341 115
sheep 0.0012065470218658447 0 124 18 179
sheep 0.006145477294921875 368 168 404 192
sheep 0.29421520233154297 0 126 13 162
sheep 0.0064885616302490234 0 128 18 162
sheep 0.8998310565948486 335 135 417 193
