chair 0.002424955368041992 291 124 499 374
chair 0.001449495553970337 0 136 219 373
sofa 0.004007279872894287 157 133 466 373
person 0.001455157995223999 0 122 139 373
cat 0.007065832614898682 120 139 468 374
cat 0.0011558830738067627 185 246 386 374
person 0.5136684775352478 164 32 499 375
person 0.592666506767273 31 31 442 374
dog 0.0033763349056243896 349 135 499 368
person 0.007093280553817749 207 136 500 373
person 0.03760969638824463 0 140 237 373
cat 0.9577543139457703 184 140 391 373
person 0.015542924404144287 308 131 499 373
chair 0.008511096239089966 0 123 357 373
pottedplant 0.0012065470218658447 368 344 431 373
pottedplant 0.04885616898536682 458 334 499 373
person 0.019269704818725586 438 0 462 27
person 0.0017615854740142822 237 33 371 162
person 0.0026520490646362305 464 13 499 234
person 0.03384503722190857 177 34 367 237
person 0.02025449275970459 176 34 469 245
person 0.0031976401805877686 446 10 499 375
person 0.002090960741043091 115 33 368 318
person 0.004022836685180664 347 13 499 374
sofa 0.43110501766204834 0 89 488 373
person 0.0030874907970428467 339 0 398 105
person 0.02920001745223999 337 0 439 115
person 0.00822022557258606 379 0 440 61
pottedplant 0.0018749535083770752 345 3 439 118
person 0.0016874969005584717 291 0 346 102
tvmonitor 0.03488284349441528 465 17 499 120
pottedplant 0.0019419193267822266 461 220 499 373
dog 0.0012792348861694336 -3 149 132 220
person 0.0010322332382202148 477 41 499 324
