motorbike 0.0022607743740081787 247 148 332 473
car 0.7025298476219177 21 2 319 486
car 0.0011424720287322998 209 0 331 41
pottedplant 0.013223767280578613 250 149 319 239
chair 0.010776817798614502 286 138 333 238
pottedplant 0.0010444223880767822 238 148 303 299
pottedplant 0.003565669059753418 287 139 333 305
pottedplant 0.1343218982219696 282 101 333 191
pottedplant 0.020022839307785034 252 150 295 239
pottedplant 0.010368883609771729 251 121 331 241
pottedplant 0.04023560881614685 277 315 333 430
car 0.050141364336013794 222 0 333 163
pottedplant 0.004231303930282593 243 144 332 339
pottedplant 0.0011074244976043701 304 243 333 446
pottedplant 0.0076958537101745605 243 205 332 406
chair 0.003795117139816284 314 247 333 343
car 0.002199828624725342 175 0 333 208
car 0.0011336207389831543 15 0 333 272
pottedplant 0.06324738264083862 281 101 333 235
pottedplant 0.0011513829231262207 313 253 333 334
chair 0.0023324191570281982 288 138 334 189
bottle 0.04069101810455322 18 29 46 55
bottle 0.003650069236755371 16 30 56 61
pottedplant 0.006850332021713257 275 60 333 186
car 0.019642621278762817 209 0 231 11
car 0.017243891954421997 209 0 240 11
car 0.0020666420459747314 268 0 332 39
