sofa 0.004755467176437378 0 179 498 330
person 0.0014104843139648438 0 83 84 245
person 0.001964658498764038 54 82 263 241
person 0.00131988525390625 138 86 381 243
person 0.012431591749191284 2 82 195 248
person 0.7669899463653564 66 80 194 235
person 0.0013459324836730957 141 135 386 244
person 0.0013044774532318115 208 92 429 238
person 0.9089384078979492 263 59 425 230
diningtable 0.020925074815750122 0 155 495 330
dog 0.0010162293910980225 0 148 32 218
person 0.001524806022644043 71 79 167 204
bottle 0.002560734748840332 490 201 499 233
cat 0.0012842416763305664 0 175 84 248
pottedplant 0.0011603832244873047 487 92 499 233
bird 0.003678649663925171 0 177 85 248
bottle 0.3738749921321869 23 161 44 206
pottedplant 0.0010817945003509521 490 146 500 240
