sofa 0.12002691626548767 434 243 499 373
sofa 0.001524806022644043 302 158 499 371
sofa 0.012335866689682007 365 157 499 376
sofa 0.1436695158481598 433 172 499 374
person 0.9491090774536133 196 139 304 374
sofa 0.004102110862731934 300 159 499 229
sofa 0.006640911102294922 476 182 499 218
sofa 0.0012842416763305664 492 186 499 218
bottle 0.022202253341674805 179 132 196 178
sofa 0.7826625108718872 372 157 491 215
sofa 0.002314329147338867 485 187 499 218
tvmonitor 0.12808570265769958 25 72 107 142
aeroplane 0.018264353275299072 27 84 109 223
person 0.002018868923187256 179 132 197 172
tvmonitor 0.0031115710735321045 106 90 123 152
aeroplane 0.13206565380096436 26 84 107 146
chair 0.035546332597732544 25 83 109 224
person 0.001466512680053711 195 150 208 181
pottedplant 0.00831615924835205 168 247 198 314
pottedplant 0.08180961012840271 398 130 427 148
bottle 0.005685538053512573 184 235 196 262
pottedplant 0.003324180841445923 141 261 188 331
bicycle 0.004331141710281372 33 250 81 342
chair 0.07977861166000366 434 244 499 372
dog 0.003780364990234375 142 263 169 321
pottedplant 0.002693742513656616 142 261 173 318
bicycle 0.003496825695037842 40 250 80 295
cat 0.010611921548843384 142 262 170 318
sofa 0.0019117295742034912 439 162 499 248
tvmonitor 0.009860128164291382 27 142 74 208
tvmonitor 0.0670556128025055 137 102 177 218
bottle 0.0028228759765625 169 248 195 288
bottle 0.02479657530784607 193 149 208 215
bottle 0.004264324903488159 194 148 213 220
bottle 0.0011879205703735352 192 147 205 227
pottedplant 0.10594767332077026 397 130 430 166
sofa 0.001714080572128296 414 209 499 282
person 0.0016039609909057617 168 238 198 315
tvmonitor 0.00276830792427063 142 198 191 275
bottle 0.01798534393310547 193 151 207 195
bottle 0.0035935938358306885 198 150 208 177
bicycle 0.0022519826889038086 33 284 82 357
sofa 0.0010004639625549316 476 177 499 235
person 0.035949915647506714 58 133 78 227
sofa 0.042883336544036865 298 173 421 229
person 0.002790004014968872 169 248 194 280
sofa 0.01292121410369873 444 157 499 219
tvmonitor 0.0022431910037994385 37 84 107 136
sofa 0.0016292035579681396 473 160 499 226
cat 0.003736436367034912 37 289 83 331
tvmonitor 0.006003767251968384 175 131 200 223
person 0.08064311742782593 112 122 143 151
