car 0.001264333724975586 378 102 471 183
person 0.0013995170593261719 306 116 330 166
car 0.0011248290538787842 391 127 416 168
car 0.0014104843139648438 391 110 418 181
person 0.0035935938358306885 154 77 197 161
person 0.009784013032913208 157 76 191 122
person 0.004944056272506714 157 76 196 136
person 0.001264333724975586 371 141 382 172
chair 0.1907234489917755 178 127 200 160
chair 0.019269704818725586 168 128 192 160
person 0.012871414422988892 278 127 295 154
person 0.0011248290538787842 285 127 300 156
person 0.0010817945003509521 171 77 191 107
person 0.008915573358535767 302 115 315 157
car 0.001477956771850586 462 110 475 149
chair 0.024514615535736084 155 130 178 161
person 0.901229977607727 338 95 379 199
car 0.0010322332382202148 375 126 442 169
person 0.9086146354675293 404 92 454 213
car 0.0017007291316986084 474 108 497 157
car 0.005797207355499268 490 107 500 159
chair 0.0015130341053009033 413 236 499 352
boat 0.0015071630477905273 99 25 478 174
chair 0.0014050006866455078 184 122 260 202
chair 0.001489490270614624 233 123 260 200
bus 0.05108004808425903 384 44 476 163
boat 0.0028228759765625 190 3 466 348
tvmonitor 0.003635883331298828 234 159 263 199
chair 0.005119770765304565 234 159 261 199
chair 0.0010988116264343262 145 130 162 165
chair 0.0017073750495910645 146 131 169 163
chair 0.001560807228088379 160 132 187 163
diningtable 0.003884732723236084 232 195 265 259
person 0.0019419193267822266 405 100 424 193
person 0.0024824440479278564 405 97 437 207
car 0.20817920565605164 487 120 499 158
car 0.002790004014968872 467 111 492 149
car 0.0062660276889801025 473 115 494 149
chair 0.0015071630477905273 233 160 262 231
chair 0.0011336207389831543 157 123 190 158
person 0.014955878257751465 159 77 191 111
chair 0.001455157995223999 236 122 258 166
person 0.39047569036483765 300 117 317 166
person 0.613236665725708 314 115 331 166
chair 0.24798792600631714 139 120 170 160
