horse 0.0013995170593261719 7 2 365 373
horse 0.9032941460609436 119 0 349 374
tvmonitor 0.0017823278903961182 394 20 499 357
person 0.002641737461090088 387 4 500 357
person 0.007316946983337402 467 21 499 357
bottle 0.013274848461151123 0 7 23 371
bottle 0.0013778507709503174 0 9 62 372
cat 0.0013995170593261719 468 154 499 264
cat 0.0018388032913208008 468 112 499 214
person 0.0011603832244873047 0 1 377 367
tvmonitor 0.002453356981277466 0 23 23 350
cat 0.0017615854740142822 494 162 499 315
person 0.0013250410556793213 475 155 499 352
person 0.0012447535991668701 486 157 499 372
person 0.0010988116264343262 481 138 499 375
cat 0.01090201735496521 450 143 499 338
cat 0.02245756983757019 468 145 499 340
cat 0.0017615854740142822 416 153 499 340
cat 0.009448617696762085 476 156 499 289
