train 0.005685538053512573 372 1 500 342
train 0.8670357465744019 14 177 499 363
train 0.0012207329273223877 0 246 94 355
person 0.0012943148612976074 345 208 363 230
train 0.011418908834457397 0 250 71 298
train 0.001111745834350586 0 279 29 325
person 0.0014215409755706787 492 243 500 372
person 0.0021657347679138184 482 142 499 365
person 0.001120448112487793 23 285 56 352
person 0.0033763349056243896 494 292 500 370
train 0.0607527494430542 30 0 499 414
train 0.5964333415031433 0 248 80 324
train 0.001560807228088379 286 0 499 397
train 0.0017007291316986084 2 248 143 330
person 0.002912372350692749 487 160 499 366
person 0.001069188117980957 494 295 500 398
train 0.006388753652572632 0 266 40 326
