sofa 0.005532950162887573 83 195 271 373
person 0.3048690855503082 156 140 291 372
chair 0.20689427852630615 80 207 236 373
chair 0.005301922559738159 81 195 309 370
sofa 0.0020267367362976074 185 192 469 342
sofa 0.0010162293910980225 257 196 471 332
person 0.007011294364929199 82 163 294 372
person 0.014784276485443115 153 143 445 373
diningtable 0.5302364826202393 149 252 448 373
bottle 0.00284498929977417 0 65 8 96
bottle 0.001432657241821289 5 66 15 96
bottle 0.0023782849311828613 10 67 18 95
bottle 0.002867281436920166 18 67 27 95
bottle 0.0024921000003814697 20 62 32 96
person 0.4804786145687103 250 100 304 166
person 0.022976040840148926 201 101 311 265
person 0.013585120439529419 214 101 352 265
bottle 0.001367121934890747 236 251 261 302
person 0.003621727228164673 188 101 306 232
chair 0.005021452903747559 0 188 64 337
bottle 0.003664344549179077 226 250 260 302
chair 0.003123670816421509 137 195 248 356
chair 0.006640911102294922 146 165 259 361
train 0.0014438629150390625 0 1 35 199
bottle 0.00536385178565979 421 157 452 174
bottle 0.0015977323055267334 265 265 285 309
person 0.6169357895851135 185 140 286 267
chair 0.0018676519393920898 0 133 47 201
person 0.013071656227111816 423 158 452 175
bottle 0.0010485053062438965 0 39 9 99
bottle 0.0013459324836730957 18 49 32 97
bottle 0.0015366971492767334 19 39 34 97
bus 0.002590775489807129 0 1 33 134
person 0.7476164698600769 268 148 362 260
bottle 0.022287070751190186 299 263 312 305
