boat 0.9471868872642517 219 132 333 301
boat 0.0057077109813690186 238 86 332 302
boat 0.001146942377090454 0 176 97 224
boat 0.001560807228088379 0 184 137 224
boat 0.00276830792427063 0 196 19 210
boat 0.01342916488647461 1 191 79 217
bottle 0.003736436367034912 291 83 327 144
boat 0.001028209924697876 0 197 55 215
boat 0.009054571390151978 0 197 108 219
boat 0.004774004220962524 278 84 328 258
boat 0.0023324191570281982 -1 205 100 219
boat 0.03271239995956421 293 89 327 144
boat 0.0010733604431152344 325 124 389 149
boat 0.0010945498943328857 273 134 308 268
boat 0.00462755560874939 1 191 77 209
boat 0.001367121934890747 32 192 84 207
boat 0.0030516982078552246 0 152 14 216
boat 0.004118025302886963 0 188 197 220
boat 0.001367121934890747 78 190 196 212
boat 0.001972287893295288 0 105 13 213
boat 0.0016548335552215576 0 200 89 222
