person 0.0015366971492767334 213 138 240 184
person 0.0010988116264343262 211 121 262 208
person 0.0022963285446166992 384 156 408 260
person 0.00284498929977417 476 148 499 270
chair 0.0011160969734191895 216 169 257 264
person 0.005199640989303589 214 133 254 208
bus 0.003222525119781494 9 5 491 217
person 0.03817746043205261 490 140 499 278
person 0.8951581716537476 212 114 321 256
person 0.0034832358360290527 323 154 374 291
person 0.01956745982170105 215 133 245 197
person 0.004022836685180664 214 145 252 201
person 0.0010162293910980225 215 149 250 218
person 0.002199828624725342 372 152 407 234
person 0.8910531997680664 344 144 407 295
person 0.001178741455078125 213 154 278 261
person 0.0025508105754852295 381 154 409 238
person 0.010530352592468262 201 127 238 172
person 0.003222525119781494 480 159 499 227
person 0.8910531997680664 451 137 499 268
person 0.004231303930282593 212 136 239 175
person 0.8568100929260254 400 148 442 260
person 0.0012943148612976074 193 129 254 263
person 0.6740499138832092 212 146 257 266
person 0.7248698472976685 194 127 235 207
person 0.0020425915718078613 375 145 417 271
person 0.8606008291244507 84 143 122 266
person 0.0021488964557647705 203 123 249 178
