person 0.5563995242118835 304 147 392 320
person 0.3132089376449585 311 62 397 318
person 0.8601315021514893 334 149 429 320
person 0.0030516982078552246 317 143 377 258
person 0.001111745834350586 342 238 417 322
horse 0.0016548335552215576 0 110 10 194
horse 0.0010241866111755371 89 110 203 204
person 0.4474601149559021 325 63 397 191
horse 0.00438198447227478 0 139 9 216
person 0.013585120439529419 192 24 246 209
horse 0.03203845024108887 192 27 247 210
horse 0.006797581911087036 192 27 243 122
horse 0.0013250410556793213 -12 120 143 187
horse 0.8799730539321899 129 27 245 250
horse 0.002359837293624878 0 136 4 191
sheep 0.0030874907970428467 0 142 4 184
person 0.4167965054512024 301 145 365 317
sheep 0.0019266009330749512 0 141 4 169
pottedplant 0.0015189051628112793 438 174 465 188
car 0.004166156053543091 391 167 422 186
car 0.0010988116264343262 438 174 465 187
horse 0.0017823278903961182 0 136 13 250
person 0.021207362413406372 315 147 396 269
bottle 0.001495271921157837 411 289 428 308
