chair 0.0011074244976043701 151 198 476 462
person 0.008915573358535767 162 151 232 436
sofa 0.09876999258995056 259 203 475 400
person 0.951684296131134 80 172 172 413
person 0.8868098258972168 180 178 278 455
person 0.6206216216087341 252 138 339 445
person 0.7683833837509155 310 153 474 460
chair 0.06053093075752258 309 203 475 440
chair 0.05964553356170654 384 207 474 407
chair 0.07423233985900879 253 203 474 405
sofa 0.32680898904800415 19 201 209 394
person 0.003147989511489868 85 199 159 317
person 0.07316717505455017 87 138 236 381
person 0.27982860803604126 156 137 272 379
person 0.007938534021377563 183 137 338 441
chair 0.0030045807361602783 18 193 99 399
person 0.0012792348861694336 155 137 233 291
chair 0.005729943513870239 18 222 146 409
sofa 0.14271152019500732 19 198 351 410
person 0.5554352402687073 156 135 247 347
person 0.20689427852630615 253 141 439 443
person 0.0025807321071624756 170 175 276 346
sofa 0.0013778507709503174 17 199 185 306
person 0.003824770450592041 309 154 415 329
