person 0.008950114250183105 0 107 4 140
person 0.0012842416763305664 8 106 27 137
person 0.008413106203079224 19 78 32 148
motorbike 0.006615281105041504 2 107 25 145
person 0.0052814483642578125 19 99 31 148
person 0.0031724870204925537 353 78 368 92
bus 0.0010241866111755371 0 83 8 127
bus 0.0023690462112426758 0 82 32 125
bus 0.0025409162044525146 5 80 27 115
bus 0.0012350976467132568 16 78 28 111
person 0.002406179904937744 75 81 105 102
person 0.0014104843139648438 105 87 120 102
bus 0.9455994963645935 11 28 500 197
bus 0.0010322332382202148 0 81 23 120
bus 0.0013302266597747803 14 78 27 110
person 0.17441195249557495 75 82 88 101
person 0.021370261907577515 76 82 93 101
person 0.004150032997131348 1 107 25 145
chair 0.0032602250576019287 2 107 26 146
person 0.0010322332382202148 21 108 31 147
person 0.001289278268814087 0 95 5 135
car 0.008000344038009644 3 105 23 127
person 0.0017823278903961182 20 88 30 135
person 0.003607630729675293 76 81 94 115
