person 0.9076376557350159 46 178 118 417
person 0.9388011693954468 214 120 316 382
chair 0.05360129475593567 33 171 58 205
person 0.001069188117980957 169 122 225 297
bicycle 0.0011603832244873047 108 203 143 243
person 0.010170340538024902 203 126 229 314
chair 0.004399091005325317 100 189 142 243
person 0.10520932078361511 120 145 134 176
car 0.23440924286842346 60 151 123 186
car 0.03371736407279968 59 139 134 195
chair 0.0016483962535858154 1 166 44 195
car 0.006217539310455322 59 138 136 218
person 0.005426615476608276 115 145 135 188
person 0.0020991265773773193 193 139 222 257
chair 0.01186823844909668 28 169 48 206
person 0.059864312410354614 207 141 224 254
person 0.002323359251022339 209 121 273 255
person 0.0017547309398651123 65 144 84 170
chair 0.0017007291316986084 32 168 89 205
person 0.00959622859954834 206 146 224 222
person 0.42632174491882324 365 138 375 201
dog 0.009746164083480835 127 305 167 371
car 0.006388753652572632 28 147 178 375
car 0.08358895778656006 59 148 142 245
person 0.021370261907577515 143 139 162 161
person 0.0011648833751678467 28 117 215 374
motorbike 0.11437144875526428 299 149 320 192
person 0.002341538667678833 93 138 148 248
person 0.0019117295742034912 191 148 205 166
chair 0.0034293532371520996 2 166 43 216
person 0.023419708013534546 206 141 222 168
chair 0.028115570545196533 20 167 45 215
chair 0.0042809247970581055 32 172 50 205
person 0.001264333724975586 265 177 316 255
bus 0.004736989736557007 281 139 319 174
person 0.001489490270614624 183 137 224 267
person 0.0013778507709503174 211 126 287 278
dog 0.007877200841903687 210 324 257 375
person 0.003389507532119751 45 156 54 168
person 0.9260351657867432 131 116 211 372
person 0.8322356343269348 340 144 364 202
dog 0.9539646506309509 204 325 259 423
person 0.0015010833740234375 135 146 149 179
person 0.002867281436920166 140 146 155 162
car 0.00517958402633667 0 98 206 280
car 0.0019954144954681396 189 149 207 166
car 0.0538000762462616 0 97 146 284
car 0.004399091005325317 3 106 214 343
bottle 0.004503071308135986 195 218 221 259
dog 0.006339401006698608 139 305 167 370
dog 0.8969782590866089 108 307 166 396
person 0.0010902583599090576 131 147 149 188
person 0.0015010833740234375 208 124 256 219
person 0.0020585954189300537 193 148 208 169
car 0.002693742513656616 281 140 319 174
person 0.2909804582595825 206 141 223 194
person 0.004450768232345581 207 141 236 194
pottedplant 0.001972287893295288 29 156 45 178
person 0.0035518109798431396 106 143 135 189
person 0.0030874907970428467 209 135 243 198
person 0.6654106378555298 299 149 320 192
person 0.003635883331298828 366 138 378 201
chair 0.010052919387817383 24 168 45 193
chair 0.007725805044174194 26 167 45 184
pottedplant 0.013122200965881348 31 156 44 169
pottedplant 0.0025807321071624756 44 156 53 169
car 0.0034027397632598877 44 156 54 168
car 0.12940073013305664 60 153 87 180
