person 0.001972287893295288 386 170 401 219
pottedplant 0.002003192901611328 463 26 499 189
person 0.0010083019733428955 145 187 162 220
person 0.007755845785140991 488 221 499 256
bicycle 0.0016165375709533691 470 227 491 253
pottedplant 0.0035935938358306885 465 20 499 253
person 0.012099772691726685 316 186 330 215
person 0.006564319133758545 316 186 335 216
bicycle 0.01182246208190918 478 227 492 254
bicycle 0.02186596393585205 480 226 496 255
bicycle 0.002560734748840332 488 232 499 268
train 0.9263019561767578 90 111 425 279
pottedplant 0.0013564825057983398 488 243 500 302
person 0.6352227926254272 478 219 492 253
person 0.0021657347679138184 493 218 499 254
person 0.0010322332382202148 464 219 493 253
person 0.0011336207389831543 482 220 496 255
person 0.0052814483642578125 387 170 400 193
person 0.00438198447227478 387 169 398 187
person 0.0013940632343292236 494 204 499 255
