diningtable 0.8499711751937866 1 226 324 499
chair 0.35577577352523804 247 138 331 500
chair 0.020099759101867676 171 228 332 499
chair 0.0037074387073516846 0 407 132 500
chair 0.0013940632343292236 18 416 262 500
chair 0.0010650157928466797 79 350 334 499
chair 0.0011603832244873047 73 126 124 246
chair 0.0020505785942077637 43 127 109 273
chair 0.004700213670730591 154 131 265 255
chair 0.007065832614898682 206 133 263 255
chair 0.001040339469909668 231 400 331 499
bottle 0.0021657347679138184 218 134 263 254
chair 0.0027360916137695312 0 467 136 499
chair 0.0034561753273010254 123 140 147 216
chair 0.005322486162185669 0 463 92 499
bottle 0.0034832358360290527 161 127 199 255
chair 0.28140556812286377 0 159 42 259
chair 0.2934045195579529 38 120 77 291
chair 0.0018822550773620605 71 126 110 267
chair 0.0052814483642578125 72 128 150 250
chair 0.0012742578983306885 122 135 164 216
sofa 0.0011879205703735352 197 151 329 329
chair 0.0033112764358520508 19 119 77 496
chair 0.004264324903488159 0 160 49 325
sofa 0.0022431910037994385 208 152 329 272
sofa 0.002359837293624878 207 153 331 435
chair 0.0010083019733428955 208 154 243 223
bottle 0.004399091005325317 235 141 265 238
chair 0.0020991265773773193 208 148 330 262
chair 0.011201143264770508 0 136 76 282
bottle 0.010052919387817383 36 133 77 281
chair 0.010611921548843384 0 400 93 499
chair 0.002415567636489868 169 125 192 213
bottle 0.0010817945003509521 0 148 79 337
chair 0.0030874907970428467 282 135 331 431
