person 0.8787316083908081 108 98 376 331
chair 0.0018388032913208008 0 220 100 332
chair 0.0012447535991668701 168 59 501 330
chair 0.00933942198753357 0 94 192 328
chair 0.07290294766426086 415 73 499 331
chair 0.1436695158481598 0 94 476 331
person 0.08509886264801025 30 95 459 332
sofa 0.15507644414901733 0 93 448 331
chair 0.011776894330978394 0 102 84 331
chair 0.001289278268814087 0 155 122 331
person 0.002779155969619751 423 43 499 285
person 0.0019266009330749512 470 1 499 295
chair 0.0010902583599090576 79 271 142 333
chair 0.0023968517780303955 298 0 494 168
chair 0.0011879205703735352 0 156 41 331
bus 0.002003192901611328 0 -183 485 136
chair 0.002323359251022339 249 13 500 331
chair 0.01094403862953186 320 72 500 329
chair 0.00812530517578125 0 255 87 331
chair 0.022976040840148926 421 75 499 187
person 0.0018245279788970947 454 29 499 282
chair 0.002867281436920166 307 0 428 147
tvmonitor 0.0017342865467071533 0 255 86 331
