bus 0.005343139171600342 268 181 485 282
bus 0.007518589496612549 447 180 500 261
bus 0.06903958320617676 92 173 291 305
bus 0.1155630350112915 185 177 391 296
bus 0.7793221473693848 268 178 395 294
car 0.732591450214386 380 185 484 278
bus 0.9260351657867432 0 154 194 351
bus 0.8433818817138672 175 174 293 303
car 0.00284498929977417 272 182 485 283
person 0.05521073937416077 6 192 44 243
person 0.05877736210823059 28 196 70 239
person 0.0010004639625549316 208 195 243 228
person 0.0800657868385315 269 193 296 224
bus 0.008252084255218506 464 135 499 250
person 0.0320991575717926 9 197 50 245
person 0.002074718475341797 316 201 343 219
person 0.009124904870986938 351 194 369 219
bus 0.005911082029342651 472 192 499 246
person 0.00131988525390625 101 200 116 232
person 0.001964658498764038 109 197 138 231
person 0.004038453102111816 314 201 342 230
car 0.003063589334487915 446 206 486 236
car 0.02779737114906311 469 201 497 240
person 0.002424955368041992 1 187 27 243
person 0.0015729963779449463 272 189 293 235
person 0.0033632218837738037 1 189 19 239
person 0.003324180841445923 22 196 41 225
person 0.018616825342178345 232 195 245 217
person 0.007093280553817749 353 193 367 213
person 0.009485304355621338 25 199 42 232
person 0.002757549285888672 28 201 44 235
person 0.2523835301399231 41 193 70 236
car 0.0015010833740234375 448 216 484 252
bus 0.029985934495925903 397 182 499 243
bus 0.2005576193332672 435 185 499 242
person 0.006640911102294922 26 206 72 245
person 0.011463016271591187 36 206 74 242
person 0.0011603832244873047 189 207 214 242
person 0.0011031031608581543 198 220 226 243
bus 0.28140556812286377 463 197 498 242
person 0.10557791590690613 26 206 54 246
person 0.003235042095184326 36 191 68 221
person 0.0030995309352874756 51 192 67 213
person 0.002018868923187256 216 194 245 226
person 0.0025310516357421875 281 195 297 223
person 0.0013832449913024902 227 193 248 218
