bicycle 0.005685538053512573 456 115 480 357
train 0.0012943148612976074 455 63 479 360
person 0.004830062389373779 456 92 480 358
person 0.001904308795928955 459 148 479 362
person 0.0015010833740234375 472 207 480 332
bicycle 0.010249316692352295 456 214 479 359
bicycle 0.9353494644165039 0 273 72 359
bicycle 0.001178741455078125 22 274 59 351
car 0.004198610782623291 457 267 479 359
bicycle 0.061874181032180786 0 268 35 354
pottedplant 0.005159556865692139 245 223 261 246
person 0.003324180841445923 465 157 479 361
bus 0.0016165375709533691 456 153 479 361
bicycle 0.006850332021713257 456 268 479 360
bicycle 0.010368883609771729 0 272 8 360
bicycle 0.008711427450180054 0 278 18 359
bicycle 0.006538987159729004 398 232 438 267
bicycle 0.0013459324836730957 419 229 454 265
bicycle 0.009898394346237183 0 281 12 359
bicycle 0.00809389352798462 0 261 6 358
bicycle 0.001957029104232788 419 231 441 266
person 0.001674354076385498 466 218 479 354
person 0.00321003794670105 0 274 8 358
