chair 0.0020346641540527344 356 207 483 366
person 0.09041720628738403 472 149 499 372
person 0.9660268425941467 0 53 126 374
chair 0.16131919622421265 360 288 499 374
person 0.816990852355957 361 289 499 374
person 0.9571166634559631 157 69 275 375
person 0.9427154064178467 356 71 474 359
bottle 0.0010567307472229004 71 184 121 221
bottle 0.0023875534534454346 86 187 125 225
person 0.017443329095840454 487 142 500 264
person 0.0011248290538787842 484 61 499 275
person 0.41869673132896423 479 148 500 350
person 0.03817746043205261 479 168 499 265
person 0.001524806022644043 0 53 45 364
person 0.003565669059753418 442 288 499 374
person 0.057920247316360474 475 276 499 373
pottedplant 0.015483170747756958 486 142 499 238
cat 0.00874510407447815 486 147 499 259
bottle 0.002359837293624878 72 184 102 220
bottle 0.0013724565505981445 86 185 116 213
person 0.5273165702819824 406 288 499 374
pottedplant 0.014955878257751465 487 134 499 285
pottedplant 0.0022963285446166992 468 132 499 297
