train 0.001040339469909668 79 255 500 313
train 0.0018033087253570557 197 256 500 308
train 0.0026520490646362305 0 208 396 268
train 0.0027148425579071045 -1 205 447 307
train 0.7943847179412842 0 266 494 333
train 0.016340792179107666 187 233 334 268
train 0.0012544989585876465 223 236 460 274
train 0.00106087327003479 335 238 500 299
train 0.006692379713058472 100 233 297 268
train 0.002641737461090088 232 233 379 264
train 0.004718571901321411 219 231 451 264
train 0.0030045807361602783 390 229 499 260
train 0.0021827220916748047 0 238 181 276
train 0.006797581911087036 466 239 499 296
train 0.007755845785140991 0 238 64 280
train 0.021288663148880005 299 229 500 262
train 0.007786005735397339 465 225 499 286
train 0.003537982702255249 0 237 95 279
train 0.004198610782623291 73 233 262 270
train 0.04402092099189758 438 230 499 259
train 0.00276830792427063 0 215 131 281
train 0.001524806022644043 0 215 137 263
train 0.0019266009330749512 -1 217 202 269
train 0.0013564825057983398 70 221 285 269
train 0.0018245279788970947 -1 212 183 236
person 0.006027162075042725 87 315 106 331
person 0.0013044774532318115 87 315 116 332
