pottedplant 0.0010733604431152344 0 110 14 128
pottedplant 0.0010362863540649414 0 71 52 170
pottedplant 0.005576103925704956 220 205 237 233
chair 0.006364047527313232 322 232 344 305
pottedplant 0.0025807321071624756 122 219 154 266
chair 0.0018103718757629395 147 232 169 261
pottedplant 0.07369807362556458 231 197 286 228
chair 0.002560734748840332 149 230 179 259
chair 0.0027042627334594727 162 233 183 261
pottedplant 0.01904943585395813 257 207 286 228
pottedplant 0.013274848461151123 264 209 287 225
pottedplant 0.00916031002998352 190 96 214 140
chair 0.06903958320617676 171 225 206 264
pottedplant 0.002314329147338867 0 110 30 131
pottedplant 0.009860128164291382 0 157 9 205
pottedplant 0.0026520490646362305 0 151 11 208
pottedplant 0.21337738633155823 220 196 286 251
person 0.9224833250045776 42 187 82 295
pottedplant 0.006589770317077637 0 160 9 185
pottedplant 0.002725452184677124 0 154 10 187
pottedplant 0.001524806022644043 221 202 243 228
pottedplant 0.5983123779296875 318 223 339 257
pottedplant 0.00391504168510437 250 202 286 221
chair 0.004364967346191406 167 233 187 263
chair 0.019869893789291382 190 227 210 263
chair 0.18713223934173584 238 241 257 259
chair 0.0708191990852356 238 236 262 259
chair 0.16451644897460938 248 230 276 260
chair 0.0538000762462616 254 230 282 260
chair 0.11596250534057617 220 233 234 263
tvmonitor 0.0016548335552215576 0 125 34 170
chair 0.30074605345726013 203 227 230 263
chair 0.22269964218139648 218 229 235 263
chair 0.028653234243392944 318 223 339 269
chair 0.0013250410556793213 204 225 226 245
chair 0.0013250410556793213 238 206 265 250
chair 0.055620014667510986 247 224 265 245
chair 0.0033501386642456055 250 222 283 242
chair 0.0060506463050842285 262 217 288 250
chair 0.002359837293624878 179 225 220 263
pottedplant 0.008413106203079224 239 216 284 255
chair 0.0023782849311828613 260 224 300 258
chair 0.651354193687439 280 221 311 256
chair 0.26894259452819824 170 234 193 264
chair 0.005099952220916748 243 235 269 260
chair 0.0022785067558288574 146 207 172 261
chair 0.0034696757793426514 148 205 180 257
chair 0.0018822550773620605 160 213 180 256
chair 0.016530483961105347 217 226 232 251
chair 0.01956745982170105 220 225 232 249
chair 0.0020346641540527344 221 224 239 253
chair 0.0030162930488586426 239 219 264 257
chair 0.029985934495925903 263 228 290 255
chair 0.011507302522659302 318 228 341 280
chair 0.03333708643913269 270 222 295 252
pottedplant 0.9224833250045776 120 180 172 265
pottedplant 0.00812530517578125 219 205 235 240
pottedplant 0.009485304355621338 221 203 248 248
pottedplant 0.005865275859832764 241 200 282 248
pottedplant 0.01186823844909668 245 201 272 240
pottedplant 0.005002021789550781 265 209 287 241
chair 0.0017547309398651123 178 225 205 243
