bird 0.003272920846939087 268 23 319 173
horse 0.0018895864486694336 271 52 319 171
horse 0.9224833250045776 115 45 200 200
person 0.003324180841445923 269 34 319 171
horse 0.0012842416763305664 0 67 82 196
horse 0.0030162930488586426 177 86 318 174
person 0.0017684698104858398 233 89 257 127
person 0.005842477083206177 265 91 285 127
person 0.0034696757793426514 272 92 284 113
person 0.0010485053062438965 275 136 319 172
person 0.011596441268920898 259 89 284 138
person 0.0025409162044525146 272 91 285 133
person 0.002018868923187256 314 62 319 153
person 0.005865275859832764 277 108 319 170
person 0.007547855377197266 297 111 319 170
person 0.0019117295742034912 286 19 319 174
person 0.013223767280578613 275 121 294 150
person 0.0020505785942077637 270 91 285 143
person 0.0023782849311828613 272 93 293 146
person 0.0010775625705718994 309 91 319 151
person 0.0032476186752319336 313 91 319 150
person 0.8098787069320679 120 13 207 139
person 0.0022873878479003906 184 113 208 158
person 0.019195973873138428 257 120 288 155
person 0.005343139171600342 275 121 304 154
person 0.01704654097557068 261 121 319 169
person 0.014336913824081421 267 98 319 169
bird 0.013742715120315552 273 98 319 169
person 0.011115282773971558 305 112 319 168
person 0.03271239995956421 312 116 319 162
chair 0.006719321012496948 0 81 41 196
person 0.00955912470817566 275 121 300 164
person 0.0010444223880767822 187 88 207 154
person 0.01507142186164856 232 89 295 152
person 0.01994621753692627 230 87 320 152
person 0.010289043188095093 312 82 319 164
horse 0.0015010833740234375 117 78 167 191
person 0.018976598978042603 275 122 286 146
person 0.026356011629104614 312 117 319 149
person 0.0022785067558288574 258 133 291 162
person 0.07779598236083984 233 89 250 129
person 0.003285646438598633 233 89 267 131
person 0.010571062564849854 257 89 318 158
person 0.0014104843139648438 290 53 319 170
person 0.0030162930488586426 309 47 319 172
person 0.0015130341053009033 257 92 291 147
person 0.004792630672454834 265 93 287 153
person 0.002323359251022339 269 93 295 155
person 0.008677929639816284 253 77 286 149
person 0.0051396191120147705 259 78 301 153
person 0.009089648723602295 274 97 286 150
person 0.0011879205703735352 273 96 303 155
