chair 0.16776436567306519 0 280 137 373
chair 0.0010650157928466797 0 289 201 373
person 0.003075540065765381 0 156 101 374
person 0.0010241866111755371 282 178 335 224
person 0.001388639211654663 284 181 333 216
person 0.004848897457122803 201 174 269 241
tvmonitor 0.009019583463668823 120 53 235 135
tvmonitor 0.0012350976467132568 0 83 11 148
person 0.0013044774532318115 413 70 427 103
chair 0.005384683609008789 478 185 499 320
bottle 0.03993484377861023 423 273 444 312
chair 0.006438493728637695 475 190 499 351
chair 0.00135117769241333 0 231 73 373
pottedplant 0.0018969178199768066 414 226 443 271
chair 0.005576103925704956 467 172 499 354
tvmonitor 0.10594767332077026 119 52 323 139
person 0.18713223934173584 364 65 395 104
chair 0.00208282470703125 466 235 500 297
tvmonitor 0.002501755952835083 317 48 452 164
tvmonitor 0.2605762481689453 104 127 191 232
tvmonitor 0.005219787359237671 120 67 303 173
tvmonitor 0.0022696256637573242 104 117 257 235
tvmonitor 0.3106938600540161 0 138 112 255
tvmonitor 0.0017275214195251465 0 174 7 268
chair 0.0076660215854644775 479 230 499 323
tvmonitor 0.014558762311935425 0 0 114 70
tvmonitor 0.0014837086200714111 -1 56 123 137
tvmonitor 0.003607630729675293 0 163 28 289
person 0.025760233402252197 205 174 260 206
person 0.0013147294521331787 291 175 331 213
person 0.006027162075042725 24 156 53 208
chair 0.0023968517780303955 0 288 29 373
chair 0.19314685463905334 0 311 147 374
tvmonitor 0.001335442066192627 248 0 321 53
bottle 0.014336913824081421 0 83 10 141
bottle 0.004538297653198242 413 72 427 103
person 0.002115577459335327 218 161 249 205
chair 0.0017410516738891602 0 267 62 373
tvmonitor 0.8879808187484741 198 145 280 240
tvmonitor 0.11961567401885986 0 184 35 264
tvmonitor 0.005752265453338623 167 150 208 237
tvmonitor 0.8322356343269348 279 148 363 245
