chair 0.0010945498943328857 0 232 127 377
chair 0.023688465356826782 427 16 499 374
chair 0.01596766710281372 0 2 208 377
diningtable 0.5573633909225464 10 34 460 383
chair 0.002935171127319336 0 9 75 376
person 0.08418995141983032 421 31 499 376
chair 0.0010945498943328857 0 243 203 377
chair 0.0010485053062438965 0 139 233 377
person 0.0042809247970581055 477 0 499 73
chair 0.004755467176437378 479 65 499 177
chair 0.002867281436920166 477 0 499 190
person 0.0029466450214385986 481 -8 499 104
person 0.0010733604431152344 318 36 434 131
person 0.001714080572128296 427 29 498 114
chair 0.040538668632507324 418 31 500 160
person 0.0097084641456604 474 -4 499 186
chair 0.0013250410556793213 336 32 464 236
chair 0.012431591749191284 0 -1 135 374
chair 0.0017547309398651123 0 -2 101 87
chair 0.016153186559677124 435 138 499 377
chair 0.007120847702026367 0 0 66 163
chair 0.010091900825500488 118 4 260 226
person 0.0011160969734191895 442 109 499 374
chair 0.00955912470817566 16 0 128 109
chair 0.0015189051628112793 65 0 445 97
chair 0.27125176787376404 250 0 465 134
chair 0.005911082029342651 293 0 500 141
chair 0.008000344038009644 0 0 88 190
chair 0.0010733604431152344 460 141 500 277
chair 0.024467945098876953 0 0 128 224
chair 0.015013545751571655 17 0 69 46
chair 0.014336913824081421 55 0 221 160
chair 0.005240768194198608 39 0 356 159
chair 0.002912372350692749 349 0 500 151
chair 0.0018388032913208008 471 77 499 176
person 0.004645615816116333 76 0 128 57
chair 0.0017275214195251465 11 0 76 82
chair 0.005099952220916748 16 0 128 69
diningtable 0.004150032997131348 251 1 465 192
chair 0.0646505355834961 402 3 499 168
chair 0.005099952220916748 0 0 30 350
chair 0.0015130341053009033 325 7 500 208
person 0.08210369944572449 452 -1 499 181
chair 0.009821981191635132 0 -1 29 217
chair 0.02104562520980835 114 1 210 198
chair 0.005911082029342651 117 5 298 191
chair 0.0012496113777160645 421 110 461 164
person 0.0019876956939697266 439 35 501 105
chair 0.007402688264846802 74 0 127 54
person 0.0030995309352874756 458 49 499 345
chair 0.28937116265296936 125 0 211 107
chair 0.001178741455078125 196 0 319 90
person 0.0031976401805877686 484 13 499 176
person 0.003442734479904175 474 -7 499 94
chair 0.0018969178199768066 0 46 56 279
chair 0.01422739028930664 341 0 468 133
person 0.054199665784835815 453 0 499 92
chair 0.016153186559677124 16 0 131 160
chair 0.002359837293624878 62 0 217 106
chair 0.03032785654067993 242 1 350 100
diningtable 0.0013250410556793213 31 1 224 149
person 0.0013302266597747803 72 0 214 59
