cow 0.8534255027770996 249 198 388 300
cow 0.8327804803848267 104 140 233 300
bird 0.01182246208190918 138 99 168 151
bird 0.7505526542663574 147 99 168 151
sheep 0.009670913219451904 460 269 489 287
bird 0.015906304121017456 263 196 297 229
bird 0.0025508105754852295 262 196 322 227
sheep 0.0051396191120147705 484 314 499 331
pottedplant 0.00443345308303833 5 217 70 302
pottedplant 0.0013250410556793213 75 274 103 343
bird 0.017510265111923218 266 196 296 218
sheep 0.09911799430847168 378 221 406 239
sheep 0.0013778507709503174 466 234 479 250
bird 0.0015010833740234375 261 197 328 289
sheep 0.0011336207389831543 368 284 389 302
bird 0.004736989736557007 262 196 325 240
