person 0.8803843259811401 -1 125 283 496
diningtable 0.022845447063446045 -8 437 371 499
diningtable 0.13893115520477295 0 323 367 500
person 0.012053072452545166 271 56 374 461
person 0.002074718475341797 5 0 132 68
pottedplant 0.02992933988571167 0 40 44 248
pottedplant 0.0018895864486694336 0 93 39 125
pottedplant 0.003510504961013794 308 0 374 46
chair 0.17781168222427368 36 23 373 287
person 0.001367121934890747 8 0 90 70
person 0.014118820428848267 83 0 260 40
pottedplant 0.001178741455078125 0 92 42 152
person 0.011158108711242676 232 0 321 38
person 0.18772712349891663 10 0 216 76
chair 0.020332276821136475 15 0 265 43
diningtable 0.004166156053543091 106 0 344 38
person 0.0024724602699279785 161 0 372 38
chair 0.030558109283447266 132 0 260 39
chair 0.03021344542503357 178 0 264 39
chair 0.31912127137184143 10 0 214 75
diningtable 0.0012302696704864502 220 0 320 41
person 0.0177803635597229 220 0 376 46
bottle 0.0013724565505981445 289 0 374 47
diningtable 0.0016228556632995605 80 453 355 499
person 0.0011694133281707764 193 0 376 63
diningtable 0.0033112764358520508 97 474 362 500
chair 0.003565669059753418 127 477 393 500
person 0.004468142986297607 296 165 344 211
pottedplant 0.005261063575744629 1 0 71 250
pottedplant 0.0028118789196014404 1 8 117 251
diningtable 0.002115577459335327 113 432 354 499
chair 0.0012159943580627441 147 449 381 500
bottle 0.027274370193481445 185 475 368 500
bottle 0.02161678671836853 213 460 371 500
bottle 0.01196029782295227 226 442 372 499
bottle 0.009019583463668823 204 475 306 499
bottle 0.03760969638824463 244 475 321 499
bottle 0.0026727914810180664 200 408 372 500
bottle 0.007938534021377563 259 409 369 500
bottle 0.006193429231643677 306 411 367 498
bottle 0.0011925697326660156 316 0 371 9
person 0.0031976401805877686 0 228 117 336
chair 0.0013778507709503174 55 0 170 43
chair 0.0017073750495910645 85 0 210 43
chair 0.04535484313964844 208 0 261 39
person 0.0011074244976043701 262 0 339 36
person 0.0022873878479003906 186 475 315 499
person 0.0022170841693878174 155 0 236 19
person 0.003537982702255249 172 0 239 24
person 0.004591643810272217 175 0 254 28
person 0.0016874969005584717 247 0 342 21
person 0.003416001796722412 250 0 367 15
person 0.0018822550773620605 298 0 355 11
bottle 0.012625247240066528 316 414 364 489
person 0.00106087327003479 115 0 210 38
