person 0.0024921000003814697 168 42 372 485
person 0.0018676519393920898 218 77 373 453
chair 0.0026832520961761475 247 178 373 365
chair 0.0024921000003814697 236 200 373 466
chair 0.0022696256637573242 272 201 374 409
diningtable 0.014282047748565674 3 157 353 499
diningtable 0.001111745834350586 216 178 374 498
bottle 0.0021573007106781006 187 207 265 244
person 0.01711207628250122 240 0 271 46
person 0.0013044774532318115 233 1 279 74
boat 0.00185316801071167 321 438 374 496
person 0.0019799768924713135 220 2 286 133
person 0.11437144875526428 178 1 323 174
person 0.8216167688369751 229 12 374 259
person 0.001495271921157837 214 2 292 169
boat 0.001466512680053711 317 367 374 499
bottle 0.031736671924591064 0 95 12 144
bottle 0.0011424720287322998 0 93 15 179
bottle 0.002341538667678833 77 490 117 499
bottle 0.003272920846939087 83 491 109 499
bottle 0.0013724565505981445 79 486 136 500
pottedplant 0.0019117295742034912 326 438 374 495
pottedplant 0.0034832358360290527 73 477 137 500
pottedplant 0.001178741455078125 99 478 151 500
chair 0.001367121934890747 225 195 377 286
chair 0.003678649663925171 298 200 374 287
bottle 0.0012842416763305664 48 480 140 499
pottedplant 0.0011558830738067627 105 477 136 499
