sofa 0.7690780162811279 -1 120 491 335
person 0.4717099368572235 378 68 499 335
person 0.6918100118637085 0 104 334 337
person 0.005511492490768433 0 101 93 337
pottedplant 0.0023506581783294678 123 45 145 75
person 0.0020505785942077637 426 10 499 336
pottedplant 0.0026520490646362305 291 0 317 40
person 0.026964962482452393 385 188 499 335
person 0.006339401006698608 473 128 500 333
chair 0.0018103718757629395 394 146 499 339
chair 0.0020991265773773193 470 122 499 346
person 0.0034832358360290527 434 181 499 336
chair 0.014173001050949097 471 192 499 261
pottedplant 0.010014057159423828 184 0 215 19
pottedplant 0.029425203800201416 193 0 219 19
pottedplant 0.23651883006095886 211 0 229 18
pottedplant 0.004905790090560913 234 0 317 39
pottedplant 0.0017547309398651123 274 0 317 43
person 0.0063148438930511475 162 116 415 253
person 0.002757549285888672 470 95 499 262
chair 0.009375691413879395 179 122 402 260
pottedplant 0.020176976919174194 200 0 228 19
chair 0.0016874969005584717 481 196 499 264
