horse 0.15405568480491638 214 78 465 314
pottedplant 0.20370766520500183 0 70 44 262
horse 0.0023875534534454346 213 79 357 320
pottedplant 0.002501755952835083 0 71 36 206
pottedplant 0.002140522003173828 0 61 7 119
pottedplant 0.0013406574726104736 441 195 478 292
chair 0.0019266009330749512 0 202 25 262
pottedplant 0.0013147294521331787 0 56 13 134
person 0.5 250 62 336 189
person 0.001455157995223999 284 75 373 189
pottedplant 0.11047384142875671 92 137 122 207
horse 0.38583728671073914 214 79 349 242
person 0.014841258525848389 280 66 339 187
pottedplant 0.0012943148612976074 340 83 396 197
chair 0.0016292035579681396 0 228 26 262
person 0.028437048196792603 275 0 302 52
person 0.0011292099952697754 298 109 331 196
horse 0.00284498929977417 213 81 277 193
person 0.006241738796234131 251 62 417 188
person 0.005426615476608276 296 100 340 188
person 0.0013250410556793213 297 97 368 188
pottedplant 0.0019117295742034912 0 67 32 170
pottedplant 0.0022519826889038086 0 158 6 258
pottedplant 0.0025212466716766357 83 195 99 251
pottedplant 0.10123014450073242 433 137 499 296
pottedplant 0.0017547309398651123 0 56 18 141
person 0.003123670816421509 299 129 326 189
pottedplant 0.003736436367034912 322 205 394 312
person 0.5832034945487976 250 62 335 126
person 0.00803142786026001 295 0 322 49
pottedplant 0.0014215409755706787 57 133 124 242
chair 0.0013147294521331787 53 185 87 252
person 0.0016039609909057617 298 130 344 190
pottedplant 0.0019266009330749512 0 114 27 262
pottedplant 0.0014608204364776611 0 48 10 154
pottedplant 0.0011336207389831543 0 56 29 149
pottedplant 0.044351041316986084 0 189 26 261
