car 0.0670556128025055 21 378 195 486
cow 0.14755311608314514 21 378 195 486
bus 0.37937840819358826 109 303 321 365
car 0.009784013032913208 35 474 196 499
person 0.2720247507095337 53 205 74 256
person 0.0017275214195251465 336 304 347 320
person 0.0030874907970428467 38 282 64 336
person 0.5945513844490051 53 361 71 391
bus 0.001432657241821289 140 302 315 333
person 0.047247886657714844 94 338 105 369
person 0.0032476186752319336 129 356 161 400
person 0.003123670816421509 85 339 98 369
person 0.3720477223396301 30 353 51 395
person 0.07531079649925232 312 333 323 360
bus 0.007065832614898682 110 306 259 367
car 0.029985934495925903 276 329 323 362
person 0.016215503215789795 102 338 111 367
person 0.7759448885917664 130 356 161 380
person 0.024421334266662598 341 328 353 361
person 0.12852275371551514 82 340 93 370
person 0.007402688264846802 123 356 162 434
person 0.00131988525390625 328 321 349 358
person 0.0018969178199768066 323 315 354 358
person 0.22000685334205627 328 327 340 363
person 0.0013250410556793213 52 204 72 237
person 0.852936863899231 11 359 42 445
person 0.0011074244976043701 23 376 80 466
person 0.0538000762462616 127 358 163 487
car 0.9196460247039795 303 367 374 474
person 0.0011292099952697754 0 380 9 412
person 0.0012544989585876465 66 356 85 378
person 0.0033632218837738037 120 358 138 380
person 0.21206903457641602 214 382 240 428
person 0.0010004639625549316 12 359 32 404
person 0.001264333724975586 13 359 36 397
person 0.0012447535991668701 346 329 355 363
person 0.011507302522659302 328 326 344 359
