tvmonitor 0.9572769403457642 85 254 287 471
person 0.0012350976467132568 9 0 54 12
car 0.017510265111923218 45 0 112 42
car 0.02405199408531189 86 0 136 46
car 0.5506075620651245 97 0 145 67
car 0.027692049741744995 96 0 185 69
boat 0.06584268808364868 54 145 194 228
car 0.0010526180267333984 149 0 302 40
car 0.0060742199420928955 164 0 324 31
car 0.03789246082305908 199 0 329 17
car 0.06754660606384277 236 0 360 15
car 0.014898449182510376 92 0 115 40
car 0.08479490876197815 262 0 374 17
car 0.0011971890926361084 97 0 121 65
car 0.00142708420753479 115 0 153 59
car 0.5888890027999878 312 0 374 19
car 0.4054486155509949 75 0 110 42
car 0.001040339469909668 8 0 110 37
car 0.009448617696762085 76 0 183 41
car 0.007402688264846802 110 0 225 59
car 0.3693140745162964 119 0 295 95
car 0.07807624340057373 115 0 174 83
car 0.002912372350692749 169 0 372 19
car 0.9118072390556335 250 26 374 349
car 0.013742715120315552 203 0 375 36
car 0.014282047748565674 270 0 374 24
car 0.35577577352523804 119 0 235 100
car 0.006241738796234131 232 0 374 51
car 0.9173051714897156 147 0 319 181
car 0.007038503885269165 344 0 374 18
car 0.008000344038009644 356 0 374 19
car 0.0013778507709503174 25 55 64 83
car 0.003795117139816284 229 0 339 31
car 0.008711427450180054 243 0 350 25
car 0.02386951446533203 272 0 372 13
car 0.03346338868141174 84 0 117 37
car 0.005447685718536377 97 0 120 46
car 0.001831650733947754 109 0 159 41
bird 0.0010902583599090576 11 0 45 12
person 0.003324180841445923 13 0 43 12
car 0.0018969178199768066 79 0 118 18
car 0.00321003794670105 99 0 127 14
car 0.001714080572128296 99 0 140 16
car 0.0021742284297943115 115 0 207 20
car 0.001178741455078125 126 0 239 17
car 0.04485040903091431 272 0 350 11
car 0.008000344038009644 98 0 127 32
car 0.0016613304615020752 98 0 141 31
car 0.00185316801071167 101 0 206 33
car 0.0012594163417816162 119 0 169 50
