car 0.7170121073722839 69 135 459 315
chair 0.0011424720287322998 342 196 501 474
car 0.5039061903953552 209 84 451 331
person 0.9281455874443054 221 43 338 375
car 0.003185272216796875 210 85 344 151
person 0.8322356343269348 421 88 453 162
car 0.0016165375709533691 4 70 26 91
person 0.8740801811218262 7 85 52 210
car 0.004755467176437378 31 89 69 190
car 0.6706076860427856 0 87 70 190
car 0.5185462236404419 102 83 451 353
bus 0.0013044774532318115 5 71 26 92
car 0.012053072452545166 0 88 48 153
car 0.0015729963779449463 0 85 30 136
car 0.0028118789196014404 0 101 23 207
car 0.013274848461151123 43 101 69 192
person 0.0017007291316986084 5 80 28 213
car 0.0026110410690307617 0 75 15 195
bottle 0.003930270671844482 232 259 244 278
car 0.006903529167175293 0 86 29 162
