dog 0.8976983428001404 84 140 221 287
person 0.8860234618186951 201 112 333 287
cat 0.0011558830738067627 179 137 218 198
bottle 0.0015189051628112793 262 163 274 189
person 0.0010043680667877197 334 146 380 205
bird 0.001178741455078125 335 147 378 176
dog 0.006463468074798584 177 137 218 202
car 0.003285646438598633 333 171 398 205
motorbike 0.007725805044174194 332 168 397 206
dog 0.0018245279788970947 336 139 378 172
bird 0.0023782849311828613 336 138 378 170
car 0.002969682216644287 333 142 396 207
motorbike 0.053999513387680054 334 133 396 206
