car 0.003063589334487915 -107 27 -2 473
car 0.9005328416824341 63 249 235 364
car 0.06255704164505005 0 170 61 211
car 0.2821960747241974 0 169 62 186
car 0.08151650428771973 0 182 54 269
car 0.0018969178199768066 1 171 96 268
car 0.005322486162185669 1 80 325 268
car 0.09171003103256226 225 273 259 302
car 0.0011424720287322998 246 269 277 306
car 0.1135827898979187 0 167 162 269
car 0.0019876956939697266 -155 22 0 461
car 0.8766366839408875 251 264 321 316
car 0.8587157726287842 139 115 362 190
car 0.026205837726593018 1 138 264 269
car 0.3575683832168579 317 277 353 302
car 0.0015729963779449463 217 267 249 327
car 0.0019494593143463135 347 275 374 298
car 0.0014438629150390625 354 275 374 294
car 0.004086285829544067 218 269 254 312
car 0.0012544989585876465 221 262 291 303
