car 0.9213602542877197 217 180 346 247
train 0.005002021789550781 22 149 320 196
train 0.006438493728637695 335 150 499 223
bus 0.004182338714599609 440 162 498 208
car 0.0017823278903961182 54 177 96 195
car 0.0011380314826965332 113 176 139 192
car 0.004231303930282593 113 180 151 194
car 0.002323359251022339 119 183 151 194
car 0.012240886688232422 19 189 61 203
car 0.004102110862731934 32 189 61 201
car 0.003235042095184326 40 188 61 201
car 0.0034696757793426514 371 190 404 206
car 0.003524214029312134 371 191 421 205
chair 0.0017275214195251465 482 193 499 236
chair 0.004331141710281372 495 195 500 240
bus 0.0034561753273010254 319 150 498 208
aeroplane 0.010328888893127441 28 152 157 196
bus 0.0017963051795959473 370 192 432 207
bus 0.001554727554321289 40 151 202 198
bus 0.02280205488204956 329 155 440 207
bus 0.0015977323055267334 468 163 499 229
car 0.007755845785140991 397 194 421 205
car 0.005240768194198608 371 195 424 208
car 0.006463468074798584 390 195 425 207
car 0.005774706602096558 396 197 423 207
person 0.00438198447227478 429 186 439 212
person 0.008812874555587769 469 182 494 227
person 0.0030162930488586426 495 178 499 233
