boat 0.0021657347679138184 13 439 371 500
person 0.5048826932907104 0 184 76 434
person 0.0019419193267822266 5 137 171 433
person 0.0014608204364776611 206 178 328 432
person 0.9199342131614685 227 188 374 433
pottedplant 0.01467105746269226 1 0 75 11
person 0.0018103718757629395 322 184 377 284
sheep 0.031497299671173096 203 283 275 324
person 0.0024724602699279785 50 157 225 264
car 0.0011424720287322998 0 0 244 129
car 0.005490154027938843 63 0 375 131
car 0.06030997633934021 185 0 377 127
car 0.004538297653198242 0 0 162 153
car 0.0016292035579681396 -5 0 383 160
sheep 0.0011380314826965332 205 283 286 357
sheep 0.0024921000003814697 205 283 342 361
person 0.0013778507709503174 186 64 326 304
person 0.0010902583599090576 101 83 376 423
chair 0.006438493728637695 0 0 87 135
person 0.0017007291316986084 291 183 378 287
person 0.01507142186164856 0 20 76 482
person 0.8534255027770996 59 63 327 432
car 0.0028009116649627686 57 0 378 289
dog 0.0034293532371520996 205 283 278 324
chair 0.0012742578983306885 0 0 149 166
dog 0.0010241866111755371 204 280 279 423
person 0.0010650157928466797 321 184 377 331
tvmonitor 0.0028009116649627686 1 0 72 11
bottle 0.0013044774532318115 61 141 82 178
