diningtable 0.9437609314918518 -1 271 375 500
chair 0.023598521947860718 223 256 270 278
chair 0.07316717505455017 131 256 182 279
pottedplant 0.0034561753273010254 143 293 246 357
chair 0.010652929544448853 122 256 187 298
chair 0.00564149022102356 206 239 232 288
chair 0.0020505785942077637 116 246 235 297
chair 0.0034696757793426514 273 243 291 277
chair 0.001335442066192627 283 274 374 341
chair 0.0012544989585876465 316 274 374 336
chair 0.001264333724975586 105 245 183 285
chair 0.010860145092010498 129 241 231 283
chair 0.002790004014968872 191 240 270 278
chair 0.001388639211654663 116 257 208 303
chair 0.0035796165466308594 167 254 271 278
chair 0.631595253944397 6 274 53 326
chair 0.006850332021713257 102 255 183 293
chair 0.022287070751190186 126 256 183 289
chair 0.0028228759765625 144 247 271 279
chair 0.05749580264091492 315 275 374 306
