diningtable 0.0023690462112426758 211 185 448 365
chair 0.0030516982078552246 0 156 168 373
sofa 0.4234580099582672 3 177 352 373
chair 0.3747900724411011 26 188 355 374
sofa 0.023643463850021362 0 157 149 361
chair 0.004591643810272217 125 270 356 373
chair 0.007288604974746704 183 277 353 373
sofa 0.012099772691726685 0 157 96 316
sofa 0.002693742513656616 149 98 328 163
sofa 0.0017073750495910645 0 153 47 228
pottedplant 0.0025310516357421875 470 276 499 308
sofa 0.8991247415542603 123 99 356 243
pottedplant 0.0011879205703735352 0 141 32 224
chair 0.00257071852684021 99 295 330 373
chair 0.00369301438331604 0 150 39 337
chair 0.0012302696704864502 0 164 20 291
chair 0.0034293532371520996 0 160 22 355
chair 0.002018868923187256 0 160 57 348
chair 0.002757549285888672 0 159 102 325
chair 0.0021573007106781006 0 162 44 224
pottedplant 0.00391504168510437 411 337 499 373
pottedplant 0.0023324191570281982 410 307 499 374
pottedplant 0.004718571901321411 470 275 499 334
pottedplant 0.0012842416763305664 320 125 356 147
sofa 0.0012302696704864502 0 155 89 241
chair 0.002757549285888672 21 159 151 233
pottedplant 0.7745829820632935 282 184 353 232
chair 0.007093280553817749 128 104 277 247
sofa 0.018264353275299072 0 145 44 309
sofa 0.0010817945003509521 0 159 97 264
