pottedplant 0.6169357895851135 106 141 171 267
dog 0.007176309823989868 298 152 331 170
dog 0.013585120439529419 297 140 336 170
bicycle 0.0075772106647491455 298 150 334 170
bicycle 0.006438493728637695 298 140 339 170
bird 0.020099759101867676 166 137 182 174
pottedplant 0.018616825342178345 165 138 183 174
pottedplant 0.003416001796722412 84 38 181 266
tvmonitor 0.006145477294921875 357 296 499 374
chair 0.001524806022644043 300 136 347 170
dog 0.8998310565948486 13 142 67 210
bottle 0.0060506463050842285 420 293 445 311
pottedplant 0.021782606840133667 230 127 260 155
bottle 0.03222090005874634 420 293 463 311
