person 0.006850332021713257 468 31 499 372
sofa 0.3867633044719696 0 27 453 374
chair 0.5136684775352478 0 27 437 371
person 0.3923368453979492 62 35 440 305
chair 0.03073197603225708 0 117 97 371
tvmonitor 0.004811316728591919 454 51 499 158
tvmonitor 0.10302171111106873 470 51 499 157
chair 0.0015130341053009033 476 125 499 271
chair 0.0023690462112426758 456 21 499 280
bottle 0.0017410516738891602 482 201 499 338
bottle 0.0028339028358459473 489 273 499 375
chair 0.003765672445297241 483 142 499 376
sofa 0.0017275214195251465 48 26 454 267
chair 0.005384683609008789 65 28 455 272
tvmonitor 0.011158108711242676 468 51 499 302
chair 0.03073197603225708 468 50 499 359
bottle 0.004022836685180664 489 191 500 338
dog 0.7122327089309692 286 121 387 249
chair 0.0034561753273010254 445 63 499 324
