chair 0.019680321216583252 129 169 226 373
sofa 0.04603534936904907 470 43 499 373
chair 0.027956068515777588 217 100 291 353
chair 0.0016165375709533691 213 90 324 352
person 0.861068844795227 298 91 391 329
person 0.0012692809104919434 329 57 483 354
person 0.011914163827896118 377 11 499 371
chair 0.005752265453338623 9 194 227 373
chair 0.03027060627937317 132 233 225 373
sofa 0.004609555006027222 357 83 495 374
chair 0.014614790678024292 9 82 226 373
chair 0.00941208004951477 115 99 226 372
person 0.0646505355834961 470 22 499 373
chair 0.008677929639816284 0 117 153 373
person 0.0015130341053009033 230 124 291 197
person 0.0016228556632995605 230 69 250 97
person 0.00916031002998352 235 69 252 94
bottle 0.001524806022644043 0 29 6 118
tvmonitor 0.0012544989585876465 0 31 17 116
person 0.03889983892440796 165 66 193 90
person 0.05146035552024841 173 66 194 99
person 0.001524806022644043 173 66 209 99
person 0.0035935938358306885 281 111 326 222
person 0.006241738796234131 234 69 255 116
person 0.005384683609008789 0 23 17 242
person 0.0019954144954681396 253 95 311 153
person 0.004150032997131348 376 1 424 75
person 0.005405604839324951 0 15 32 250
bottle 0.003235042095184326 0 38 40 245
car 0.007260352373123169 124 81 226 167
person 0.0020505785942077637 376 0 410 83
bottle 0.016530483961105347 14 70 41 95
person 0.008156836032867432 152 66 194 104
person 0.012383639812469482 177 80 201 99
person 0.017577439546585083 232 88 305 206
person 0.001367121934890747 38 161 189 348
person 0.0024724602699279785 184 86 205 99
bottle 0.0010083019733428955 106 87 127 110
person 0.004944056272506714 276 94 349 283
person 0.0025508105754852295 0 1 134 372
person 0.0010733604431152344 98 73 155 113
chair 0.028329521417617798 471 90 499 371
person 0.0011336207389831543 131 76 156 107
person 0.0014050006866455078 353 0 373 31
chair 0.0024921000003814697 0 116 50 374
chair 0.0015010833740234375 0 142 79 370
person 0.0177803635597229 0 17 38 369
person 0.0031358301639556885 228 70 273 180
person 0.29910558462142944 227 68 256 131
person 0.09946715831756592 235 44 322 277
person 0.004038453102111816 244 96 315 173
person 0.0020346641540527344 295 91 389 189
car 0.010409027338027954 393 1 499 370
tvmonitor 0.012723177671432495 413 85 492 150
chair 0.00629037618637085 443 3 499 370
bottle 0.0019876956939697266 280 103 331 156
person 0.13661038875579834 174 66 190 86
person 0.0017478764057159424 0 20 6 161
person 0.9127457737922668 0 2 195 372
person 0.0011971890926361084 0 26 17 148
bottle 0.00185316801071167 11 70 41 110
person 0.0018388032913208008 237 107 311 158
person 0.0010485053062438965 177 63 190 85
person 0.0013044774532318115 368 0 390 30
person 0.0010083019733428955 237 72 262 139
person 0.0018969178199768066 311 1 464 367
person 0.019269704818725586 230 70 299 166
person 0.002757549285888672 250 83 330 160
chair 0.06278634071350098 394 1 499 365
person 0.00443345308303833 293 93 376 132
person 0.0034832358360290527 42 140 151 357
person 0.001680910587310791 0 117 11 242
person 0.001012265682220459 0 32 7 116
car 0.0021573007106781006 0 1 233 346
person 0.002958148717880249 294 91 385 160
person 0.07185441255569458 237 3 377 279
person 0.00812530517578125 0 28 30 321
person 0.007606714963912964 0 30 10 228
pottedplant 0.0010444223880767822 227 4 270 34
person 0.005219787359237671 227 68 277 141
person 0.011201143264770508 283 90 382 279
person 0.014392048120498657 0 41 18 335
chair 0.0018033087253570557 122 86 225 249
bottle 0.0011603832244873047 0 49 37 182
person 0.011914163827896118 0 32 12 362
person 0.05749580264091492 277 108 328 274
chair 0.0012159943580627441 132 114 196 166
person 0.0013459324836730957 372 0 437 188
person 0.0024824440479278564 229 116 257 169
person 0.001904308795928955 231 117 256 150
person 0.0017007291316986084 234 121 257 145
chair 0.05623906850814819 225 126 299 279
bottle 0.012871414422988892 0 71 39 141
tvmonitor 0.009054571390151978 240 1 379 190
person 0.0033112764358520508 231 111 287 170
chair 0.0033763349056243896 402 0 499 208
chair 0.004133999347686768 228 147 291 205
