bicycle 0.9145961999893188 0 25 500 373
sheep 0.0010162293910980225 257 13 324 73
person 0.0019419193267822266 0 12 10 105
person 0.0011741816997528076 263 16 324 79
bicycle 0.006615281105041504 222 2 498 320
bird 0.0018033087253570557 259 1 421 83
chair 0.0018676519393920898 283 0 421 81
chair 0.004944056272506714 264 0 422 103
bird 0.0024921000003814697 259 9 342 86
chair 0.001957029104232788 273 -1 426 171
bottle 0.0026110410690307617 0 1 10 49
car 0.0011971890926361084 0 1 11 80
car 0.003185272216796875 0 0 11 49
bird 0.009898394346237183 259 12 324 75
bird 0.0013564825057983398 256 27 321 95
