chair 0.004166156053543091 85 127 228 311
horse 0.9339163899421692 229 129 451 353
person 0.0064885616302490234 215 32 237 60
person 0.0029466450214385986 217 32 252 59
person 0.013223767280578613 240 29 264 54
person 0.0025409162044525146 392 0 407 23
person 0.0026110410690307617 400 0 419 22
person 0.0010362863540649414 403 0 427 21
person 0.0016102492809295654 415 0 428 20
person 0.007065832614898682 463 0 477 16
person 0.00394555926322937 469 0 489 16
person 0.0014215409755706787 475 0 492 15
person 0.005911082029342651 229 30 264 57
chair 0.002003192901611328 107 128 153 189
person 0.00106087327003479 183 97 256 191
chair 0.0015977323055267334 128 140 170 188
person 0.0012447535991668701 210 109 267 191
person 0.10266110301017761 222 140 262 192
pottedplant 0.0022696256637573242 311 150 349 180
chair 0.00135117769241333 112 127 196 211
chair 0.0020666420459747314 128 122 209 203
person 0.023066431283950806 199 115 261 192
person 0.008252084255218506 233 28 267 69
person 0.007938534021377563 236 28 271 82
car 0.017177879810333252 123 19 284 101
car 0.9453979730606079 262 15 500 178
person 0.9326993227005005 130 46 253 201
chair 0.0012159943580627441 114 111 250 256
car 0.850963830947876 90 19 285 140
car 0.9304561614990234 0 35 117 133
car 0.002757549285888672 90 28 178 139
person 0.012335866689682007 54 2 72 36
chair 0.11961567401885986 102 127 214 269
person 0.003621727228164673 228 27 275 101
tvmonitor 0.0010650157928466797 107 127 133 155
pottedplant 0.004297584295272827 159 203 214 236
person 0.012006610631942749 199 117 232 191
pottedplant 0.002018868923187256 154 200 220 261
person 0.0015366971492767334 224 140 254 167
