boat 0.3337203860282898 167 252 335 324
boat 0.7859662771224976 57 145 335 324
boat 0.0024824440479278564 164 220 335 323
person 0.4130036234855652 291 183 305 209
boat 0.003736436367034912 0 117 13 148
boat 0.007065832614898682 489 141 500 172
bus 0.02396056056022644 377 122 441 184
boat 0.0012742578983306885 381 145 458 193
person 0.0010988116264343262 286 273 314 298
person 0.04418569803237915 288 278 305 298
person 0.0021238625049591064 297 279 330 300
boat 0.1436695158481598 345 249 447 277
boat 0.004681944847106934 347 254 500 283
boat 0.003272920846939087 368 256 500 296
boat 0.012431591749191284 0 124 12 147
boat 0.0021827220916748047 414 256 499 299
boat 0.020176976919174194 377 122 440 184
boat 0.001388639211654663 472 252 499 306
boat 0.0033763349056243896 447 255 499 298
person 0.0030516982078552246 268 272 289 297
pottedplant 0.0021657347679138184 268 224 288 247
person 0.009784013032913208 294 277 317 299
person 0.010328888893127441 88 164 99 188
person 0.022976040840148926 90 165 99 186
person 0.00443345308303833 422 152 437 176
person 0.0017007291316986084 334 235 349 264
car 0.0646505355834961 490 140 499 172
boat 0.007011294364929199 52 146 134 205
boat 0.0019494593143463135 56 163 130 194
boat 0.0010902583599090576 347 258 452 277
boat 0.014558762311935425 387 262 446 278
boat 0.0023052990436553955 64 145 127 173
car 0.004118025302886963 491 140 499 185
boat 0.0012994110584259033 44 168 72 209
pottedplant 0.003795117139816284 489 122 499 176
boat 0.0010004639625549316 95 146 128 157
boat 0.00394555926322937 116 147 135 157
car 0.0015791356563568115 296 149 322 162
pottedplant 0.001335442066192627 297 149 322 162
pottedplant 0.0012399256229400635 309 147 336 162
person 0.001367121934890747 492 115 500 236
person 0.0022696256637573242 80 163 112 188
car 0.0967058539390564 411 175 460 194
person 0.0025807321071624756 152 88 168 137
boat 0.020099759101867676 0 132 13 148
boat 0.0022963285446166992 236 257 253 268
person 0.001069188117980957 335 244 349 265
boat 0.003635883331298828 345 249 410 273
boat 0.07920721173286438 410 174 458 194
