bus 0.8216167688369751 167 57 307 178
bus 0.9249600172042847 302 65 423 150
car 0.710628867149353 304 126 323 158
bus 0.002912372350692749 227 66 338 156
car 0.9059895277023315 420 99 493 133
person 0.0012065470218658447 209 90 232 116
person 0.006463468074798584 221 90 232 115
car 0.0015791356563568115 417 101 430 129
car 0.003621727228164673 420 101 449 115
car 0.0021657347679138184 438 99 490 113
car 0.0024438798427581787 456 100 492 116
car 0.0030874907970428467 479 100 499 117
car 0.013795614242553711 0 99 4 120
person 0.0031724870204925537 23 87 55 124
car 0.002359837293624878 290 142 304 157
car 0.0011971890926361084 290 130 309 159
person 0.0021488964557647705 23 88 37 122
person 0.009195834398269653 75 99 98 126
person 0.0022084414958953857 112 100 135 129
person 0.004963308572769165 217 90 232 126
bus 0.9548138380050659 2 48 179 212
bus 0.06164824962615967 66 56 306 177
person 0.011596441268920898 75 99 101 135
person 0.0011971890926361084 183 102 192 115
person 0.0014438629150390625 98 106 119 135
person 0.06371176242828369 113 106 136 134
person 0.0024438798427581787 204 91 233 136
car 0.0022344589233398438 412 105 421 138
car 0.003222525119781494 415 103 424 129
car 0.0034696757793426514 419 102 448 124
car 0.0026623904705047607 473 103 496 119
car 0.28298789262771606 486 98 499 116
car 0.0023506581783294678 486 85 499 116
bus 0.002757549285888672 0 91 4 120
person 0.004314333200454712 33 94 56 124
person 0.005888134241104126 104 108 118 135
person 0.003123670816421509 113 107 158 135
person 0.0011424720287322998 0 70 6 187
car 0.0010902583599090576 413 104 423 133
car 0.003537982702255249 484 98 498 120
car 0.006538987159729004 489 97 499 120
person 0.00517958402633667 212 90 232 128
person 0.004774004220962524 221 91 232 127
person 0.0010004639625549316 260 107 270 125
car 0.4244120717048645 289 126 323 157
bus 0.001477956771850586 61 60 229 161
bus 0.0010083019733428955 107 55 252 163
car 0.007786005735397339 268 121 324 158
