bird 0.0025508105754852295 237 68 247 83
boat 0.045186132192611694 150 155 232 178
bird 0.005384683609008789 93 95 151 153
boat 0.001264333724975586 133 144 232 174
boat 0.0018388032913208008 261 54 356 75
bird 0.0011694133281707764 323 28 339 36
boat 0.003123670816421509 2 45 66 61
boat 0.0019117295742034912 -3 -79 190 51
boat 0.0014608204364776611 0 -79 252 25
boat 0.0014104843139648438 10 -85 448 0
boat 0.0015729963779449463 11 -102 465 17
boat 0.0013832449913024902 -1 -73 120 61
boat 0.0012350976467132568 356 -53 501 0
boat 0.007402688264846802 17 -132 490 100
person 0.00142708420753479 93 96 154 152
person 0.8548837900161743 93 95 205 159
boat 0.0069571733474731445 95 -109 495 62
boat 0.005511492490768433 177 -99 499 37
boat 0.00443345308303833 263 -84 500 2
boat 0.0016613304615020752 175 -67 499 67
boat 0.7240901589393616 0 0 114 63
boat 0.0018459856510162354 481 -1 499 17
boat 0.0022696256637573242 91 96 232 163
boat 0.00394555926322937 85 112 230 171
boat 0.004133999347686768 81 155 231 183
boat 0.0011741816997528076 7 0 291 151
boat 0.03649437427520752 396 -1 499 10
bird 0.017443329095840454 306 10 323 25
bird 0.013585120439529419 294 51 320 71
person 0.03397315740585327 304 51 320 69
bird 0.009746164083480835 304 51 333 70
person 0.008284062147140503 295 51 355 70
person 0.0013778507709503174 299 51 319 74
bird 0.027692049741744995 304 50 360 72
person 0.007877200841903687 146 114 203 159
