car 0.004314333200454712 363 65 499 339
car 0.04849517345428467 348 66 500 147
car 0.027378231287002563 415 75 499 142
car 0.019869893789291382 431 75 499 163
car 0.018616825342178345 408 74 499 185
car 0.019195973873138428 428 75 499 206
person 0.02655753493309021 184 73 225 96
person 0.0396362841129303 183 61 228 93
person 0.027903079986572266 262 61 283 89
car 0.05184340476989746 394 75 500 129
person 0.028870850801467896 279 64 295 87
car 0.03817746043205261 434 76 499 130
person 0.038609206676483154 302 61 315 84
car 0.001972287893295288 127 90 308 175
car 0.04023560881614685 410 74 499 241
boat 0.0015729963779449463 338 38 450 93
person 0.021452128887176514 343 56 378 90
boat 0.02161678671836853 460 49 499 83
boat 0.021782606840133667 460 49 499 101
person 0.01698121428489685 365 70 394 91
car 0.003298431634902954 0 62 18 92
person 0.0010043680667877197 409 57 446 83
person 0.003635883331298828 424 58 446 81
car 0.0035935938358306885 0 62 50 107
car 0.007316946983337402 0 75 42 104
car 0.001449495553970337 17 75 54 92
car 0.9437609314918518 0 32 498 365
person 0.0011074244976043701 260 50 282 65
car 0.00276830792427063 173 76 208 98
person 0.28140556812286377 190 77 209 97
person 0.0168512761592865 188 72 218 95
person 0.026658833026885986 202 61 228 93
car 0.11047384142875671 337 39 500 137
person 0.01791679859161377 227 57 246 90
person 0.00822022557258606 265 63 281 89
pottedplant 0.012871414422988892 187 0 205 22
car 0.3276689648628235 338 38 499 196
car 0.0031976401805877686 179 44 500 246
person 0.0032602250576019287 309 61 328 87
person 0.0023782849311828613 325 57 336 88
person 0.007969379425048828 362 75 392 90
person 0.008543968200683594 370 78 392 90
person 0.498046875 446 59 462 91
person 0.0016613304615020752 455 59 470 90
person 0.0016102492809295654 167 89 179 106
car 0.021452128887176514 0 68 15 114
car 0.003607630729675293 173 79 197 98
car 0.1135827898979187 0 72 14 87
car 0.018904060125350952 0 65 33 83
person 0.0012692809104919434 13 63 45 86
car 0.0022963285446166992 29 73 54 89
car 0.0022607743740081787 178 71 208 89
car 0.014614790678024292 181 74 213 84
car 0.027692049741744995 183 75 209 96
car 0.03817746043205261 182 62 228 95
car 0.0011248290538787842 487 76 500 113
person 0.06053093075752258 314 59 322 84
person 0.22678464651107788 320 58 334 88
person 0.001388639211654663 406 43 446 98
person 0.06394520401954651 433 60 448 88
boat 0.016403794288635254 460 48 499 128
person 0.14318987727165222 274 64 291 89
person 0.14804434776306152 334 57 390 90
car 0.017510265111923218 450 56 499 127
car 0.0020346641540527344 0 56 17 88
car 0.0020505785942077637 0 61 20 81
person 0.009195834398269653 157 90 178 115
person 0.11919951438903809 419 57 433 74
person 0.008543968200683594 8 64 34 80
person 0.18242335319519043 16 63 32 79
person 0.004054129123687744 13 63 39 79
car 0.0030516982078552246 182 65 222 81
person 0.21469154953956604 253 56 273 87
person 0.07920721173286438 253 58 281 88
person 0.019269704818725586 285 63 296 86
person 0.1766728162765503 293 63 309 85
car 0.7866226434707642 0 75 52 116
person 0.517570972442627 333 54 361 89
person 0.12852275371551514 349 58 382 91
person 0.0013250410556793213 334 38 433 93
person 0.06584268808364868 431 58 445 77
person 0.0014215409755706787 460 63 470 83
car 0.0030045807361602783 462 48 499 80
car 0.0037074387073516846 462 48 499 104
person 0.07949241995811462 228 57 244 81
person 0.013223767280578613 243 55 254 78
person 0.008062601089477539 247 55 258 77
person 0.2018132209777832 253 55 273 78
person 0.020099759101867676 253 52 280 77
person 0.0019117295742034912 288 54 300 81
person 0.005426615476608276 291 54 305 84
person 0.0019876956939697266 150 90 180 126
person 0.0010860264301300049 488 72 499 120
person 0.004314333200454712 249 55 260 77
person 0.012674123048782349 287 61 298 84
person 0.032465726137161255 306 60 315 83
person 0.00118333101272583 343 56 364 91
person 0.028115570545196533 342 40 385 91
person 0.016722261905670166 428 57 442 79
