horse 0.9184834957122803 19 74 360 372
horse 0.004792630672454834 437 98 479 393
person 0.008778899908065796 280 56 309 95
person 0.009195834398269653 280 52 321 95
chair 0.001560807228088379 36 108 106 228
chair 0.0025508105754852295 36 105 119 290
chair 0.001560807228088379 36 106 160 288
chair 0.07290294766426086 0 143 33 227
person 0.9164110422134399 171 49 282 227
car 0.0016419589519500732 7 0 74 24
person 0.0013096034526824951 175 68 357 235
horse 0.0015791356563568115 33 96 396 303
horse 0.0018388032913208008 35 229 216 328
horse 0.0017342865467071533 35 217 208 298
horse 0.0017684698104858398 0 143 45 299
chair 0.0030398666858673096 0 141 40 293
