horse 0.0018822550773620605 461 130 499 310
horse 0.0016483962535858154 281 112 410 251
horse 0.9529269933700562 90 83 355 262
horse 0.6057989597320557 296 117 499 266
horse 0.8661319017410278 333 109 500 305
person 0.004182338714599609 427 100 499 252
person 0.0013250410556793213 490 40 500 151
person 0.0020346641540527344 472 93 499 307
person 0.004645615816116333 460 77 499 239
person 0.04418569803237915 484 69 499 262
dog 0.0023052990436553955 469 145 499 310
person 0.0022785067558288574 492 102 500 266
horse 0.004848897457122803 245 83 355 249
horse 0.009195834398269653 467 58 499 265
horse 0.9582266211509705 0 78 230 231
horse 0.003824770450592041 247 84 354 189
person 0.0016874969005584717 313 52 500 265
person 0.010249316692352295 476 44 499 263
horse 0.004645615816116333 75 145 170 234
person 0.0015487074851989746 486 62 499 196
horse 0.006850332021713257 424 107 499 260
horse 0.16344508528709412 297 127 449 238
