person 0.009936809539794922 125 207 419 345
person 0.016530483961105347 145 202 350 341
chair 0.0033763349056243896 317 140 499 374
chair 0.0023968517780303955 466 94 499 372
diningtable 0.009448617696762085 0 89 483 374
person 0.001957029104232788 123 154 484 374
chair 0.003736436367034912 454 152 500 373
chair 0.03690752387046814 100 54 488 382
diningtable 0.3032161295413971 0 283 206 374
diningtable 0.004348009824752808 0 282 391 373
diningtable 0.008644551038742065 -2 202 482 373
chair 0.005685538053512573 1 176 500 373
chair 0.0028118789196014404 390 183 500 373
person 0.8338658809661865 130 50 499 356
chair 0.726425290107727 0 200 131 309
person 0.0013250410556793213 466 62 499 372
chair 0.0018388032913208008 0 200 148 347
person 0.004468142986297607 494 72 499 97
chair 0.014009058475494385 450 71 490 132
bottle 0.0012943148612976074 368 69 392 107
chair 0.0012943148612976074 475 54 499 163
bottle 0.0025409162044525146 357 69 392 108
bottle 0.0030516982078552246 451 70 490 114
bottle 0.003063589334487915 494 74 499 98
tvmonitor 0.001335442066192627 429 129 499 212
chair 0.003621727228164673 119 50 451 215
person 0.010735392570495605 244 15 500 373
person 0.0030045807361602783 357 21 499 373
person 0.002693742513656616 119 49 500 238
person 0.0029928982257843018 148 208 206 271
person 0.012723177671432495 393 41 414 68
bottle 0.005554467439651489 488 170 500 320
person 0.0017410516738891602 487 106 499 373
pottedplant 0.726425290107727 396 0 483 124
chair 0.001957029104232788 0 214 60 317
person 0.005532950162887573 475 133 499 373
chair 0.003537982702255249 482 190 499 373
chair 0.0023968517780303955 0 199 60 383
bottle 0.004848897457122803 488 255 500 374
chair 0.0012399256229400635 0 214 32 310
person 0.29583969712257385 134 207 263 293
chair 0.005159556865692139 488 184 500 338
person 0.0168512761592865 369 41 423 118
person 0.0013147294521331787 484 85 499 343
person 0.0011380314826965332 358 89 385 107
person 0.0015307366847991943 489 148 500 298
person 0.0028897523880004883 494 47 500 100
chair 0.0014215409755706787 490 132 499 246
person 0.015784263610839844 376 41 422 96
chair 0.0015366971492767334 0 196 16 310
bottle 0.0018676519393920898 450 70 491 133
chair 0.007402688264846802 121 106 281 212
chair 0.0014438629150390625 419 126 499 292
chair 0.002631455659866333 117 103 280 272
