person 0.6187803745269775 425 6 499 373
chair 0.0012447535991668701 0 145 197 374
person 0.9254993200302124 97 58 499 373
person 0.023733586072921753 0 4 161 373
tvmonitor 0.0026520490646362305 0 192 202 373
person 0.001674354076385498 100 173 498 374
person 0.004848897457122803 464 117 500 272
car 0.06488728523254395 171 190 227 213
chair 0.0012018680572509766 0 178 19 303
chair 0.004944056272506714 427 106 499 397
horse 0.04161706566810608 0 2 100 370
person 0.011776894330978394 0 7 95 372
person 0.004755467176437378 484 105 500 265
car 0.003899872303009033 409 157 464 208
car 0.005980461835861206 418 178 464 205
car 0.592666506767273 360 185 460 223
person 0.0024724602699279785 422 110 499 314
bus 0.022202253341674805 371 151 466 215
car 0.09704703092575073 364 164 469 222
person 0.03271239995956421 452 61 499 311
person 0.06119883060455322 464 39 499 320
