horse 0.001554727554321289 0 80 77 181
horse 0.9615352749824524 81 67 226 181
horse 0.0012742578983306885 271 0 319 92
car 0.002867281436920166 2 48 57 76
chair 0.0015071630477905273 314 76 319 151
person 0.806853175163269 141 21 181 130
bus 0.0018459856510162354 19 -119 296 91
person 0.0021238625049591064 314 72 319 155
dog 0.0015487074851989746 307 93 319 153
dog 0.0026110410690307617 301 81 319 183
dog 0.0038546323776245117 307 79 319 183
person 0.0016613304615020752 306 72 319 173
horse 0.0016874969005584717 301 80 319 183
horse 0.0030280649662017822 307 78 319 182
chair 0.001178741455078125 312 78 319 146
sofa 0.007204204797744751 305 72 319 141
chair 0.008000344038009644 305 80 319 139
dog 0.002453356981277466 302 110 319 189
dog 0.0013302266597747803 311 104 319 191
