dog 0.9130566120147705 136 164 246 423
bottle 0.0022607743740081787 285 43 325 67
pottedplant 0.0048677921295166016 285 43 326 69
pottedplant 0.0063148438930511475 298 43 326 71
pottedplant 0.006388753652572632 124 0 227 57
pottedplant 0.0021488964557647705 130 0 309 44
pottedplant 0.001388639211654663 64 441 241 499
pottedplant 0.00276830792427063 209 0 310 35
pottedplant 0.003751039505004883 1 457 87 499
pottedplant 0.0010567307472229004 69 174 106 217
pottedplant 0.0010526180267333984 67 462 225 499
pottedplant 0.0010988116264343262 98 477 226 500
pottedplant 0.001069188117980957 233 0 346 67
pottedplant 0.0019343793392181396 28 424 76 469
chair 0.004755467176437378 213 0 318 24
pottedplant 0.0028897523880004883 205 0 337 23
pottedplant 0.7122327089309692 324 109 371 191
pottedplant 0.0034027397632598877 125 0 248 160
bottle 0.0014104843139648438 275 452 300 489
pottedplant 0.0029812753200531006 295 88 367 188
pottedplant 0.01186823844909668 0 405 84 499
pottedplant 0.014502942562103271 7 389 131 499
pottedplant 0.007176309823989868 59 394 145 499
pottedplant 0.0022963285446166992 103 410 233 499
pottedplant 0.001020193099975586 312 241 371 365
pottedplant 0.00185316801071167 132 482 253 499
pottedplant 0.0012159943580627441 143 489 205 500
pottedplant 0.002725452184677124 143 488 253 499
pottedplant 0.005099952220916748 269 84 348 188
pottedplant 0.0010004639625549316 110 457 189 499
pottedplant 0.0011879205703735352 312 248 353 292
pottedplant 0.0020505785942077637 269 0 329 21
pottedplant 0.0076660215854644775 289 0 329 21
pottedplant 0.0116862952709198 7 397 77 473
pottedplant 0.003537982702255249 9 379 117 472
pottedplant 0.010289043188095093 63 388 127 470
