bus 0.035680413246154785 45 37 331 490
car 0.007260352373123169 29 480 363 499
car 0.002901047468185425 131 477 363 498
car 0.003222525119781494 0 485 98 500
car 0.0014104843139648438 1 485 194 500
car 0.010860145092010498 339 450 367 481
car 0.003537982702255249 176 484 379 499
car 0.0015977323055267334 0 473 100 499
person 0.004102110862731934 112 379 126 409
car 0.8714772462844849 276 452 353 487
person 0.0015010833740234375 294 380 312 432
person 0.0030995309352874756 295 382 311 413
person 0.0010485053062438965 110 379 132 431
person 0.001466512680053711 111 378 135 420
