pottedplant 0.0010043680667877197 395 232 438 496
pottedplant 0.0011424720287322998 1 267 108 440
person 0.002323359251022339 113 132 222 488
pottedplant 0.0026727914810180664 18 472 104 499
person 0.48242902755737305 118 130 173 321
person 0.04977071285247803 120 136 164 220
person 0.0021827220916748047 120 134 201 284
person 0.022543251514434814 127 132 215 315
person 0.8987698554992676 160 128 231 375
person 0.0022607743740081787 124 131 231 369
pottedplant 0.001449495553970337 381 14 445 441
pottedplant 0.003185272216796875 395 22 439 425
pottedplant 0.004247784614562988 0 1 51 138
bicycle 0.06371176242828369 0 233 47 299
person 0.02655753493309021 153 141 189 311
