train 0.002590775489807129 2 163 298 209
train 0.6067314743995667 101 152 371 218
train 0.02437487244606018 0 156 417 213
person 0.0017410516738891602 355 157 366 184
car 0.0013302266597747803 437 171 467 185
car 0.07030656933784485 488 168 499 181
car 0.040843963623046875 5 179 34 191
boat 0.025225698947906494 125 67 372 218
boat 0.008915573358535767 223 67 372 216
train 0.004538297653198242 228 67 371 212
train 0.3442223072052002 100 71 369 216
car 0.05500715970993042 85 167 105 181
train 0.029536426067352295 303 150 363 186
car 0.037469178438186646 370 165 401 179
car 0.002115577459335327 73 167 106 182
car 0.0057077109813690186 304 150 362 183
car 0.001432657241821289 489 153 499 184
boat 0.0022785067558288574 223 68 329 221
train 0.0012350976467132568 5 168 112 186
boat 0.003324180841445923 168 77 327 216
boat 0.00118333101272583 301 150 369 188
train 0.0025115013122558594 4 178 35 191
train 0.0010567307472229004 2 172 108 189
train 0.0016355812549591064 98 157 254 213
train 0.0012159943580627441 117 152 297 214
boat 0.0010650157928466797 201 108 338 217
