pottedplant 0.0321599543094635 114 214 287 365
pottedplant 0.03410175442695618 120 224 255 373
pottedplant 0.019869893789291382 111 209 416 374
pottedplant 0.0017073750495910645 248 101 410 340
pottedplant 0.003063589334487915 273 113 432 333
pottedplant 0.011072665452957153 0 150 169 372
pottedplant 0.009303301572799683 96 87 338 362
pottedplant 0.009633511304855347 176 126 359 339
pottedplant 0.030385255813598633 0 20 68 370
pottedplant 0.015483170747756958 0 32 138 370
pottedplant 0.0014159977436065674 209 57 377 345
pottedplant 0.7813307046890259 345 119 475 236
pottedplant 0.0168512761592865 0 37 45 368
pottedplant 0.010571062564849854 119 239 339 374
pottedplant 0.00822022557258606 232 277 383 373
pottedplant 0.07558250427246094 0 191 48 370
pottedplant 0.004007279872894287 0 148 296 371
pottedplant 0.021207362413406372 164 195 286 343
pottedplant 0.004718571901321411 158 172 361 354
pottedplant 0.20882385969161987 273 209 409 330
pottedplant 0.6477978229522705 0 192 130 374
pottedplant 0.005322486162185669 489 -4 499 78
pottedplant 0.07343220710754395 472 53 499 99
pottedplant 0.0015366971492767334 384 163 451 236
pottedplant 0.00106087327003479 96 62 174 210
pottedplant 0.019869893789291382 242 106 374 216
pottedplant 0.023598521947860718 282 107 373 213
pottedplant 0.0016228556632995605 386 118 464 211
pottedplant 0.01542365550994873 74 131 131 231
pottedplant 0.0010083019733428955 271 -112 499 -4
pottedplant 0.01883181929588318 470 23 498 78
pottedplant 0.0016874969005584717 156 1 371 215
pottedplant 0.001178741455078125 385 118 440 196
pottedplant 0.10781356692314148 173 210 242 339
pottedplant 0.0370461642742157 0 13 96 369
pottedplant 0.005040973424911499 436 5 484 87
bird 0.0014215409755706787 121 68 184 116
pottedplant 0.0013044774532318115 331 214 407 270
pottedplant 0.035412728786468506 200 259 238 340
pottedplant 0.24653419852256775 44 0 371 362
pottedplant 0.002560734748840332 0 264 19 373
pottedplant 0.016658097505569458 199 252 266 332
pottedplant 0.0019266009330749512 151 0 265 117
pottedplant 0.001335442066192627 146 0 312 117
pottedplant 0.004038453102111816 233 245 351 374
pottedplant 0.23161658644676208 233 302 349 374
pottedplant 0.019793838262557983 14 122 83 192
pottedplant 0.09401044249534607 35 209 130 373
pottedplant 0.001335442066192627 9 135 41 181
pottedplant 0.005597800016403198 445 0 497 53
pottedplant 0.01048976182937622 131 203 240 341
pottedplant 0.00443345308303833 1 1 129 170
pottedplant 0.007288604974746704 289 322 348 374
pottedplant 0.00462755560874939 28 5 168 138
bird 0.003524214029312134 111 66 168 123
bird 0.008062601089477539 53 12 187 118
pottedplant 0.004905790090560913 49 0 363 133
pottedplant 0.3665890693664551 471 22 500 98
pottedplant 0.0026110410690307617 182 10 362 149
pottedplant 0.004718571901321411 50 6 203 186
pottedplant 0.0034293532371520996 49 0 247 201
pottedplant 0.04707297682762146 231 249 266 326
pottedplant 0.0026520490646362305 491 0 499 73
pottedplant 0.004231303930282593 74 146 125 209
pottedplant 0.011418908834457397 48 0 362 230
pottedplant 0.0016483962535858154 1 271 66 373
pottedplant 0.01196029782295227 51 3 190 118
pottedplant 0.007204204797744751 48 21 115 138
pottedplant 0.00959622859954834 0 194 82 374
pottedplant 0.0021573007106781006 69 166 157 324
pottedplant 0.7676874399185181 435 0 500 89
pottedplant 0.04813694953918457 95 173 170 297
pottedplant 0.0019117295742034912 137 154 219 331
pottedplant 0.0021238625049591064 167 139 293 328
pottedplant 0.00462755560874939 0 95 45 325
pottedplant 0.0099753737449646 74 139 145 245
pottedplant 0.008188486099243164 78 161 155 268
pottedplant 0.00790780782699585 186 128 332 286
pottedplant 0.01854574680328369 227 127 336 284
pottedplant 0.0019494593143463135 75 149 152 298
pottedplant 0.0012792348861694336 106 152 225 328
pottedplant 0.00438198447227478 91 180 172 252
pottedplant 0.001489490270614624 0 118 89 264
pottedplant 0.3611651062965393 15 123 89 234
pottedplant 0.001972287893295288 86 120 161 256
pottedplant 0.002912372350692749 77 111 180 250
pottedplant 0.003222525119781494 92 110 206 262
pottedplant 0.004485577344894409 94 99 272 276
