dog 0.0013406574726104736 207 28 288 157
chair 0.0010485053062438965 187 30 235 78
chair 0.0011648833751678467 187 48 211 74
chair 0.0015977323055267334 459 0 499 80
chair 0.002790004014968872 482 -1 499 90
dog 0.9329444169998169 117 32 339 184
diningtable 0.004150032997131348 311 5 500 98
diningtable 0.0025212466716766357 369 6 500 99
dog 0.0010650157928466797 174 28 276 117
dog 0.005219787359237671 225 30 305 135
chair 0.09106162190437317 329 27 378 94
chair 0.8824281692504883 290 12 341 97
chair 0.002115577459335327 382 2 499 99
chair 0.002359837293624878 475 0 499 108
chair 0.0011336207389831543 491 -4 499 102
cat 0.015906304121017456 225 28 266 77
chair 0.85584956407547 373 6 447 100
chair 0.0021488964557647705 383 4 464 97
chair 0.008445650339126587 433 1 499 101
chair 0.003160238265991211 453 0 499 102
chair 0.9155080318450928 60 10 121 93
chair 0.8705992698669434 141 12 206 80
dog 0.0028339028358459473 186 29 274 81
dog 0.517570972442627 226 28 272 78
dog 0.0024921000003814697 227 30 316 106
diningtable 0.005554467439651489 432 12 499 99
sofa 0.001524806022644043 395 0 499 90
chair 0.0014438629150390625 431 25 487 95
chair 0.002090960741043091 488 -2 499 95
dog 0.0013564825057983398 122 108 231 185
