chair 0.0010241866111755371 151 193 316 359
diningtable 0.0010650157928466797 104 238 311 395
bicycle 0.0012112557888031006 390 224 448 483
diningtable 0.5136684775352478 70 243 291 437
chair 0.9681429862976074 174 242 329 451
chair 0.957595705986023 10 242 171 457
chair 0.0012302696704864502 60 437 335 499
bottle 0.0012159943580627441 135 196 146 224
bottle 0.00952214002609253 126 188 137 214
bottle 0.013637453317642212 134 186 144 218
person 0.024608224630355835 157 0 263 36
chair 0.0010526180267333984 243 241 333 412
chair 0.0017007291316986084 5 243 71 412
cat 0.01704654097557068 131 0 265 35
chair 0.002935171127319336 71 228 201 335
chair 0.012240886688232422 197 236 267 320
bottle 0.002003192901611328 128 174 143 208
bottle 0.0010083019733428955 110 189 125 213
bottle 0.0020505785942077637 282 196 293 218
chair 0.010860145092010498 198 232 283 348
chair 0.017376601696014404 74 196 201 416
chair 0.0015729963779449463 155 209 278 419
chair 0.005554467439651489 187 228 280 404
chair 0.001289278268814087 109 205 260 440
chair 0.001388639211654663 177 259 290 409
bottle 0.06371176242828369 126 178 139 215
bottle 0.04813694953918457 133 177 144 221
bottle 0.0020505785942077637 190 0 215 18
bottle 0.0025807321071624756 192 0 217 29
bottle 0.0019876956939697266 193 0 222 36
person 0.0024724602699279785 192 0 241 36
bottle 0.0011424720287322998 192 0 254 25
cat 0.0011694133281707764 150 0 199 33
cat 0.0011160969734191895 179 0 253 28
cat 0.0011741816997528076 188 0 259 18
bottle 0.0060742199420928955 101 190 112 213
bottle 0.06779336929321289 115 189 126 212
