person 0.9260351657867432 110 208 284 458
chair 0.017243891954421997 -17 216 374 499
chair 0.010014057159423828 -3 368 374 499
chair 0.02779737114906311 292 370 374 500
chair 0.0013302266597747803 3 377 194 499
diningtable 0.027016282081604004 7 402 382 499
diningtable 0.02169954776763916 3 267 371 499
chair 0.003607630729675293 2 377 126 499
chair 0.008576959371566772 68 99 375 494
chair 0.002115577459335327 173 99 374 491
chair 0.001489490270614624 283 98 374 486
diningtable 0.07107675075531006 10 439 376 499
chair 0.007755845785140991 141 371 374 499
person 0.0013778507709503174 147 89 273 273
pottedplant 0.0030280649662017822 60 218 89 305
diningtable 0.002018868923187256 4 470 266 499
diningtable 0.001367121934890747 16 485 296 499
person 0.5869963765144348 89 39 282 452
bottle 0.0010004639625549316 3 384 92 499
diningtable 0.002323359251022339 7 444 247 499
chair 0.003635883331298828 5 376 81 499
