chair 0.0067453086376190186 153 166 332 372
diningtable 0.021411150693893433 261 193 498 368
chair 0.010611921548843384 358 225 499 369
person 0.0328364372253418 449 49 499 334
chair 0.006241738796234131 267 2 500 323
person 0.17441195249557495 0 4 311 366
person 0.004774004220962524 0 6 132 374
chair 0.002341538667678833 297 263 499 380
diningtable 0.0021321773529052734 297 128 499 354
person 0.0328364372253418 354 41 499 352
chair 0.0014104843139648438 3 158 345 373
tvmonitor 0.9173051714897156 163 5 340 166
tvmonitor 0.018723994493484497 328 0 499 293
tvmonitor 0.010449320077896118 451 78 499 302
tvmonitor 0.031259775161743164 400 179 460 203
chair 0.0012842416763305664 396 279 500 373
boat 0.0012544989585876465 85 197 143 251
