car 0.9539646506309509 76 74 470 334
car 0.0030995309352874756 38 227 473 544
bottle 0.004038453102111816 492 29 499 63
boat 0.0010988116264343262 0 95 54 183
boat 0.0013406574726104736 0 96 97 181
sofa 0.0029812753200531006 0 96 53 189
motorbike 0.014392048120498657 473 152 499 242
person 0.0023324191570281982 413 108 439 164
tvmonitor 0.0010083019733428955 483 86 499 154
tvmonitor 0.001388639211654663 491 86 500 156
person 0.0017963051795959473 488 143 499 249
person 0.0011925697326660156 467 121 499 231
pottedplant 0.002779155969619751 485 31 498 61
sofa 0.0027360916137695312 0 100 90 185
bottle 0.0010650157928466797 407 115 419 160
bottle 0.03993484377861023 415 108 439 163
chair 0.0013995170593261719 0 96 52 178
person 0.0014159977436065674 481 90 499 202
car 0.0015189051628112793 0 77 89 191
car 0.0013995170593261719 0 85 95 226
car 0.001225501298904419 436 88 463 108
person 0.019793838262557983 405 121 418 160
person 0.0024344027042388916 481 146 499 172
person 0.002958148717880249 488 143 499 173
chair 0.0016102492809295654 40 132 88 196
pottedplant 0.0069571733474731445 488 28 499 75
pottedplant 0.0015130341053009033 485 22 499 104
pottedplant 0.0011424720287322998 492 23 499 88
person 0.002725452184677124 479 101 499 176
person 0.0027360916137695312 490 98 500 174
motorbike 0.003416001796722412 471 154 499 209
person 0.043530017137527466 483 151 499 234
person 0.1276499330997467 483 151 499 200
car 0.0013044774532318115 402 74 461 120
bottle 0.008511096239089966 35 95 46 117
pottedplant 0.0045206546783447266 482 30 499 71
pottedplant 0.005405604839324951 492 29 499 73
motorbike 0.0011513829231262207 480 143 499 253
person 0.0022696256637573242 466 145 499 247
