chair 0.0013940632343292236 175 208 427 374
chair 0.11124423146247864 316 216 429 373
chair 0.8606008291244507 365 261 492 373
tvmonitor 0.8723500967025757 72 173 203 282
pottedplant 0.001146942377090454 0 63 18 369
chair 0.0011336207389831543 146 217 367 373
person 0.9644536972045898 146 128 352 374
tvmonitor 0.0017684698104858398 349 146 376 162
bottle 0.0020991265773773193 487 143 497 177
bottle 0.02080520987510681 491 145 499 179
person 0.001466512680053711 140 76 156 107
person 0.0022785067558288574 473 191 499 231
bottle 0.0031115710735321045 270 65 280 85
bicycle 0.0029466450214385986 0 153 15 263
tvmonitor 0.0015791356563568115 0 67 19 286
tvmonitor 0.006692379713058472 -1 66 122 162
chair 0.004198610782623291 493 199 499 334
chair 0.001335442066192627 0 229 17 328
chair 0.002725452184677124 347 245 409 320
person 0.0010444223880767822 485 174 499 240
pottedplant 0.0010817945003509521 145 104 172 149
bottle 0.0016355812549591064 248 91 262 149
person 0.007065832614898682 138 202 156 222
chair 0.0029928982257843018 452 192 498 232
tvmonitor 0.852936863899231 347 155 395 215
chair 0.002415567636489868 422 203 475 292
bottle 0.0012692809104919434 215 121 223 145
person 0.0016613304615020752 0 112 13 232
pottedplant 0.0015791356563568115 417 112 434 146
person 0.0018969178199768066 0 87 15 139
tvmonitor 0.0010322332382202148 0 53 17 349
chair 0.00185316801071167 417 213 471 284
tvmonitor 0.002725452184677124 0 262 24 375
pottedplant 0.006903529167175293 414 115 450 149
pottedplant 0.003222525119781494 417 119 454 148
chair 0.018056362867355347 480 204 499 314
pottedplant 0.001524806022644043 0 33 15 96
bottle 0.0013617873191833496 18 48 29 68
bottle 0.002115577459335327 0 162 13 270
chair 0.06488728523254395 481 184 499 284
chair 0.0018033087253570557 0 159 17 374
chair 0.12808570265769958 477 192 499 298
chair 0.004982620477676392 89 247 227 374
chair 0.0015487074851989746 139 249 234 374
chair 0.0168512761592865 283 273 400 373
chair 0.031857043504714966 370 204 449 314
chair 0.5117166638374329 411 197 485 303
chair 0.032588839530944824 465 193 499 319
chair 0.0017275214195251465 411 235 492 349
chair 0.004848897457122803 444 218 498 365
chair 0.01704654097557068 487 198 499 327
chair 0.0012447535991668701 402 205 484 265
chair 0.01524651050567627 256 234 403 374
chair 0.705784797668457 347 207 437 321
chair 0.02655753493309021 454 196 499 343
chair 0.005468875169754028 489 207 499 370
chair 0.01949256658554077 455 192 499 263
person 0.0038396716117858887 0 168 13 226
pottedplant 0.0025807321071624756 451 129 475 183
bottle 0.0017410516738891602 393 147 417 210
tvmonitor 0.004830062389373779 414 147 431 199
tvmonitor 0.021534323692321777 414 144 452 199
chair 0.008445650339126587 429 192 499 273
pottedplant 0.0011971890926361084 414 132 440 147
pottedplant 0.001012265682220459 489 134 500 176
tvmonitor 0.001028209924697876 0 86 18 197
bottle 0.0010485053062438965 155 27 165 47
bottle 0.0010362863540649414 0 90 16 195
chair 0.09138533473014832 318 307 400 373
bottle 0.001111745834350586 367 67 374 89
bottle 0.0015487074851989746 372 68 379 93
bottle 0.009019583463668823 330 158 348 227
bottle 0.005002021789550781 154 226 183 272
pottedplant 0.018904060125350952 210 14 238 38
pottedplant 0.0010241866111755371 208 15 270 40
person 0.0026623904705047607 0 70 16 198
tvmonitor 0.0011971890926361084 0 306 31 374
chair 0.001904308795928955 0 71 18 191
bottle 0.0010567307472229004 0 81 19 180
tvmonitor 0.1254904866218567 165 153 269 262
tvmonitor 0.06903958320617676 388 146 417 209
tvmonitor 0.009485304355621338 329 161 348 227
bottle 0.00831615924835205 0 66 15 150
chair 0.0014159977436065674 451 150 499 263
chair 0.0011160969734191895 474 139 499 269
bicycle 0.002359837293624878 0 94 16 364
