pottedplant 0.0010083019733428955 9 36 161 331
chair 0.0012842416763305664 207 125 369 287
pottedplant 0.0018174350261688232 0 54 45 331
pottedplant 0.0016228556632995605 7 74 69 330
chair 0.8289371728897095 146 66 371 287
car 0.003795117139816284 3 1 55 41
pottedplant 0.003235042095184326 402 17 428 44
pottedplant 0.0013940632343292236 402 7 451 45
car 0.0030874907970428467 0 4 5 44
pottedplant 0.0026008784770965576 324 300 339 314
chair 0.006903529167175293 148 66 367 197
car 0.003063589334487915 0 15 17 41
car 0.042087674140930176 2 15 39 41
car 0.04620686173439026 112 15 146 40
chair 0.0010083019733428955 67 211 118 245
pottedplant 0.001146942377090454 0 25 109 333
chair 0.012723177671432495 8 37 185 325
pottedplant 0.0017684698104858398 18 159 51 255
chair 0.001367121934890747 14 208 134 272
pottedplant 0.002912372350692749 1 123 51 332
pottedplant 0.0026008784770965576 11 146 51 329
pottedplant 0.0020585954189300537 1 116 51 255
car 0.47657960653305054 318 10 403 43
car 0.0015130341053009033 0 10 29 43
bird 0.0014104843139648438 485 300 499 335
