person 0.002018868923187256 58 210 373 499
person 0.7256482243537903 56 76 342 499
person 0.0011292099952697754 80 84 241 249
person 0.013955414295196533 160 281 289 350
bottle 0.006513714790344238 206 282 273 324
person 0.006692379713058472 100 283 294 484
sofa 0.3611651062965393 0 0 368 405
person 0.0076958537101745605 158 280 296 428
person 0.014784276485443115 61 282 296 350
person 0.014898449182510376 81 214 307 365
person 0.0012399256229400635 155 256 253 326
person 0.011418908834457397 67 243 278 353
bottle 0.002725452184677124 179 301 271 344
person 0.05770769715309143 133 222 309 302
