train 0.1005215048789978 0 235 491 373
aeroplane 0.0017342865467071533 160 201 499 332
train 0.07531079649925232 0 263 240 373
aeroplane 0.5039061903953552 0 162 498 360
aeroplane 0.5496408343315125 2 172 289 255
aeroplane 0.006121635437011719 219 155 274 175
aeroplane 0.005240768194198608 236 155 278 175
aeroplane 0.008156836032867432 358 153 407 172
aeroplane 0.0018245279788970947 244 173 289 214
aeroplane 0.0010241866111755371 370 156 409 170
aeroplane 0.0010004639625549316 379 157 436 171
aeroplane 0.0023782849311828613 184 152 279 176
aeroplane 0.0028897523880004883 184 159 248 175
train 0.004348009824752808 0 267 42 295
aeroplane 0.03817746043205261 240 159 295 173
aeroplane 0.00517958402633667 364 146 499 187
aeroplane 0.8289371728897095 437 147 500 194
aeroplane 0.0016940832138061523 124 165 224 198
aeroplane 0.03333708643913269 252 158 321 173
aeroplane 0.009195834398269653 313 159 338 173
aeroplane 0.0018604099750518799 320 158 343 173
aeroplane 0.0019117295742034912 326 156 378 182
aeroplane 0.010449320077896118 358 154 423 178
aeroplane 0.0011513829231262207 300 223 498 295
aeroplane 0.0011160969734191895 0 255 41 295
aeroplane 0.012576550245285034 184 158 281 177
aeroplane 0.011287689208984375 210 158 277 177
aeroplane 0.004231303930282593 217 157 301 175
aeroplane 0.0033763349056243896 247 157 341 174
boat 0.01182246208190918 0 268 42 295
aeroplane 0.01422739028930664 294 158 338 174
aeroplane 0.006719321012496948 223 172 289 215
aeroplane 0.007489442825317383 251 173 289 206
aeroplane 0.007518589496612549 262 175 289 206
aeroplane 0.007938534021377563 180 175 222 197
aeroplane 0.008711427450180054 195 174 222 197
aeroplane 0.25091254711151123 144 172 172 193
aeroplane 0.0010733604431152344 198 170 261 201
aeroplane 0.0013995170593261719 168 165 213 180
aeroplane 0.0013250410556793213 154 164 224 186
aeroplane 0.0012842416763305664 183 159 248 192
aeroplane 0.0023506581783294678 221 162 249 176
aeroplane 0.17217358946800232 222 161 278 176
aeroplane 0.0028339028358459473 281 161 324 173
train 0.0019343793392181396 0 208 136 268
aeroplane 0.00394555926322937 192 176 264 204
aeroplane 0.002779155969619751 293 165 321 175
aeroplane 0.0015729963779449463 295 166 319 177
aeroplane 0.006930291652679443 301 159 338 173
aeroplane 0.006589770317077637 343 154 381 182
aeroplane 0.0016355812549591064 464 125 500 185
aeroplane 0.0023324191570281982 463 114 499 199
aeroplane 0.005532950162887573 300 168 320 185
aeroplane 0.02025449275970459 39 171 173 198
aeroplane 0.31912127137184143 145 174 222 199
aeroplane 0.013848692178726196 144 175 266 202
aeroplane 0.005021452903747559 162 174 286 211
aeroplane 0.7905300855636597 357 151 448 185
aeroplane 0.005199640989303589 38 171 175 211
car 0.00629037618637085 125 253 155 270
aeroplane 0.020332276821136475 98 173 222 208
aeroplane 0.001554727554321289 190 173 290 227
