car 0.42155179381370544 0 110 101 213
car 0.9648531675338745 134 107 394 268
car 0.009746164083480835 456 147 499 168
bus 0.0019117295742034912 156 113 214 132
bus 0.0011380314826965332 155 114 219 149
aeroplane 0.03817746043205261 0 4 100 212
car 0.5698527097702026 405 166 460 207
car 0.0025409162044525146 409 161 499 205
car 0.04256337881088257 0 20 100 212
car 0.0524231493473053 452 157 491 176
car 0.035546332597732544 451 152 496 177
car 0.005576103925704956 456 156 498 181
car 0.005576103925704956 467 159 499 185
car 0.0018388032913208008 490 153 499 187
car 0.02025449275970459 406 166 457 187
car 0.0011424720287322998 441 162 471 183
car 0.0328364372253418 451 160 486 180
car 0.018904060125350952 451 162 499 187
car 0.00208282470703125 488 162 499 185
bus 0.01698121428489685 456 146 499 166
car 0.0011603832244873047 49 117 99 170
car 0.0017207860946655273 387 168 408 207
aeroplane 0.0013778507709503174 0 1 51 223
car 0.005119770765304565 406 166 431 185
car 0.007816284894943237 433 165 471 200
car 0.005797207355499268 448 163 481 195
car 0.0016165375709533691 483 162 500 212
car 0.0015729963779449463 300 167 421 209
car 0.002453356981277466 404 166 430 210
car 0.002415567636489868 448 164 478 210
car 0.8955245018005371 448 163 499 222
car 0.6688798069953918 387 168 421 210
