dog 0.10894683003425598 337 69 499 278
dog 0.001680910587310791 429 59 499 288
dog 0.8774785399436951 106 179 220 299
cow 0.004416227340698242 381 114 441 163
person 0.0010817945003509521 492 118 499 249
dog 0.00257071852684021 213 215 277 251
dog 0.043530017137527466 338 70 500 205
horse 0.0021742284297943115 378 131 501 271
dog 0.007755845785140991 389 143 446 196
cow 0.005842477083206177 390 136 449 195
dog 0.0012594163417816162 422 137 495 191
person 0.0010567307472229004 493 108 499 221
motorbike 0.0018459856510162354 396 96 500 216
person 0.001489490270614624 429 83 499 278
motorbike 0.001111745834350586 394 116 500 261
motorbike 0.0038546323776245117 423 111 499 273
person 0.0013147294521331787 467 81 499 291
bicycle 0.003510504961013794 425 127 500 282
