diningtable 0.004247784614562988 0 186 98 373
diningtable 0.04418569803237915 74 94 404 289
diningtable 0.002140522003173828 330 54 420 280
person 0.003607630729675293 347 44 493 286
person 0.007460415363311768 437 45 499 338
diningtable 0.00952214002609253 86 82 406 365
chair 0.0020505785942077637 348 60 471 285
person 0.0023782849311828613 392 48 499 370
person 0.004364967346191406 455 44 499 372
chair 0.06929132342338562 0 112 78 372
chair 0.0034561753273010254 48 37 151 284
person 0.0011558830738067627 472 63 499 373
chair 0.05623906850814819 0 128 100 351
person 0.9322066307067871 120 41 349 374
chair 0.498046875 0 136 52 371
person 0.04849517345428467 229 12 281 68
bottle 0.1422344446182251 281 71 292 102
bottle 0.002314329147338867 292 75 301 100
tvmonitor 0.001178741455078125 480 178 499 250
person 0.10706377029418945 404 42 439 182
person 0.0020991265773773193 475 43 499 177
bottle 0.001524806022644043 310 73 323 115
person 0.0051396191120147705 149 35 226 175
bottle 0.001477956771850586 313 70 326 116
person 0.0011160969734191895 442 49 490 113
person 0.3015681505203247 358 34 415 197
bottle 0.030099451541900635 344 88 357 130
bottle 0.0010004639625549316 276 71 290 105
person 0.026155948638916016 439 47 494 175
person 0.002693742513656616 467 42 499 212
chair 0.14608708024024963 0 202 100 333
diningtable 0.0022431910037994385 270 96 398 156
person 0.001367121934890747 230 10 329 156
chair 0.0010650157928466797 0 201 39 301
diningtable 0.03993484377861023 194 93 404 277
diningtable 0.07779598236083984 266 93 406 270
person 0.0030045807361602783 473 42 499 262
person 0.5292633771896362 47 36 150 283
person 0.005322486162185669 398 44 466 224
person 0.042245686054229736 149 12 278 174
person 0.26511818170547485 437 50 497 228
bottle 0.0033763349056243896 494 125 499 192
person 0.005099952220916748 149 61 188 175
diningtable 0.009019583463668823 266 97 401 216
person 0.0010043680667877197 150 12 301 243
person 0.010571062564849854 410 45 494 223
bottle 0.0050605833530426025 319 76 329 116
person 0.004468142986297607 304 39 411 266
person 0.00406983494758606 480 46 499 271
person 0.0018969178199768066 178 14 219 44
bottle 0.005532950162887573 493 149 499 202
chair 0.0011603832244873047 0 183 81 317
chair 0.0010322332382202148 0 205 39 338
bottle 0.1356911063194275 323 342 351 374
person 0.028437048196792603 229 11 281 103
bottle 0.002359837293624878 286 74 298 109
bottle 0.004231303930282593 331 78 345 129
person 0.0010043680667877197 468 49 490 83
bottle 0.00790780782699585 492 157 499 226
chair 0.0097084641456604 347 70 436 279
person 0.0034696757793426514 359 35 409 94
person 0.18184199929237366 228 11 281 144
bottle 0.5544705390930176 299 77 311 114
bottle 0.0016355812549591064 255 111 274 149
