person 0.6851080656051636 282 125 442 310
bicycle 0.22678464651107788 0 68 111 280
person 0.0250818133354187 266 125 458 349
bicycle 0.8327804803848267 189 129 468 377
bottle 0.0014438629150390625 290 127 418 241
chair 0.0021657347679138184 290 127 436 216
person 0.0177803635597229 0 53 115 197
chair 0.0015130341053009033 289 127 430 268
bicycle 0.1766728162765503 0 125 109 274
person 0.001489490270614624 0 46 67 276
bottle 0.0016419589519500732 290 127 426 208
bird 0.13707196712493896 0 47 118 239
bird 0.03449025750160217 0 41 119 166
person 0.4320632219314575 0 45 118 269
