sheep 0.8732177019119263 315 153 499 318
sheep 0.012625247240066528 297 135 463 311
sheep 0.8489729166030884 154 124 259 284
sheep 0.5841526389122009 292 131 465 197
sheep 0.003736436367034912 461 90 499 296
pottedplant 0.0011160969734191895 351 50 410 148
sheep 0.0011558830738067627 124 124 259 178
sheep 0.0033632218837738037 174 137 207 155
sheep 0.001455157995223999 296 157 338 194
sheep 0.0013044774532318115 170 127 253 157
sheep 0.004848897457122803 305 167 338 193
sheep 0.0010322332382202148 127 145 184 210
sheep 0.37754106521606445 353 133 466 173
sheep 0.004718571901321411 132 141 209 185
sheep 0.0026110410690307617 462 114 499 177
chair 0.0010860264301300049 462 118 499 183
sheep 0.0033112764358520508 138 140 209 169
sheep 0.0017275214195251465 154 139 210 162
sheep 0.00135117769241333 165 125 254 168
sheep 0.017510265111923218 291 131 360 178
sheep 0.011331260204315186 346 132 435 167
sheep 0.031497299671173096 292 132 351 194
sheep 0.013480961322784424 317 145 470 203
sheep 0.0022170841693878174 338 156 497 201
sheep 0.0023506581783294678 337 156 500 220
sheep 0.001477956771850586 351 127 499 234
sheep 0.0019876956939697266 376 117 499 222
sheep 0.0022873878479003906 461 113 499 244
sheep 0.0024724602699279785 319 151 478 235
sheep 0.05644682049751282 341 160 500 289
sheep 0.004133999347686768 339 161 499 250
sheep 0.023778796195983887 112 139 204 280
