person 0.0010733604431152344 114 213 352 454
person 0.0012350976467132568 87 204 398 478
person 0.026305854320526123 7 141 265 461
car 0.006564319133758545 3 152 298 466
person 0.0012065470218658447 283 145 398 457
boat 0.003123670816421509 2 155 290 467
person 0.17050957679748535 118 223 252 449
tvmonitor 0.001388639211654663 1 197 127 459
tvmonitor 0.0010775625705718994 1 174 264 474
tvmonitor 0.0012065470218658447 150 473 402 499
tvmonitor 0.001225501298904419 210 468 398 499
aeroplane 0.006003767251968384 4 0 377 459
aeroplane 0.01596766710281372 6 95 295 393
aeroplane 0.022672325372695923 7 133 262 286
aeroplane 0.03832080960273743 8 150 263 365
aeroplane 0.04385673999786377 5 152 266 460
bottle 0.850963830947876 273 390 299 452
person 0.0012447535991668701 171 221 253 305
