pottedplant 0.004811316728591919 0 68 49 135
pottedplant 0.00185316801071167 197 83 241 136
pottedplant 0.02931046485900879 129 0 216 88
pottedplant 0.00208282470703125 124 0 261 89
tvmonitor 0.0013995170593261719 213 0 260 76
pottedplant 0.0069841742515563965 23 0 93 103
pottedplant 0.0018459856510162354 0 150 59 226
pottedplant 0.0011074244976043701 37 82 66 129
pottedplant 0.0011074244976043701 40 89 66 131
pottedplant 0.0011879205703735352 13 0 96 54
pottedplant 0.0012447535991668701 16 0 99 26
pottedplant 0.019642621278762817 0 129 30 219
tvmonitor 0.003565669059753418 220 0 260 49
pottedplant 0.368404746055603 193 94 217 126
pottedplant 0.001178741455078125 205 159 259 309
pottedplant 0.0028339028358459473 0 134 12 165
dog 0.9246891736984253 55 16 223 468
pottedplant 0.3504211902618408 0 132 32 167
pottedplant 0.5794005393981934 0 159 22 220
pottedplant 0.004182338714599609 25 129 70 161
pottedplant 0.16451644897460938 223 58 255 88
person 0.002074718475341797 107 -2 229 90
pottedplant 0.1276499330997467 0 1 53 184
pottedplant 0.0010362863540649414 2 52 43 99
pottedplant 0.0015426874160766602 23 72 44 100
pottedplant 0.0022873878479003906 25 73 53 102
pottedplant 0.015364378690719604 10 -1 91 139
person 0.0010043680667877197 217 55 259 89
pottedplant 0.01507142186164856 26 21 77 134
pottedplant 0.0025409162044525146 0 82 27 163
pottedplant 0.1925387978553772 0 131 32 183
pottedplant 0.004681944847106934 0 128 50 184
pottedplant 0.009195834398269653 26 77 60 108
pottedplant 0.0026727914810180664 31 103 69 160
pottedplant 0.001225501298904419 141 0 215 24
pottedplant 0.02186596393585205 0 58 37 184
pottedplant 0.0022344589233398438 20 77 65 165
pottedplant 0.05089092254638672 19 72 59 134
pottedplant 0.6297757029533386 61 88 103 139
pottedplant 0.011374980211257935 86 76 108 97
pottedplant 0.013795614242553711 193 80 238 126
chair 0.012006610631942749 208 55 260 159
pottedplant 0.0020505785942077637 215 59 258 97
pottedplant 0.004133999347686768 0 71 35 151
pottedplant 0.0022084414958953857 0 78 48 148
pottedplant 0.0033501386642456055 32 78 99 136
pottedplant 0.01596766710281372 205 54 259 132
pottedplant 0.002115577459335327 144 0 215 51
pottedplant 0.0010988116264343262 157 0 214 32
