person 0.002003192901611328 220 187 350 373
person 0.8494727611541748 342 33 499 373
person 0.005301922559738159 0 143 76 371
person 0.0015366971492767334 111 24 364 372
person 0.0023052990436553955 0 116 27 365
person 0.0010162293910980225 0 140 6 272
person 0.0020346641540527344 412 53 499 258
bottle 0.0016613304615020752 286 219 316 272
person 0.0016613304615020752 480 196 499 373
person 0.0012943148612976074 476 157 499 372
car 0.0010902583599090576 0 238 13 334
bottle 0.0052814483642578125 0 193 11 295
bottle 0.0033112764358520508 0 213 18 295
bottle 0.06030997633934021 303 218 321 269
bottle 0.0012692809104919434 0 228 5 333
person 0.926567792892456 43 32 265 368
person 0.0034561753273010254 49 9 446 372
person 0.02211776375770569 0 154 11 338
person 0.0010817945003509521 480 18 499 122
person 0.0012692809104919434 474 0 499 61
person 0.0029928982257843018 0 231 6 337
person 0.005426615476608276 0 135 29 296
