cow 0.8484716415405273 300 106 500 278
cow 0.05108004808425903 292 201 439 283
cow 0.035412728786468506 294 200 499 284
cow 0.02068600058555603 0 124 49 366
cow 0.7641857862472534 140 154 425 374
cow 0.004830062389373779 292 202 499 327
person 0.001714080572128296 0 127 31 369
cow 0.7859662771224976 0 129 51 293
cow 0.8674857020378113 71 105 247 220
cow 0.6723310351371765 251 121 298 168
cow 0.0018749535083770752 310 104 397 158
horse 0.0012065470218658447 484 163 499 377
cow 0.0012159943580627441 0 118 34 261
horse 0.0031358301639556885 0 183 25 357
cow 0.018125414848327637 252 122 319 168
cow 0.012674123048782349 308 122 362 159
cow 0.0250818133354187 292 203 398 347
cow 0.0016419589519500732 0 38 48 272
cow 0.0022607743740081787 292 211 344 262
cow 0.0022344589233398438 471 163 499 275
cow 0.716218888759613 309 101 493 157
horse 0.0013147294521331787 479 138 499 384
horse 0.002453356981277466 0 181 31 328
horse 0.0023052990436553955 0 181 19 293
horse 0.0017684698104858398 0 188 28 293
cow 0.013742715120315552 251 123 336 201
cow 0.0010043680667877197 307 29 495 158
cow 0.0017007291316986084 256 122 361 179
cow 0.01422739028930664 466 88 499 275
cow 0.00284498929977417 310 122 381 167
cow 0.03501462936401367 309 99 493 211
cow 0.007938534021377563 197 148 336 267
cow 0.07030656933784485 291 204 390 265
cow 0.008576959371566772 447 75 499 275
person 0.005554467439651489 464 55 499 274
cow 0.001020193099975586 0 114 22 199
dog 0.0013147294521331787 0 198 21 297
cow 0.0022696256637573242 401 94 499 273
