bus 0.7065954804420471 182 76 327 251
car 0.8152326345443726 421 192 499 303
pottedplant 0.001957029104232788 17 8 30 36
person 0.0012842416763305664 444 170 457 188
person 0.0012350976467132568 456 170 466 187
person 0.002501755952835083 495 150 499 201
person 0.10819017887115479 168 162 180 211
person 0.00933942198753357 162 161 176 212
car 0.002958148717880249 399 178 417 194
car 0.0029237568378448486 402 177 426 186
car 0.0017547309398651123 413 175 429 184
car 0.007232218980789185 423 174 432 184
car 0.0014215409755706787 444 170 456 188
bus 0.06301644444465637 326 172 341 203
car 0.018056362867355347 327 187 341 202
car 0.001560807228088379 382 186 390 200
car 0.06371176242828369 388 185 402 203
pottedplant 0.0010945498943328857 172 134 183 153
car 0.0010162293910980225 486 204 499 308
bus 0.03321123123168945 326 186 341 202
car 0.009089648723602295 469 212 499 308
car 0.0020666420459747314 420 195 454 245
car 0.00321003794670105 421 195 467 256
person 0.003185272216796875 435 210 464 233
car 0.013223767280578613 395 179 420 202
car 0.009303301572799683 395 178 437 203
car 0.0011336207389831543 441 177 455 191
car 0.0010162293910980225 441 170 457 192
train 0.5992507934570312 181 75 327 251
person 0.9299484491348267 388 234 489 334
car 0.0030995309352874756 420 190 463 243
person 0.4244120717048645 259 129 280 163
person 0.0018245279788970947 421 193 496 234
car 0.0069841742515563965 436 199 501 235
car 0.0013778507709503174 472 193 499 237
car 0.7866226434707642 394 183 444 238
car 0.0021073520183563232 390 185 405 218
person 0.001477956771850586 31 183 42 220
person 0.09301862120628357 171 161 183 212
person 0.003635883331298828 161 161 170 210
car 0.1980639398097992 421 186 496 242
car 0.0034561753273010254 479 175 499 259
person 0.024891287088394165 131 150 142 180
person 0.003496825695037842 159 158 168 194
person 0.04620686173439026 131 150 142 198
person 0.005021452903747559 160 159 169 204
car 0.22000685334205627 421 192 499 263
car 0.0028897523880004883 474 187 499 263
car 0.002725452184677124 468 186 499 233
car 0.002406179904937744 475 182 500 240
car 0.004538297653198242 493 179 500 241
pottedplant 0.02931046485900879 29 202 43 223
person 0.0019419193267822266 267 134 289 163
person 0.03817746043205261 174 162 184 212
car 0.022372186183929443 468 264 499 306
car 0.00955912470817566 389 183 409 203
car 0.0017007291316986084 392 182 420 206
car 0.0034832358360290527 395 183 445 217
bus 0.001489490270614624 355 168 384 192
car 0.012723177671432495 478 184 499 199
car 0.007093280553817749 485 185 499 207
pottedplant 0.0010650157928466797 31 183 42 223
car 0.0024628937244415283 471 184 499 224
pottedplant 0.006564319133758545 30 192 42 222
