person 0.0012207329273223877 402 104 499 371
person 0.005219787359237671 256 63 500 305
person 0.8283824920654297 362 52 499 361
person 0.8891415596008301 0 53 181 371
diningtable 0.46781787276268005 20 126 497 370
person 0.0010902583599090576 0 63 87 372
person 0.00135117769241333 312 0 338 27
chair 0.05856207013130188 348 47 409 140
chair 0.001388639211654663 115 67 207 209
diningtable 0.0028009116649627686 0 39 33 247
bottle 0.002590775489807129 372 97 393 142
bottle 0.8766366839408875 253 112 276 182
bottle 0.0012065470218658447 350 245 383 311
bottle 0.0024921000003814697 254 114 287 185
bottle 0.001957029104232788 201 397 406 437
person 0.0011741816997528076 144 97 207 207
person 0.7950220704078674 202 10 300 182
bottle 0.0011248290538787842 373 8 393 51
bottle 0.0012842416763305664 281 203 313 255
tvmonitor 0.003650069236755371 0 36 20 104
person 0.003063589334487915 204 11 340 137
person 0.0023052990436553955 0 -5 11 106
bottle 0.0018103718757629395 0 80 6 112
person 0.03649437427520752 12 53 206 216
bottle 0.85584956407547 289 219 323 331
person 0.005301922559738159 273 51 494 216
bottle 0.00916031002998352 348 209 382 310
diningtable 0.07343220710754395 199 128 416 199
person 0.0022607743740081787 0 0 16 107
person 0.00406983494758606 330 4 402 122
chair 0.002323359251022339 331 9 408 133
tvmonitor 0.0017963051795959473 0 5 20 141
tvmonitor 0.0010043680667877197 0 0 10 77
bottle 0.00443345308303833 0 26 20 104
chair 0.0012943148612976074 136 84 211 138
tvmonitor 0.0018895864486694336 0 0 12 55
tvmonitor 0.0035518109798431396 0 0 18 52
bottle 0.0012159943580627441 311 0 338 27
bottle 0.001524806022644043 162 325 199 373
bottle 0.017243891954421997 356 126 375 166
bottle 0.006003767251968384 94 288 131 352
bottle 0.0020666420459747314 195 320 335 374
person 0.0014722347259521484 472 48 499 321
