person 0.03875422477722168 161 107 473 373
diningtable 0.15405568480491638 0 267 474 374
person 0.0015426874160766602 0 112 58 322
person 0.8875916004180908 304 105 473 373
diningtable 0.003185272216796875 0 270 491 417
person 0.004468142986297607 12 117 351 352
person 0.9216424822807312 66 120 210 286
person 0.8987698554992676 206 118 325 310
tvmonitor 0.04256337881088257 189 106 316 188
bottle 0.010571062564849854 42 209 59 272
person 0.001964658498764038 0 145 11 338
bottle 0.01164129376411438 493 280 499 368
person 0.0018033087253570557 0 145 15 352
person 0.003809899091720581 0 151 10 307
person 0.0010988116264343262 0 185 44 298
chair 0.11397653818130493 41 207 86 279
chair 0.0017684698104858398 47 207 122 281
bottle 0.0022431910037994385 475 260 498 334
bottle 0.0030162930488586426 479 255 499 365
bottle 0.014009058475494385 492 255 499 367
