sofa 0.003884732723236084 281 145 499 251
sofa 0.001972287893295288 232 147 499 314
sofa 0.9319590330123901 3 106 501 371
person 0.0031724870204925537 377 133 463 169
chair 0.003650069236755371 486 140 499 175
person 0.011287689208984375 248 131 472 205
person 0.001972287893295288 399 131 477 212
chair 0.006003767251968384 482 135 499 225
person 0.0022519826889038086 240 137 420 209
sofa 0.0014215409755706787 361 134 499 243
chair 0.0023782849311828613 393 145 499 240
person 0.001477956771850586 204 106 460 191
chair 0.0021488964557647705 248 108 435 177
person 0.0010004639625549316 252 117 461 178
person 0.00257071852684021 273 130 461 177
person 0.0020425915718078613 309 132 458 173
person 0.003650069236755371 390 132 459 188
person 0.0038396716117858887 417 131 461 194
person 0.001040339469909668 460 104 499 364
chair 0.0017547309398651123 433 149 499 334
person 0.0014215409755706787 404 132 466 200
person 0.07640942931175232 404 131 458 169
person 0.0012842416763305664 304 142 396 209
chair 0.0018388032913208008 416 152 499 249
chair 0.0024921000003814697 429 150 499 275
person 0.3065270483493805 279 127 493 228
