pottedplant 0.0010526180267333984 146 150 244 302
pottedplant 0.0030280649662017822 341 9 449 301
pottedplant 0.0034832358360290527 0 18 32 323
pottedplant 0.08093324303627014 2 59 124 243
pottedplant 0.2114170789718628 2 -3 183 254
pottedplant 0.7786496877670288 126 42 253 303
pottedplant 0.8278263807296753 246 66 369 293
pottedplant 0.015013545751571655 0 22 124 327
car 0.5341268181800842 0 239 139 337
diningtable 0.014727562665939331 6 242 450 335
pottedplant 0.8679343461990356 323 163 444 299
pottedplant 0.0022170841693878174 408 139 449 299
pottedplant 0.013585120439529419 2 131 128 323
pottedplant 0.0028561055660247803 48 68 267 303
person 0.0026212334632873535 0 97 133 336
pottedplant 0.002912372350692749 406 159 449 337
pottedplant 0.0034027397632598877 151 38 249 236
pottedplant 0.0024628937244415283 430 133 449 247
pottedplant 0.029089927673339844 318 66 371 257
pottedplant 0.003510504961013794 374 166 448 292
pottedplant 0.0031724870204925537 391 182 449 292
pottedplant 0.0035935938358306885 0 41 37 251
pottedplant 0.004331141710281372 427 190 449 319
person 0.0011292099952697754 0 222 16 333
tvmonitor 0.0012742578983306885 0 276 17 334
pottedplant 0.1347770094871521 240 50 286 276
pottedplant 0.007065832614898682 323 189 403 299
pottedplant 0.0411514937877655 173 45 285 296
pottedplant 0.03846472501754761 216 48 285 294
chair 0.014955878257751465 399 212 449 337
chair 0.021782606840133667 429 211 449 337
pottedplant 0.010571062564849854 6 0 284 289
tvmonitor 0.003147989511489868 0 239 105 337
pottedplant 0.08787891268730164 294 67 370 274
chair 0.0015010833740234375 -2 239 132 337
person 0.0011879205703735352 0 166 14 335
pottedplant 0.0016613304615020752 389 192 434 283
pottedplant 0.005468875169754028 426 180 449 289
pottedplant 0.0012792348861694336 398 169 435 279
pottedplant 0.007176309823989868 414 193 450 261
pottedplant 0.006850332021713257 106 48 179 230
pottedplant 0.004538297653198242 411 160 449 268
pottedplant 0.004755467176437378 425 152 449 278
tvmonitor 0.025370389223098755 0 290 56 339
bottle 0.005619615316390991 435 206 449 342
car 0.0011074244976043701 0 281 104 337
pottedplant 0.0013724565505981445 442 139 450 248
pottedplant 0.03934001922607422 179 61 257 282
pottedplant 0.0011424720287322998 246 63 302 291
pottedplant 0.0022873878479003906 0 55 22 253
tvmonitor 0.006003767251968384 0 277 105 337
chair 0.002453356981277466 0 282 111 337
chair 0.0035518109798431396 0 268 130 337
pottedplant 0.004231303930282593 413 111 449 281
pottedplant 0.0016874969005584717 0 80 12 258
pottedplant 0.08479490876197815 21 124 120 242
