motorbike 0.9284056425094604 294 204 476 315
motorbike 0.6893061399459839 51 188 209 305
chair 0.0020505785942077637 7 16 45 72
dog 0.0011971890926361084 39 180 68 219
horse 0.002641737461090088 40 179 70 218
person 0.001264333724975586 73 179 126 228
bicycle 0.0020991265773773193 124 191 158 213
person 0.007725805044174194 56 161 73 195
person 0.004848897457122803 73 162 90 197
person 0.00593411922454834 88 162 103 188
car 0.0023506581783294678 182 159 206 179
pottedplant 0.0012692809104919434 5 199 25 216
bicycle 0.001020193099975586 135 192 158 212
car 0.0015189051628112793 435 201 499 279
person 0.001388639211654663 244 182 264 255
car 0.001972287893295288 469 199 499 281
person 0.8333238959312439 243 180 294 336
motorbike 0.009821981191635132 294 206 381 306
person 0.0021657347679138184 110 171 132 194
person 0.0012065470218658447 84 176 130 209
bicycle 0.002415567636489868 121 182 159 219
motorbike 0.008846968412399292 294 242 340 306
person 0.6566590666770935 87 161 109 199
person 0.0012447535991668701 120 180 131 194
person 0.003272920846939087 319 205 384 244
person 0.6825742125511169 158 160 174 195
person 0.5389832854270935 194 160 208 196
person 0.766291081905365 56 160 73 217
person 0.7969253063201904 71 161 90 216
bicycle 0.0010162293910980225 120 180 153 200
person 0.0347515344619751 322 205 359 254
person 0.0023875534534454346 248 180 263 202
person 0.009633511304855347 283 179 300 206
person 0.8940523266792297 200 179 245 319
person 0.0024628937244415283 310 205 376 305
person 0.0024724602699279785 39 180 69 217
bottle 0.0018103718757629395 46 16 77 75
person 0.004086285829544067 307 171 323 186
person 0.08035394549369812 312 171 322 186
person 0.035680413246154785 324 205 357 231
car 0.18242335319519043 403 174 436 192
person 0.0021657347679138184 1 180 67 218
motorbike 0.0011513829231262207 74 183 153 221
motorbike 0.0022344589233398438 1 181 65 220
motorbike 0.0069841742515563965 295 196 360 218
motorbike 0.009303301572799683 293 197 364 226
person 0.004468142986297607 302 199 369 228
motorbike 0.0011160969734191895 1 180 68 259
