car 0.8783152103424072 149 138 303 236
bus 0.0012842416763305664 0 -1 26 36
person 0.028115570545196533 124 0 148 28
person 0.0034027397632598877 141 -1 155 28
car 0.25534260272979736 48 4 80 42
car 0.8832350969314575 436 59 499 111
car 0.049402832984924316 231 46 280 81
car 0.740175724029541 151 84 238 146
car 0.0063148438930511475 263 44 305 79
car 0.10894683003425598 438 78 499 110
person 0.024235934019088745 124 0 138 29
car 0.0017275214195251465 446 43 498 71
car 0.7826625108718872 475 18 499 44
car 0.8962537050247192 293 70 365 125
car 0.0017207860946655273 427 49 496 84
car 0.007636308670043945 464 56 499 81
car 0.017243891954421997 359 85 388 111
motorbike 0.019869893789291382 48 5 83 43
car 0.0010362863540649414 265 28 309 44
car 0.02315419912338257 483 48 499 76
car 0.004645615816116333 109 64 173 88
car 0.0017753839492797852 229 51 247 83
car 0.0035518109798431396 230 50 254 81
car 0.0016039609909057617 299 71 363 98
car 0.006169408559799194 323 72 364 108
car 0.901229977607727 103 63 179 112
car 0.0028228759765625 338 71 368 116
car 0.022543251514434814 480 58 499 88
car 0.02169954776763916 491 58 499 90
car 0.8879808187484741 234 48 298 94
car 0.004399091005325317 263 27 338 87
car 0.0168512761592865 47 0 79 33
person 0.002501755952835083 50 0 81 32
car 0.8933094143867493 327 59 389 111
car 0.001972287893295288 89 0 118 27
car 0.0011248290538787842 473 20 497 58
car 0.3849121034145355 475 17 499 72
car 0.007316946983337402 316 71 364 120
car 0.12210246920585632 65 0 119 27
car 0.005511492490768433 153 105 224 154
bus 0.04418569803237915 186 -1 233 21
car 0.8568100929260254 306 11 355 44
person 0.004830062389373779 234 162 251 179
car 0.34864580631256104 229 32 296 80
car 0.10894683003425598 235 30 317 75
car 0.6619234681129456 265 28 316 71
car 0.8539129495620728 426 42 487 89
car 0.001178741455078125 469 42 492 62
car 0.0022963285446166992 297 65 371 90
car 0.008000344038009644 154 129 268 223
car 0.010328888893127441 186 0 200 13
car 0.1766728162765503 437 59 498 95
car 0.3157352805137634 156 129 266 178
car 0.008950114250183105 480 60 499 102
car 0.010652929544448853 491 60 500 104
car 0.05665522813796997 27 0 72 28
car 0.9263019561767578 338 117 441 194
car 0.001674354076385498 436 38 499 102
car 0.0016102492809295654 237 33 297 55
car 0.1298416554927826 474 37 500 97
car 0.001560807228088379 260 32 304 56
car 0.5525398850440979 28 0 119 28
car 0.24653419852256775 167 -1 188 12
car 0.007431507110595703 186 0 202 17
car 0.009784013032913208 186 0 208 20
car 0.2018132209777832 186 0 232 21
car 0.7786496877670288 394 -1 437 28
bus 0.001714080572128296 0 0 28 65
