pottedplant 0.0016874969005584717 76 403 332 499
pottedplant 0.012772411108016968 178 407 333 499
person 0.4687906503677368 218 302 237 339
person 0.36477720737457275 152 294 165 329
person 0.2658802270889282 80 283 94 313
person 0.7505526542663574 192 299 210 336
bicycle 0.023778796195983887 217 304 237 339
pottedplant 0.039785295724868774 42 414 175 499
bicycle 0.0010902583599090576 192 312 209 337
pottedplant 0.0012544989585876465 0 456 65 499
person 0.29910558462142944 101 287 115 316
person 0.44360047578811646 132 289 147 322
person 0.22000685334205627 170 296 185 329
