boat 0.035949915647506714 346 112 499 222
aeroplane 0.0012159943580627441 0 100 266 239
person 0.001674354076385498 356 164 369 196
car 0.27982860803604126 415 168 433 181
person 0.002969682216644287 180 130 206 163
person 0.0014215409755706787 0 166 4 195
bus 0.003899872303009033 0 172 36 187
bus 0.002453356981277466 0 172 57 186
person 0.0018676519393920898 164 130 213 164
person 0.0030874907970428467 0 173 4 202
person 0.008380681276321411 176 130 221 174
boat 0.04336750507354736 421 123 499 179
aeroplane 0.001040339469909668 0 129 39 190
aeroplane 0.00257071852684021 0 126 60 188
aeroplane 0.0076958537101745605 0 147 102 188
aeroplane 0.0012112557888031006 38 125 118 185
person 0.0017410516738891602 411 214 424 231
boat 0.03832080960273743 353 111 499 193
boat 0.03846472501754761 402 111 499 185
aeroplane 0.00564149022102356 0 98 67 194
aeroplane 0.007345408201217651 0 98 96 192
aeroplane 0.8572884798049927 100 93 490 241
aeroplane 0.0012065470218658447 0 102 32 190
aeroplane 0.0010526180267333984 0 47 76 191
boat 0.0011694133281707764 345 72 499 200
boat 0.0069571733474731445 372 63 500 185
boat 0.006513714790344238 417 36 499 182
boat 0.007011294364929199 451 128 500 179
horse 0.00391504168510437 0 174 4 203
person 0.003416001796722412 184 147 255 242
person 0.0017684698104858398 168 158 222 247
person 0.035546332597732544 207 196 235 236
person 0.006589770317077637 214 140 270 237
person 0.9105420708656311 445 148 485 259
person 0.004468142986297607 179 147 222 173
person 0.0019266009330749512 192 150 239 178
aeroplane 0.0010043680667877197 0 161 5 185
aeroplane 0.0018676519393920898 0 161 21 186
person 0.001560807228088379 190 148 247 184
car 0.14903616905212402 317 164 345 179
car 0.0015130341053009033 316 163 371 179
person 0.0023324191570281982 353 163 370 189
person 0.9032941460609436 168 159 206 251
person 0.19436731934547424 207 146 236 236
person 0.8128677606582642 338 163 371 247
person 0.14608708024024963 211 167 236 236
person 0.4804786145687103 243 175 271 236
person 0.0607527494430542 114 191 155 240
car 0.09602698683738708 417 159 458 180
car 0.004231303930282593 4 171 55 186
car 0.003298431634902954 38 164 100 186
aeroplane 0.0016483962535858154 0 162 57 187
aeroplane 0.0099753737449646 0 163 101 188
aeroplane 0.003930270671844482 35 160 101 186
aeroplane 0.0018388032913208008 36 141 114 186
aeroplane 0.0022696256637573242 58 102 178 219
aeroplane 0.0016419589519500732 96 102 205 203
person 0.001178741455078125 166 138 211 248
person 0.00941208004951477 138 131 237 239
person 0.02333083748817444 194 143 268 235
person 0.014062851667404175 100 129 249 238
car 0.003123670816421509 435 141 498 184
boat 0.0010004639625549316 347 108 444 228
car 0.01596766710281372 416 154 481 182
person 0.013637453317642212 169 147 237 242
person 0.028870850801467896 240 140 272 236
boat 0.0022785067558288574 424 199 450 209
person 0.0022785067558288574 445 149 467 258
car 0.0016355812549591064 447 145 499 176
person 0.004297584295272827 192 149 222 174
person 0.005099952220916748 204 184 235 236
horse 0.0016165375709533691 0 162 4 222
aeroplane 0.0028339028358459473 317 161 345 179
aeroplane 0.0011513829231262207 311 158 375 179
boat 0.0026212334632873535 456 146 499 178
