cow 0.006339401006698608 423 120 499 236
cow 0.00517958402633667 422 121 499 310
cow 0.001264333724975586 133 130 153 204
person 0.001674354076385498 209 106 275 225
person 0.04995569586753845 230 83 275 225
cow 0.0050605833530426025 235 113 278 224
cow 0.0021657347679138184 424 130 459 181
cow 0.20561525225639343 423 124 499 182
cow 0.006364047527313232 466 124 499 175
person 0.7041603326797485 237 82 273 142
person 0.0012544989585876465 124 83 180 197
person 0.006003767251968384 212 94 298 228
person 0.6076631546020508 123 82 160 187
person 0.0011741816997528076 213 82 273 214
person 0.1699577271938324 237 83 274 201
cow 0.0015977323055267334 118 121 139 180
cow 0.16291150450706482 269 131 299 226
cow 0.8519556522369385 50 131 124 171
cow 0.029536426067352295 466 126 499 153
person 0.03067392110824585 126 83 160 132
cow 0.0016940832138061523 489 115 499 203
cow 0.0018245279788970947 50 131 81 169
cat 0.008677929639816284 424 130 451 182
cow 0.0025115013122558594 475 118 499 280
cow 0.409220814704895 120 120 159 204
cow 0.03462067246437073 119 119 143 191
cow 0.8757897019386292 207 129 298 229
cow 0.9130566120147705 144 127 192 224
car 0.006719321012496948 315 135 372 162
cow 0.034360289573669434 236 128 299 223
dog 0.01704654097557068 424 130 451 182
cow 0.006027162075042725 471 122 499 202
horse 0.001524806022644043 424 125 499 190
person 0.07863974571228027 126 83 159 156
