pottedplant 0.00955912470817566 0 161 5 218
pottedplant 0.0018749535083770752 0 159 15 219
pottedplant 0.005819797515869141 150 175 168 196
boat 0.0013724565505981445 1 73 425 231
train 0.008511096239089966 0 87 421 231
pottedplant 0.001714080572128296 264 214 284 230
pottedplant 0.04535484313964844 290 211 309 238
pottedplant 0.30735790729522705 164 167 201 197
pottedplant 0.018334269523620605 244 215 275 234
pottedplant 0.0015487074851989746 0 163 9 229
pottedplant 0.20817920565605164 260 215 276 234
pottedplant 0.001367121934890747 439 197 458 218
pottedplant 0.0015853047370910645 452 203 471 218
pottedplant 0.0011292099952697754 4 191 20 223
pottedplant 0.035949915647506714 9 203 29 222
pottedplant 0.0026623904705047607 108 188 133 219
pottedplant 0.007288604974746704 167 208 187 230
pottedplant 0.00394555926322937 261 201 272 234
pottedplant 0.008413106203079224 0 155 47 201
pottedplant 0.057920247316360474 156 167 201 231
car 0.003607630729675293 37 191 56 207
bus 0.0034832358360290527 316 136 422 225
pottedplant 0.012146621942520142 166 166 191 232
pottedplant 0.003635883331298828 437 195 453 217
pottedplant 0.004118025302886963 0 174 5 224
pottedplant 0.0029237568378448486 0 180 13 216
pottedplant 0.006850332021713257 167 198 188 231
