car 0.0011558830738067627 307 114 499 336
tvmonitor 0.040997445583343506 397 114 499 268
car 0.9588484764099121 112 140 275 241
person 0.0015977323055267334 12 0 38 27
car 0.0016355812549591064 103 71 127 110
car 0.0010988116264343262 94 70 109 89
person 0.04778146743774414 194 159 211 177
person 0.4035666584968567 103 72 119 110
person 0.1801062822341919 69 57 81 86
car 0.0062660276889801025 102 73 119 93
person 0.019418001174926758 100 72 120 95
boat 0.001432657241821289 9 80 200 144
car 0.0360853374004364 398 114 499 263
car 0.0016613304615020752 402 116 500 214
car 0.0907389223575592 96 60 145 81
person 0.17050957679748535 64 56 77 86
car 0.6095243096351624 94 61 153 95
car 0.0021573007106781006 94 67 137 90
