chair 0.0012207329273223877 424 134 499 331
person 0.013274848461151123 394 63 499 331
person 0.002199828624725342 185 95 277 331
chair 0.0015307366847991943 347 82 499 331
diningtable 0.0032476186752319336 348 107 499 331
chair 0.0021573007106781006 444 96 499 330
person 0.871914267539978 127 78 219 331
person 0.46684539318084717 335 50 447 330
person 0.8146435618400574 189 27 437 330
person 0.752739667892456 28 51 152 330
person 0.0016678273677825928 493 97 500 218
person 0.001225501298904419 470 64 499 192
person 0.001388639211654663 491 104 499 238
person 0.004963308572769165 491 56 500 201
person 0.7201713919639587 442 70 499 188
person 0.0012742578983306885 47 52 132 209
person 0.002359837293624878 148 79 213 158
person 0.0022607743740081787 334 51 402 144
person 0.1592157781124115 150 86 180 125
person 0.0020505785942077637 339 52 435 188
person 0.0010485053062438965 119 31 427 275
person 0.016916126012802124 129 84 180 233
person 0.002140522003173828 361 109 436 334
tvmonitor 0.0027148425579071045 452 140 499 329
person 0.0017007291316986084 123 43 318 320
person 0.34510475397109985 442 70 499 318
person 0.0015977323055267334 489 109 499 254
person 0.0010004639625549316 366 144 426 256
diningtable 0.0010083019733428955 447 82 499 321
bottle 0.002341538667678833 485 158 499 307
pottedplant 0.0012447535991668701 144 111 218 206
bottle 0.0010860264301300049 486 163 499 239
bottle 0.001146942377090454 491 175 499 237
person 0.007288604974746704 136 83 204 193
person 0.0010650157928466797 335 51 411 181
pottedplant 0.010368883609771729 160 146 213 198
person 0.0024724602699279785 102 138 125 180
person 0.003123670816421509 102 136 125 201
pottedplant 0.004792630672454834 167 154 207 198
person 0.0010322332382202148 369 134 458 280
person 0.001432657241821289 134 93 191 173
person 0.0010241866111755371 426 111 500 228
person 0.016029298305511475 475 31 499 332
person 0.0023506581783294678 494 84 500 187
pottedplant 0.0028339028358459473 1 142 48 191
bottle 0.004022836685180664 490 157 500 313
person 0.16451644897460938 127 79 220 229
person 0.053999513387680054 143 85 179 146
person 0.5097644925117493 229 113 250 135
person 0.0012018680572509766 132 82 219 149
