person 0.018264353275299072 0 37 116 206
sofa 0.009784013032913208 0 70 113 215
sofa 0.3720477223396301 0 65 221 237
sofa 0.007518589496612549 96 129 222 220
chair 0.003496825695037842 470 87 499 235
sofa 0.004905790090560913 0 79 145 234
chair 0.0010733604431152344 432 146 499 235
chair 0.0060506463050842285 447 132 499 236
sofa 0.02948075532913208 1 163 222 236
car 0.01292121410369873 11 83 29 101
chair 0.001957029104232788 29 84 51 103
pottedplant 0.00834837555885315 193 76 214 173
person 0.004331141710281372 0 34 31 134
tvmonitor 0.8976983428001404 356 62 455 144
person 0.03032785654067993 0 6 25 195
person 0.00952214002609253 0 22 33 156
chair 0.0013044774532318115 490 112 499 234
bottle 0.0012544989585876465 446 130 460 147
chair 0.0010817945003509521 491 138 500 239
person 0.009860128164291382 0 11 39 202
person 0.01013106107711792 0 16 70 203
person 0.039785295724868774 0 18 173 207
person 0.001674354076385498 110 124 166 169
chair 0.015013545751571655 22 83 54 132
person 0.002115577459335327 38 123 187 209
person 0.0010241866111755371 0 48 27 112
chair 0.005119770765304565 25 84 52 111
chair 0.015364378690719604 0 78 119 210
person 0.18184199929237366 111 126 223 209
chair 0.03760969638824463 11 83 29 101
car 0.0023782849311828613 29 84 51 102
person 0.0013724565505981445 0 47 13 108
person 0.0010775625705718994 0 58 27 102
person 0.0013995170593261719 0 83 138 202
sofa 0.018976598978042603 31 120 165 170
person 0.0026008784770965576 45 122 165 171
person 0.003650069236755371 111 124 173 189
diningtable 0.001040339469909668 27 116 160 169
pottedplant 0.0033501386642456055 188 52 214 171
tvmonitor 0.0012447535991668701 225 101 282 147
tvmonitor 0.0012544989585876465 263 96 292 146
