person 0.002631455659866333 0 -1 107 317
person 0.0022084414958953857 0 98 132 329
person 0.09434303641319275 0 29 488 331
person 0.0011694133281707764 0 91 207 330
person 0.031141668558120728 0 -33 31 248
dog 0.007260352373123169 0 137 118 289
person 0.03308582305908203 0 -1 496 262
person 0.03222090005874634 0 0 32 317
sofa 0.05770769715309143 0 0 440 339
person 0.0011031031608581543 0 -2 175 298
dog 0.7981867790222168 3 71 487 256
dog 0.0012207329273223877 0 122 46 355
dog 0.004681944847106934 0 128 79 350
cat 0.0022519826889038086 463 100 497 256
person 0.0012302696704864502 0 56 32 173
