car 0.925230085849762 143 83 344 366
chair 0.0031724870204925537 -94 11 -8 494
pottedplant 0.003809899091720581 -93 5 -4 497
person 0.008915573358535767 0 0 105 79
person 0.0013940632343292236 185 0 226 52
bicycle 0.001040339469909668 150 0 256 130
car 0.0034696757793426514 16 71 260 235
pottedplant 0.0015366971492767334 149 0 254 142
boat 0.0010444223880767822 214 484 344 500
boat 0.0010485053062438965 254 486 344 500
car 0.42632174491882324 24 99 157 256
chair 0.002323359251022339 0 0 161 149
car 0.0026520490646362305 123 0 256 147
motorbike 0.0020267367362976074 252 52 292 81
motorbike 0.0015729963779449463 252 53 313 83
car 0.010014057159423828 17 76 346 377
car 0.00438198447227478 0 0 179 150
car 0.010328888893127441 8 1 259 150
car 0.0031115710735321045 4 15 255 196
car 0.009784013032913208 12 64 257 154
person 0.0022696256637573242 123 2 194 73
person 0.001432657241821289 181 2 216 69
pottedplant 0.002641737461090088 1 39 67 162
pottedplant 0.0020425915718078613 0 36 106 162
person 0.0010902583599090576 252 42 293 76
motorbike 0.0015729963779449463 97 0 156 66
pottedplant 0.0010485053062438965 98 55 156 119
car 0.0013147294521331787 2 59 163 142
car 0.0025508105754852295 90 61 253 151
car 0.0026727914810180664 149 62 255 149
car 0.0022696256637573242 313 486 345 499
