car 0.0011248290538787842 0 120 95 264
person 0.010328888893127441 0 111 95 272
car 0.0017007291316986084 2 137 495 296
bus 0.002018868923187256 0 139 490 296
person 0.0012018680572509766 0 159 94 288
aeroplane 0.007065832614898682 1 140 498 298
car 0.021949589252471924 409 168 476 196
car 0.0024824440479278564 116 128 165 149
car 0.013122200965881348 475 172 500 202
person 0.007120847702026367 0 161 9 294
person 0.006615281105041504 0 193 56 290
bus 0.0014215409755706787 0 128 96 170
bus 0.007093280553817749 0 127 96 208
person 0.0017893016338348389 0 197 36 290
person 0.5156199336051941 30 220 61 289
person 0.001178741455078125 487 172 500 241
car 0.1699577271938324 475 167 499 231
car 0.001432657241821289 463 178 499 213
person 0.003884732723236084 3 219 62 289
person 0.0017410516738891602 0 178 10 275
person 0.0011424720287322998 0 212 9 302
person 0.7718420028686523 196 126 233 176
car 0.0028784871101379395 0 157 6 202
car 0.0013995170593261719 486 174 500 239
person 0.003510504961013794 0 236 9 269
motorbike 0.001040339469909668 179 146 237 185
car 0.8991247415542603 384 180 499 239
person 0.00257071852684021 0 136 11 277
person 0.0012399256229400635 0 154 56 279
car 0.0017615854740142822 133 128 165 142
car 0.0014215409755706787 476 137 499 221
car 0.002693742513656616 408 161 500 228
motorbike 0.8407841920852661 178 147 242 196
car 0.0011160969734191895 409 181 481 216
car 0.0012350976467132568 406 179 500 217
