person 0.0018103718757629395 164 225 318 499
person 0.6160122752189636 164 59 362 498
pottedplant 0.0045206546783447266 380 74 445 464
chair 0.0017410516738891602 0 481 108 500
tvmonitor 0.0010362863540649414 3 0 377 409
bird 0.27982860803604126 165 56 363 504
person 0.002725452184677124 10 204 59 264
person 0.002018868923187256 12 171 53 251
chair 0.003621727228164673 5 350 150 500
person 0.0035935938358306885 5 484 113 500
person 0.001904308795928955 39 484 101 500
person 0.03846472501754761 6 200 63 322
person 0.13341552019119263 85 237 130 327
person 0.020022839307785034 86 243 117 325
person 0.0024724602699279785 17 483 98 499
person 0.0015487074851989746 52 483 109 499
