train 0.004609555006027222 39 129 390 374
train 0.0038546323776245117 0 86 68 321
train 0.0015130341053009033 32 303 453 533
person 0.0031358301639556885 482 177 497 206
person 0.0022785067558288574 494 181 499 208
person 0.0024724602699279785 481 175 499 221
person 0.003160238265991211 494 181 499 221
person 0.0016102492809295654 124 157 135 175
person 0.003650069236755371 129 158 139 174
person 0.0015130341053009033 225 163 236 188
train 0.13028386235237122 0 121 47 216
train 0.12463575601577759 0 111 46 293
train 0.577495276927948 0 122 164 293
person 0.0030516982078552246 471 174 498 230
person 0.003809899091720581 478 172 499 240
train 0.07396480441093445 46 141 161 220
person 0.0062660276889801025 494 175 500 250
person 0.0016874969005584717 448 164 460 187
person 0.002115577459335327 127 156 139 189
train 0.0010322332382202148 164 164 177 183
train 0.004811316728591919 171 159 193 179
person 0.0012943148612976074 241 172 249 189
bus 0.025370389223098755 259 177 272 192
pottedplant 0.01949256658554077 225 291 244 327
car 0.013955414295196533 43 186 63 196
train 0.0029812753200531006 258 177 272 193
person 0.0016355812549591064 471 171 482 222
person 0.0011694133281707764 238 169 244 189
person 0.0018676519393920898 241 169 248 189
person 0.002935171127319336 358 157 371 181
person 0.001028209924697876 451 165 463 187
person 0.0016874969005584717 471 171 481 187
car 0.001388639211654663 492 173 499 192
person 0.001225501298904419 481 177 492 200
car 0.002453356981277466 493 176 499 204
train 0.0011248290538787842 0 126 107 283
pottedplant 0.04418569803237915 396 316 439 354
train 0.0020991265773773193 0 125 76 276
boat 0.005426615476608276 246 348 420 373
bus 0.05921009182929993 246 346 424 374
person 0.07892298698425293 226 172 234 189
person 0.022543251514434814 239 173 246 188
car 0.0021742284297943115 259 177 272 191
person 0.0028897523880004883 474 169 500 267
person 0.005554467439651489 493 164 500 276
person 0.001714080572128296 492 154 500 290
