chair 0.13028386235237122 179 118 498 373
sofa 0.0017684698104858398 67 177 479 371
person 0.8638498783111572 183 68 479 363
chair 0.0016874969005584717 0 115 152 326
person 0.9187756180763245 0 58 220 314
person 0.08479490876197815 19 69 344 304
person 0.3548809587955475 140 69 343 303
chair 0.011072665452957153 381 110 499 368
chair 0.013480961322784424 469 102 499 372
tvmonitor 0.0019343793392181396 0 48 44 221
tvmonitor 0.016786664724349976 0 55 20 223
chair 0.0033112764358520508 219 70 346 261
bottle 0.003389507532119751 0 164 25 344
bottle 0.036631643772125244 0 240 26 314
bottle 0.0015977323055267334 0 173 10 313
chair 0.0019419193267822266 0 58 20 291
diningtable 0.005980461835861206 475 242 499 373
chair 0.007120847702026367 0 69 216 260
sofa 0.542863130569458 0 72 482 356
chair 0.002011030912399292 0 97 134 274
sofa 0.04023560881614685 4 66 227 315
sofa 0.3345893621444702 0 70 402 308
sofa 0.11201918125152588 139 70 361 307
person 0.001012265682220459 0 114 25 349
diningtable 0.00874510407447815 475 188 499 374
bottle 0.001554727554321289 0 199 10 299
bottle 0.001146942377090454 0 235 9 285
person 0.004573792219161987 0 50 21 245
person 0.0021073520183563232 469 148 499 289
person 0.02898019552230835 462 74 499 357
car 0.014336913824081421 472 55 499 90
bottle 0.010652929544448853 61 105 74 132
car 0.0011648833751678467 469 39 499 91
car 0.0019876956939697266 475 24 500 92
chair 0.003389507532119751 475 251 499 374
bottle 0.0011160969734191895 0 238 10 303
person 0.0015366971492767334 485 139 500 282
