tvmonitor 0.6636692881584167 2 243 361 374
tvmonitor 0.16776436567306519 354 243 499 373
tvmonitor 0.0017684698104858398 76 243 497 373
tvmonitor 0.45616763830184937 316 93 494 239
tvmonitor 0.004231303930282593 1 243 412 566
tvmonitor 0.7310574054718018 152 111 302 244
tvmonitor 0.004264324903488159 322 136 499 374
tvmonitor 0.036357581615448 0 112 482 374
tvmonitor 0.3830642104148865 2 129 140 251
tvmonitor 0.2909804582595825 23 65 497 242
tvmonitor 0.003991752862930298 55 64 496 152
tvmonitor 0.001012265682220459 207 65 499 206
tvmonitor 0.011374980211257935 17 0 397 140
tvmonitor 0.0011031031608581543 135 128 156 240
