tvmonitor 0.09467661380767822 0 59 44 164
boat 0.0015729963779449463 457 42 500 68
car 0.021452128887176514 464 42 499 67
person 0.0032476186752319336 491 42 499 66
tvmonitor 0.05184340476989746 0 199 28 293
bicycle 0.806853175163269 316 268 383 311
tvmonitor 0.0016228556632995605 348 89 383 124
bicycle 0.8233271837234497 0 273 46 317
bicycle 0.0016419589519500732 355 268 385 308
pottedplant 0.002003192901611328 487 280 499 306
bicycle 0.006241738796234131 0 273 8 317
tvmonitor 0.005911082029342651 0 198 35 317
pottedplant 0.6001884341239929 151 227 186 268
bicycle 0.0011424720287322998 365 272 387 308
bicycle 0.008812874555587769 311 269 351 311
person 0.0026110410690307617 494 40 499 73
tvmonitor 0.0018822550773620605 0 86 14 160
person 0.0023782849311828613 469 43 500 66
car 0.007969379425048828 482 42 499 66
tvmonitor 0.002115577459335327 0 82 20 162
tvmonitor 0.00831615924835205 0 86 7 159
tvmonitor 0.0027042627334594727 0 82 35 159
