car 0.005797207355499268 74 233 377 372
car 0.2501792311668396 230 233 377 372
boat 0.0016483962535858154 58 145 383 372
boat 0.32167258858680725 45 19 443 360
train 0.08151650428771973 46 8 476 368
boat 0.1699577271938324 0 124 87 354
boat 0.006640911102294922 40 98 256 355
boat 0.10302171111106873 320 8 499 369
person 0.0016483962535858154 92 34 115 68
person 0.02396056056022644 196 8 225 70
person 0.003123670816421509 88 40 99 72
person 0.014727562665939331 91 40 105 71
person 0.010014057159423828 92 39 111 71
person 0.003780364990234375 92 31 122 71
person 0.0034696757793426514 81 116 100 135
boat 0.001904308795928955 340 99 501 226
person 0.15405568480491638 55 51 72 101
car 0.011374980211257935 0 136 52 274
car 0.059427469968795776 0 136 86 241
bicycle 0.003780364990234375 0 176 44 257
person 0.0026008784770965576 86 41 102 76
boat 0.00443345308303833 248 19 343 175
bicycle 0.0012792348861694336 149 80 201 129
bicycle 0.003285646438598633 81 116 112 137
person 0.0012943148612976074 98 37 125 70
boat 0.001111745834350586 150 80 202 129
boat 0.002867281436920166 195 2 499 350
person 0.005819797515869141 81 116 100 142
bicycle 0.008812874555587769 81 116 115 145
car 0.4639297127723694 0 134 86 347
bicycle 0.010170340538024902 80 116 127 141
person 0.004102110862731934 81 117 112 160
boat 0.0014215409755706787 0 2 388 277
car 0.05320581793785095 0 136 56 200
car 0.0653633177280426 0 136 83 207
boat 0.0038546323776245117 180 4 500 246
bird 0.0010043680667877197 0 317 12 361
boat 0.1666761040687561 234 233 369 373
person 0.0012112557888031006 55 60 68 100
person 0.004450768232345581 96 50 115 122
person 0.08418995141983032 103 53 130 122
boat 0.04485040903091431 371 236 469 357
person 0.0018969178199768066 88 41 109 77
bicycle 0.014898449182510376 81 116 124 161
boat 0.005957245826721191 431 140 499 361
boat 0.0021827220916748047 473 130 499 362
car 0.002140522003173828 0 163 22 199
car 0.0012159943580627441 0 132 42 174
motorbike 0.17553958296775818 81 122 118 166
person 0.0010241866111755371 104 50 123 72
boat 0.002501755952835083 0 138 87 291
train 0.006003767251968384 0 141 87 277
car 0.0010162293910980225 0 126 43 146
motorbike 0.0012447535991668701 81 117 102 162
person 0.008511096239089966 86 42 110 109
bicycle 0.0653633177280426 82 128 119 165
pottedplant 0.0022873878479003906 0 317 84 374
pottedplant 0.0018174350261688232 0 262 85 374
bird 0.0010860264301300049 0 317 25 372
boat 0.02479657530784607 0 128 42 313
car 0.015784263610839844 0 133 42 309
person 0.05521073937416077 194 7 226 97
