train 0.07396480441093445 424 124 499 275
train 0.02655753493309021 469 33 500 291
train 0.8519556522369385 113 109 445 260
train 0.0396362841129303 431 72 499 273
person 0.1097080409526825 193 136 207 152
person 0.006364047527313232 485 172 499 189
person 0.03359013795852661 28 171 40 201
person 0.0024344027042388916 489 171 499 188
person 0.00106087327003479 161 176 174 192
person 0.004924893379211426 477 172 499 191
person 0.0023690462112426758 444 202 457 225
person 0.011596441268920898 462 205 474 224
person 0.00952214002609253 464 206 477 225
person 0.0015010833740234375 470 208 479 226
person 0.007402688264846802 456 198 466 222
person 0.009633511304855347 461 201 470 223
person 0.02169954776763916 29 189 38 201
person 0.07450070977210999 246 136 262 158
person 0.1592157781124115 246 134 284 165
person 0.0035935938358306885 256 131 282 184
person 0.00276830792427063 261 133 286 178
train 0.06779336929321289 477 158 499 271
person 0.022629231214523315 440 202 449 223
person 0.008915573358535767 459 198 467 221
person 0.001040339469909668 437 184 455 227
person 0.001466512680053711 445 187 467 220
person 0.008380681276321411 258 139 290 169
train 0.0011248290538787842 436 184 474 223
person 0.0010988116264343262 477 170 499 233
person 0.021452128887176514 247 117 287 172
