bicycle 0.5195213556289673 21 205 123 319
motorbike 0.6433284282684326 23 205 123 320
bicycle 0.0015010833740234375 11 142 56 287
person 0.8227584362030029 232 144 306 359
motorbike 0.8311417698860168 206 226 310 373
boat 0.014898449182510376 8 144 43 181
bicycle 0.024608224630355835 8 144 43 182
bicycle 0.0029928982257843018 6 144 48 224
bird 0.0021321773529052734 8 145 44 180
pottedplant 0.004963308572769165 0 189 10 267
boat 0.021534323692321777 20 144 43 164
bicycle 0.01764485239982605 20 144 43 165
pottedplant 0.0012544989585876465 0 205 5 254
person 0.0028784871101379395 20 144 43 164
pottedplant 0.001466512680053711 0 195 10 296
bicycle 0.003736436367034912 7 143 44 247
person 0.0012943148612976074 233 144 294 247
person 0.002314329147338867 236 150 260 219
pottedplant 0.001335442066192627 1 143 40 260
person 0.8705992698669434 56 149 122 280
pottedplant 0.005384683609008789 0 168 11 256
pottedplant 0.0030398666858673096 0 204 10 254
pottedplant 0.003765672445297241 0 206 14 254
