motorbike 0.05623906850814819 356 15 499 329
car 0.8539129495620728 89 14 499 370
pottedplant 0.005159556865692139 265 9 289 74
person 0.001714080572128296 475 27 499 59
motorbike 0.0018388032913208008 7 35 29 56
car 0.006097882986068726 21 35 54 49
car 0.001264333724975586 45 32 60 48
car 0.003736436367034912 80 36 99 56
person 0.0067453086376190186 0 29 10 58
person 0.0029928982257843018 2 33 21 58
car 0.001477956771850586 50 32 60 47
person 0.00790780782699585 54 21 73 50
person 0.0018388032913208008 103 29 114 51
car 0.0018749535083770752 450 36 499 168
person 0.0022084414958953857 97 32 116 53
car 0.0012943148612976074 464 35 499 185
person 0.001674354076385498 475 28 499 46
person 0.0012018680572509766 475 11 499 88
person 0.15817251801490784 270 1 288 29
motorbike 0.009195834398269653 0 37 11 59
motorbike 0.021949589252471924 0 35 16 59
motorbike 0.02432847023010254 81 36 99 56
person 0.019793838262557983 81 36 101 55
person 0.014009058475494385 93 37 107 54
person 0.0032602250576019287 92 34 118 54
car 0.021411150693893433 79 9 282 186
pottedplant 0.0012447535991668701 245 22 288 83
pottedplant 0.00443345308303833 263 24 289 85
person 0.0013459324836730957 482 -3 499 112
car 0.09636583924293518 80 7 277 129
bicycle 0.0030516982078552246 0 39 9 60
car 0.15765300393104553 122 6 270 74
pottedplant 0.0018245279788970947 259 3 289 78
pottedplant 0.0014215409755706787 31 331 115 354
car 0.3032161295413971 356 17 499 213
car 0.0011074244976043701 390 34 500 136
car 0.0018895864486694336 475 6 499 162
chair 0.07585501670837402 10 50 69 117
car 0.0016548335552215576 418 10 499 112
car 0.002693742513656616 190 3 263 43
car 0.001012265682220459 237 7 285 38
person 0.0051396191120147705 270 1 288 65
person 0.0013724565505981445 474 1 499 45
person 0.0069571733474731445 0 29 14 58
person 0.0015010833740234375 99 29 110 53
person 0.0022519826889038086 103 28 111 46
person 0.0010322332382202148 110 29 121 47
car 0.029760271310806274 232 7 269 73
person 0.0014438629150390625 422 0 499 83
pottedplant 0.005343139171600342 0 37 11 58
person 0.6113821864128113 57 20 78 68
car 0.1666761040687561 183 8 270 74
person 0.28856855630874634 426 0 472 44
bicycle 0.0010567307472229004 12 70 72 118
car 0.0022785067558288574 232 7 275 34
