bird 0.0019876956939697266 365 88 500 331
bird 0.003222525119781494 477 62 499 331
dog 0.0018245279788970947 474 34 499 326
person 0.0014438629150390625 373 40 500 329
person 0.0030995309352874756 476 37 499 331
cow 0.039785295724868774 0 37 31 326
dog 0.05541503429412842 0 83 182 330
cow 0.02931046485900879 0 78 180 330
dog 0.0019954144954681396 200 35 263 122
person 0.20689427852630615 0 35 32 326
person 0.0012994110584259033 446 11 499 304
dog 0.0012792348861694336 202 6 392 129
tvmonitor 0.0011879205703735352 345 0 499 174
person 0.001591503620147705 462 24 499 299
dog 0.806853175163269 0 14 401 334
bird 0.020488768815994263 373 151 498 265
dog 0.0018103718757629395 372 149 472 256
dog 0.002359837293624878 374 146 500 265
person 0.007518589496612549 0 70 32 180
bird 0.0012350976467132568 0 65 32 336
dog 0.0028228759765625 482 36 499 299
