person 0.8158200979232788 1 89 401 331
person 0.0010043680667877197 387 194 499 332
person 0.517570972442627 139 95 412 330
person 0.031796813011169434 0 88 185 331
bird 0.0017963051795959473 381 13 494 93
bird 0.00874510407447815 416 37 460 77
pottedplant 0.0033763349056243896 377 0 494 92
person 0.9190667867660522 432 198 499 331
bird 0.0011513829231262207 157 105 219 196
bird 0.0029812753200531006 415 30 460 88
bird 0.01182246208190918 431 193 475 259
bird 0.014614790678024292 429 194 468 226
person 0.0010526180267333984 159 93 268 295
person 0.0011031031608581543 158 95 314 233
bird 0.8479689955711365 383 121 420 191
bird 0.0021321773529052734 398 33 478 91
person 0.0024724602699279785 161 94 266 210
