cat 0.002115577459335327 173 241 441 320
chair 0.0017963051795959473 94 110 476 373
diningtable 0.005819797515869141 0 244 492 373
bottle 0.04161706566810608 474 115 499 374
cat 0.9491090774536133 173 97 428 316
pottedplant 0.036769360303878784 432 74 499 370
pottedplant 0.08239877223968506 467 69 499 369
sofa 0.008778899908065796 -1 240 478 374
person 0.0013564825057983398 474 26 499 199
pottedplant 0.010249316692352295 455 74 499 195
pottedplant 0.014062851667404175 474 68 499 191
chair 0.027378231287002563 473 161 500 386
pottedplant 0.012971192598342896 452 128 500 185
bird 0.003272920846939087 -1 -83 120 19
bird 0.00131988525390625 5 -116 180 19
pottedplant 0.0020505785942077637 432 143 499 193
pottedplant 0.017243891954421997 442 131 500 198
pottedplant 0.06929132342338562 474 123 499 213
pottedplant 0.0034696757793426514 484 124 499 170
chair 0.0015130341053009033 442 103 499 358
pottedplant 0.003185272216796875 462 145 500 193
