train 0.005199640989303589 0 17 103 322
train 0.0032602250576019287 253 166 391 259
train 0.019680321216583252 183 141 320 266
train 0.15973952412605286 182 142 389 262
train 0.3611651062965393 255 206 389 255
train 0.054199665784835815 254 205 459 254
train 0.003298431634902954 26 171 74 211
train 0.0011424720287322998 147 209 178 250
train 0.0017963051795959473 146 205 186 255
train 0.0017684698104858398 255 206 297 253
boat 0.0016483962535858154 0 5 98 317
boat 0.012146621942520142 0 1 269 319
train 0.7090195417404175 182 141 258 266
train 0.0060506463050842285 0 148 78 295
pottedplant 0.0022257566452026367 373 236 388 255
person 0.0013459324836730957 0 95 6 237
train 0.00276830792427063 255 204 340 253
train 0.0010162293910980225 80 188 117 253
train 0.0013250410556793213 146 190 174 229
car 0.010209739208221436 85 232 109 249
train 0.005865275859832764 0 86 77 255
train 0.003621727228164673 146 186 184 229
train 0.008380681276321411 0 137 78 241
train 0.00812530517578125 0 170 77 237
train 0.0010775625705718994 145 184 186 251
