bird 0.03143775463104248 134 108 295 370
bird 0.007038503885269165 216 85 380 360
bird 0.0017410516738891602 89 101 271 368
bird 0.0017547309398651123 2 363 173 502
bird 0.003160238265991211 16 389 192 492
bird 0.00284498929977417 393 95 499 351
bird 0.004038453102111816 440 86 499 353
bird 0.5302364826202393 133 220 286 371
bird 0.002935171127319336 48 61 139 320
bird 0.0010162293910980225 224 84 273 168
bird 0.0012207329273223877 185 -67 369 -15
bird 0.02517762780189514 358 243 430 282
bird 0.0010733604431152344 176 210 291 355
bird 0.004830062389373779 154 -110 478 0
bird 0.8568100929260254 48 63 111 244
bird 0.004591643810272217 445 303 480 339
bird 0.9334320425987244 145 71 199 221
bird 0.0029928982257843018 426 303 480 374
bird 0.019380807876586914 204 -137 490 5
bird 0.017177879810333252 189 -151 496 86
bird 0.001367121934890747 442 302 481 354
bird 0.001028209924697876 336 -139 513 141
bird 0.003621727228164673 217 -65 489 99
bird 0.9039729833602905 226 84 380 243
bird 0.0018388032913208008 227 84 273 130
bird 0.002415567636489868 476 86 499 354
bird 0.00284498929977417 43 326 84 373
