chair 0.014282047748565674 440 214 499 373
chair 0.019869893789291382 375 249 499 374
chair 0.0116862952709198 373 301 500 374
sofa 0.9546451568603516 4 190 180 306
chair 0.020332276821136475 478 138 499 326
sofa 0.925230085849762 180 193 455 371
chair 0.03993484377861023 475 193 499 314
chair 0.004700213670730591 344 227 456 374
chair 0.0017007291316986084 458 230 499 362
chair 0.008711427450180054 492 176 499 297
chair 0.006719321012496948 487 193 499 288
tvmonitor 0.017510265111923218 492 135 499 241
pottedplant 0.0030995309352874756 108 54 133 89
chair 0.008984774351119995 490 132 499 239
chair 0.004556000232696533 475 236 499 285
diningtable 0.0016102492809295654 388 262 499 374
chair 0.12808570265769958 349 299 430 374
tvmonitor 0.004774004220962524 480 135 499 239
diningtable 0.009746164083480835 386 306 499 374
chair 0.00421491265296936 480 136 499 237
chair 0.002912372350692749 487 235 499 343
