motorbike 0.8783152103424072 6 47 481 304
motorbike 0.001477956771850586 0 14 32 359
motorbike 0.0012302696704864502 473 27 499 357
chair 0.005040973424911499 150 3 181 78
cat 0.005021452903747559 490 203 499 364
bottle 0.009784013032913208 490 255 499 359
person 0.0011160969734191895 2 0 105 247
person 0.6451190710067749 0 0 42 283
cat 0.001674354076385498 489 276 499 350
cat 0.001554727554321289 490 284 500 366
person 0.003075540065765381 489 143 499 357
person 0.005426615476608276 0 0 40 117
chair 0.0011879205703735352 0 0 103 106
chair 0.05300912261009216 30 0 111 92
person 0.005490154027938843 91 0 148 61
person 0.00462755560874939 137 0 181 37
person 0.001040339469909668 0 2 6 96
person 0.0019494593143463135 477 101 499 354
person 0.016403794288635254 88 0 118 63
motorbike 0.0011160969734191895 151 6 182 64
person 0.0011160969734191895 55 0 114 64
person 0.0022873878479003906 95 0 168 59
person 0.0024921000003814697 144 0 194 74
person 0.004086285829544067 140 0 181 67
person 0.004609555006027222 156 0 181 68
person 0.0014159977436065674 159 0 185 61
person 0.001264333724975586 163 0 204 27
person 0.0011336207389831543 490 222 500 354
person 0.002779155969619751 0 49 28 261
