chair 0.5736782550811768 144 227 347 499
chair 0.0018895864486694336 4 162 173 375
chair 0.09367886185646057 234 171 345 479
pottedplant 0.001020193099975586 396 109 450 486
person 0.001388639211654663 0 262 275 499
diningtable 0.012971192598342896 1 235 325 499
person 0.003736436367034912 0 324 195 500
chair 0.02711924910545349 61 285 321 499
chair 0.005468875169754028 1 332 201 499
person 0.8921864032745361 0 77 325 501
chair 0.368404746055603 78 170 344 500
chair 0.008644551038742065 3 396 209 499
chair 0.009303301572799683 10 413 264 499
bottle 0.001178741455078125 68 189 137 252
chair 0.0010817945003509521 93 416 198 500
person 0.08663347363471985 1 225 45 295
pottedplant 0.002115577459335327 0 20 94 164
person 0.1655934751033783 50 183 141 271
person 0.0013302266597747803 17 74 311 393
person 0.011731505393981934 8 301 137 369
person 0.01094403862953186 10 301 205 369
chair 0.0010362863540649414 7 88 243 372
person 0.0011424720287322998 45 74 278 288
pottedplant 0.006538987159729004 198 20 266 90
tvmonitor 0.009054571390151978 5 242 51 270
chair 0.0017478764057159424 259 222 349 416
person 0.0017410516738891602 95 393 188 499
chair 0.005343139171600342 150 390 298 500
person 0.06255704164505005 5 224 31 248
chair 0.0016039609909057617 225 212 349 400
bottle 0.005554467439651489 11 308 34 359
bottle 0.001432657241821289 23 312 56 355
person 0.0012943148612976074 15 298 126 352
chair 0.0010004639625549316 26 173 306 351
bottle 0.004198610782623291 27 315 67 352
bottle 0.002003192901611328 29 309 74 351
chair 0.008846968412399292 280 172 332 372
person 0.001178741455078125 7 306 86 352
person 0.007232218980789185 4 225 43 261
tvmonitor 0.001335442066192627 4 225 45 269
person 0.0011031031608581543 99 278 187 500
chair 0.0023782849311828613 88 258 242 493
chair 0.004573792219161987 51 186 143 273
