pottedplant 0.012479722499847412 76 89 110 161
person 0.0028228759765625 136 38 198 152
pottedplant 0.012006610631942749 159 40 207 150
motorbike 0.0010817945003509521 278 67 303 82
pottedplant 0.001455157995223999 76 89 168 174
pottedplant 0.005911082029342651 163 73 214 152
person 0.9053233861923218 254 78 317 203
bottle 0.006145477294921875 254 82 283 144
bottle 0.004755467176437378 255 111 282 143
car 0.02302268147468567 0 19 94 152
sofa 0.02199152112007141 0 19 96 189
pottedplant 0.003298431634902954 157 50 225 145
person 0.002901047468185425 255 95 288 204
person 0.7185944318771362 158 39 196 94
person 0.0250818133354187 253 78 285 147
sofa 0.19744417071342468 0 21 90 135
pottedplant 0.0069841742515563965 75 90 110 133
pottedplant 0.0019117295742034912 180 132 233 224
