sofa 0.4717099368572235 38 247 497 373
pottedplant 0.007816284894943237 164 63 310 262
pottedplant 0.001964658498764038 166 128 317 266
sofa 0.0016165375709533691 27 248 500 488
pottedplant 0.0019266009330749512 305 34 320 52
pottedplant 0.002341538667678833 160 110 211 225
tvmonitor 0.0011925697326660156 490 173 500 278
pottedplant 0.7233090996742249 163 43 254 259
pottedplant 0.002341538667678833 141 54 340 276
chair 0.7799931764602661 81 205 186 256
pottedplant 0.0011513829231262207 192 146 246 259
pottedplant 0.24798792600631714 229 197 310 264
pottedplant 0.0011694133281707764 158 107 214 173
pottedplant 0.0010650157928466797 414 102 434 182
chair 0.001432657241821289 305 234 421 271
pottedplant 0.0016165375709533691 226 205 250 259
pottedplant 0.0026110410690307617 183 89 253 259
pottedplant 0.001554727554321289 199 150 264 261
tvmonitor 0.011596441268920898 490 130 499 247
diningtable 0.0015729963779449463 346 255 419 273
chair 0.013021320104598999 307 234 381 269
