bicycle 0.23864129185676575 311 187 428 324
boat 0.005343139171600342 18 192 433 271
boat 0.047604769468307495 229 126 439 291
boat 0.5640987157821655 21 148 348 268
boat 0.7669899463653564 231 125 383 224
person 0.870158314704895 337 127 439 316
motorbike 0.3056974411010742 310 185 430 324
boat 0.0011513829231262207 119 188 168 218
boat 0.0018388032913208008 127 196 166 218
boat 0.0012943148612976074 144 197 166 219
boat 0.0029812753200531006 0 41 10 170
boat 0.005957245826721191 233 138 265 189
bicycle 0.011158108711242676 427 146 453 168
boat 0.0026623904705047607 70 178 140 234
boat 0.00131988525390625 252 202 348 226
boat 0.0015366971492767334 0 137 8 188
chair 0.001591503620147705 319 133 377 200
boat 0.0075772106647491455 425 146 459 214
boat 0.011115282773971558 0 105 13 217
boat 0.0014438629150390625 31 57 40 145
person 0.002779155969619751 261 235 277 249
person 0.0022785067558288574 99 171 135 198
boat 0.0031724870204925537 0 93 5 148
person 0.47852879762649536 162 195 186 232
boat 0.001367121934890747 42 131 62 139
boat 0.0017547309398651123 0 159 7 189
bird 0.0010322332382202148 58 167 80 183
boat 0.001714080572128296 140 228 357 269
boat 0.0018969178199768066 422 146 459 196
boat 0.14271152019500732 0 41 56 217
boat 0.020099759101867676 0 41 93 222
boat 0.0015487074851989746 2 44 201 251
boat 0.015129566192626953 0 67 14 217
person 0.005119770765304565 163 195 184 217
boat 0.026155948638916016 429 147 457 182
boat 0.013377547264099121 0 42 117 249
person 0.00386965274810791 109 175 134 198
boat 0.001225501298904419 0 101 7 208
boat 0.017443329095840454 0 164 8 204
boat 0.002314329147338867 0 161 37 214
boat 0.0014159977436065674 0 121 5 149
boat 0.0014608204364776611 58 188 70 199
boat 0.002693742513656616 432 160 459 184
boat 0.02655753493309021 0 157 28 203
boat 0.01764485239982605 0 161 32 196
boat 0.0014438629150390625 43 181 56 192
person 0.012146621942520142 154 194 186 248
boat 0.0011603832244873047 236 135 270 147
person 0.0010083019733428955 250 143 266 152
person 0.0010241866111755371 254 142 270 169
person 0.004982620477676392 258 145 268 169
person 0.0023782849311828613 278 142 293 163
person 0.0020991265773773193 283 142 294 163
