car 0.9073100090026855 375 267 499 376
motorbike 0.9161110520362854 90 225 246 330
pottedplant 0.0021657347679138184 310 31 320 46
car 0.0029812753200531006 0 113 9 131
pottedplant 0.0011424720287322998 53 54 107 176
person 0.001225501298904419 128 188 170 215
car 0.9235905408859253 126 143 214 211
car 0.9289232492446899 210 143 326 209
car 0.05089092254638672 313 123 379 148
pottedplant 0.005663484334945679 1 115 19 132
car 0.7279752492904663 332 123 379 148
pottedplant 0.0012112557888031006 28 102 64 146
car 0.6531269550323486 373 118 433 158
car 0.003765672445297241 305 122 379 154
car 0.002453356981277466 308 145 380 185
person 0.0013778507709503174 126 188 171 233
car 0.0018245279788970947 376 119 402 137
person 0.001264333724975586 487 287 499 355
person 0.004944056272506714 490 292 499 350
car 0.0017547309398651123 383 118 408 135
pottedplant 0.0020666420459747314 310 31 321 51
car 0.0012018680572509766 385 118 431 136
pottedplant 0.009746164083480835 0 116 5 135
pottedplant 0.007786005735397339 0 117 16 135
car 0.001040339469909668 349 127 379 149
car 0.0012594163417816162 365 119 405 149
person 0.0017684698104858398 490 279 499 369
car 0.0010775625705718994 484 274 499 378
car 0.0030045807361602783 489 276 500 376
pottedplant 0.0024438798427581787 0 115 5 146
pottedplant 0.002003192901611328 0 117 18 140
car 0.9118072390556335 309 146 423 207
person 0.0014837086200714111 487 265 499 349
car 0.8633896112442017 453 139 499 169
pottedplant 0.00394555926322937 0 145 10 189
car 0.0021657347679138184 286 139 317 151
car 0.0060742199420928955 479 137 499 157
person 0.8910531997680664 128 190 208 303
person 0.001040339469909668 150 203 205 279
pottedplant 0.0025212466716766357 68 132 86 175
car 0.0011160969734191895 128 182 213 212
car 0.0025807321071624756 0 113 6 131
person 0.0016874969005584717 489 247 499 359
car 0.04831570386886597 6 112 27 126
car 0.001367121934890747 310 146 358 168
car 0.001367121934890747 318 141 376 169
car 0.001560807228088379 325 137 380 170
