diningtable 0.05340319871902466 0 10 120 326
motorbike 0.6343173384666443 288 120 357 237
person 0.039487868547439575 268 109 322 174
motorbike 0.002501755952835083 461 68 499 142
motorbike 0.06417948007583618 476 62 499 206
pottedplant 0.004007279872894287 469 61 492 110
motorbike 0.001524806022644043 299 160 335 237
person 0.6095243096351624 268 112 357 216
motorbike 0.002779155969619751 468 61 489 103
person 0.0013459324836730957 471 60 493 112
person 0.016403794288635254 474 53 499 112
person 0.02432847023010254 484 46 499 114
person 0.0020346641540527344 272 109 298 141
motorbike 0.02748247981071472 489 56 499 170
bicycle 0.0026212334632873535 479 66 500 190
person 0.003324180841445923 491 59 500 194
motorbike 0.0033371448516845703 471 62 493 111
person 0.055620014667510986 268 109 307 162
motorbike 0.25534260272979736 476 63 499 128
