person 0.1254904866218567 189 95 347 497
cat 0.8316894173622131 65 173 294 432
chair 0.055620014667510986 16 165 327 499
sofa 0.004348009824752808 0 166 314 476
car 0.5964333415031433 325 137 373 202
person 0.009124904870986938 187 96 348 239
car 0.037469178438186646 220 137 373 214
pottedplant 0.0011513829231262207 21 136 109 215
boat 0.0016039609909057617 0 0 358 379
cat 0.1135827898979187 189 97 346 231
pottedplant 0.0015853047370910645 5 1 360 461
person 0.0060506463050842285 16 10 356 498
cat 0.017848461866378784 189 97 346 480
chair 0.0025212466716766357 2 3 347 500
