person 0.0012207329273223877 146 142 444 366
chair 0.003285646438598633 335 140 499 369
chair 0.02892547845840454 407 143 499 372
chair 0.0342307984828949 446 131 499 370
diningtable 0.05070251226425171 328 114 499 347
diningtable 0.006169408559799194 398 101 499 351
person 0.8413065671920776 262 144 442 356
person 0.005426615476608276 321 139 498 368
diningtable 0.5765419602394104 0 189 458 374
diningtable 0.0013940632343292236 78 248 478 369
diningtable 0.0020991265773773193 351 233 499 372
diningtable 0.010818421840667725 396 233 499 373
person 0.9418665170669556 155 71 334 320
pottedplant 0.0015130341053009033 198 73 343 209
diningtable 0.005343139171600342 167 130 355 216
chair 0.01182246208190918 0 85 33 226
chair 0.026658833026885986 0 59 17 210
person 0.001714080572128296 262 190 410 334
chair 0.017510265111923218 416 193 499 330
chair 0.006589770317077637 0 63 17 127
person 0.02517762780189514 449 106 499 335
chair 0.0011694133281707764 267 218 447 336
chair 0.00406983494758606 428 269 499 348
chair 0.00185316801071167 338 82 371 159
chair 0.005554467439651489 0 61 10 143
chair 0.005819797515869141 0 55 48 219
chair 0.0015130341053009033 0 66 87 219
chair 0.003272920846939087 449 284 495 330
person 0.019718080759048462 488 155 500 299
chair 0.0031724870204925537 414 229 500 293
person 0.0011160969734191895 477 265 499 380
person 0.0013995170593261719 488 262 499 380
chair 0.011331260204315186 166 72 344 208
chair 0.03321123123168945 0 84 23 212
chair 0.0018103718757629395 0 90 103 261
chair 0.007176309823989868 412 256 499 372
chair 0.005301922559738159 442 227 499 372
chair 0.016403794288635254 154 74 347 322
person 0.0022170841693878174 467 203 499 371
chair 0.9556489586830139 1 91 173 266
chair 0.03203845024108887 140 76 397 363
chair 0.0030874907970428467 467 258 499 330
chair 0.030385255813598633 57 82 486 371
chair 0.0015366971492767334 487 242 500 334
sofa 0.0038546323776245117 53 93 499 368
diningtable 0.010986179113388062 101 113 500 362
bottle 0.001120448112487793 161 126 237 143
chair 0.0019419193267822266 0 53 9 101
chair 0.003765672445297241 0 54 17 102
chair 0.047423362731933594 414 121 499 322
person 0.018264353275299072 487 73 499 348
person 0.013795614242553711 308 144 437 305
bottle 0.0020346641540527344 245 38 262 88
chair 0.003930270671844482 0 80 41 250
chair 0.0026008784770965576 448 261 499 329
bottle 0.001957029104232788 157 129 230 143
bottle 0.0011160969734191895 152 124 248 147
chair 0.001524806022644043 0 55 39 327
chair 0.0016483962535858154 449 240 499 338
diningtable 0.006538987159729004 393 319 499 373
bottle 0.0017963051795959473 488 219 500 347
person 0.0012350976467132568 458 194 499 311
person 0.011244326829910278 486 181 499 328
chair 0.0014722347259521484 481 144 500 290
person 0.007065832614898682 327 144 437 265
