person 0.024608224630355835 429 161 499 373
chair 0.00443345308303833 429 113 499 369
person 0.07290294766426086 141 61 500 374
chair 0.18653884530067444 0 241 151 373
boat 0.002935171127319336 0 184 175 275
boat 0.0016483962535858154 0 187 203 324
person 0.8543990254402161 159 59 332 374
person 0.004198610782623291 0 93 97 362
boat 0.0020346641540527344 0 186 323 372
person 0.0411514937877655 0 70 32 362
diningtable 0.00933942198753357 0 236 161 372
person 0.9527521133422852 280 62 499 374
person 0.01865246891975403 383 159 499 373
pottedplant 0.0028009116649627686 0 154 16 232
person 0.3849121034145355 0 48 47 177
chair 0.0016228556632995605 90 190 126 225
bottle 0.003795117139816284 128 198 138 221
person 0.0017823278903961182 0 50 25 124
person 0.001225501298904419 0 55 38 109
person 0.011244326829910278 0 148 37 231
person 0.0021742284297943115 487 139 499 275
chair 0.0015729963779449463 0 158 24 239
chair 0.004792630672454834 0 174 37 236
chair 0.0026110410690307617 6 184 84 227
person 0.0024724602699279785 464 220 499 305
person 0.007120847702026367 481 205 499 331
person 0.005040973424911499 488 199 500 326
chair 0.008846968412399292 81 187 136 224
chair 0.007755845785140991 430 112 499 186
person 0.0017007291316986084 6 59 368 371
chair 0.0020346641540527344 0 189 38 242
pottedplant 0.02386951446533203 0 16 39 82
chair 0.0017823278903961182 100 189 134 228
chair 0.0014104843139648438 128 199 147 221
pottedplant 0.0973893404006958 0 0 47 175
chair 0.0018749535083770752 127 196 168 221
pottedplant 0.0018245279788970947 0 10 20 99
chair 0.18713223934173584 1 241 111 349
chair 0.0010241866111755371 14 244 88 321
chair 0.001367121934890747 98 253 177 299
person 0.004331141710281372 0 5 42 269
pottedplant 0.016916126012802124 0 168 13 200
chair 0.01155179738998413 0 253 25 342
pottedplant 0.023688465356826782 0 166 29 201
pottedplant 0.006413578987121582 0 163 36 206
car 0.003075540065765381 0 155 36 203
person 0.013532936573028564 0 82 37 227
person 0.023066431283950806 0 180 27 349
car 0.001388639211654663 0 111 27 212
person 0.003621727228164673 459 192 499 327
car 0.004182338714599609 0 125 35 207
diningtable 0.06119883060455322 0 241 110 349
chair 0.0021321773529052734 12 243 87 298
person 0.004944056272506714 129 0 197 107
person 0.0050605833530426025 474 201 499 339
pottedplant 0.1005215048789978 317 0 422 107
person 0.002590775489807129 0 95 28 204
chair 0.07892298698425293 0 248 34 359
person 0.0013250410556793213 0 50 22 105
chair 0.02605646848678589 37 240 117 349
chair 0.041306138038635254 95 248 210 376
person 0.042883336544036865 455 131 499 373
person 0.052617788314819336 469 129 499 374
person 0.0010004639625549316 472 142 500 238
pottedplant 0.010860145092010498 0 162 13 223
pottedplant 0.02405199408531189 0 164 37 232
chair 0.005619615316390991 37 280 119 367
chair 0.008812874555587769 0 179 75 329
chair 0.0011031031608581543 0 180 28 264
chair 0.025662213563919067 1 182 100 317
person 0.005040973424911499 469 158 499 301
person 0.0030398666858673096 486 153 500 305
chair 0.005797207355499268 37 277 111 348
person 0.001432657241821289 129 18 162 100
pottedplant 0.07863974571228027 0 1 45 78
chair 0.0018822550773620605 0 340 24 374
chair 0.0017410516738891602 103 281 164 344
person 0.00406983494758606 486 220 499 378
person 0.003496825695037842 0 25 8 177
chair 0.0320991575717926 2 182 141 292
chair 0.0015010833740234375 0 206 14 330
chair 0.001178741455078125 0 225 37 322
chair 0.0017547309398651123 0 183 90 270
boat 0.0034561753273010254 5 184 139 242
person 0.002199828624725342 431 113 499 323
pottedplant 0.007176309823989868 0 128 37 238
chair 0.013532936573028564 0 144 37 236
chair 0.0023052990436553955 2 183 135 232
