bus 0.9460004568099976 32 101 283 390
motorbike 0.0013832449913024902 11 324 31 358
person 0.0019266009330749512 3 283 25 340
car 0.003607630729675293 277 272 285 287
car 0.0023968517780303955 284 275 301 291
car 0.004086285829544067 294 272 317 288
car 0.0011603832244873047 281 295 302 321
car 0.9155080318450928 281 290 332 381
person 0.001477956771850586 11 325 31 358
person 0.005774706602096558 0 289 6 330
car 0.0015729963779449463 281 282 295 297
person 0.0012842416763305664 0 283 11 330
person 0.0013724565505981445 5 284 23 335
car 0.0030398666858673096 2 275 33 294
car 0.008445650339126587 9 275 31 290
car 0.00941208004951477 13 274 33 287
car 0.0018895864486694336 14 274 36 292
person 0.0018103718757629395 15 285 27 313
car 0.002969682216644287 0 281 22 308
car 0.006241738796234131 1 281 27 314
car 0.0015729963779449463 281 281 304 304
car 0.0010043680667877197 282 279 315 303
person 0.8407841920852661 15 281 47 358
car 0.0017615854740142822 281 275 308 295
car 0.1566181480884552 284 277 314 293
car 0.007065832614898682 316 273 332 289
car 0.002018868923187256 0 280 31 326
person 0.0023875534534454346 38 286 51 356
car 0.001957029104232788 4 275 34 311
person 0.01530534029006958 10 284 29 359
car 0.019793838262557983 9 278 29 296
car 0.002453356981277466 280 275 286 291
car 0.008478313684463501 291 277 318 292
car 0.011115282773971558 316 273 332 283
car 0.003884732723236084 1 280 17 296
car 0.012772411108016968 3 279 32 297
car 0.004364967346191406 1 281 20 300
car 0.013848692178726196 1 280 30 301
car 0.012335866689682007 12 282 28 300
