motorbike 0.8910531997680664 18 60 450 289
chair 0.005797207355499268 69 11 85 46
car 0.0010775625705718994 197 32 227 50
car 0.8056327104568481 283 35 324 56
chair 0.040386855602264404 486 14 499 45
pottedplant 0.0013995170593261719 489 102 499 234
chair 0.006666600704193115 487 12 499 65
person 0.0010322332382202148 352 36 376 56
pottedplant 0.0011424720287322998 491 114 500 226
chair 0.004364967346191406 30 7 55 55
chair 0.0013564825057983398 30 6 79 54
pottedplant 0.006463468074798584 0 62 17 90
chair 0.11397653818130493 48 26 89 82
dog 0.0011074244976043701 452 55 461 66
