chair 0.008380681276321411 347 161 466 371
diningtable 0.5573633909225464 -1 268 465 374
chair 0.011030197143554688 342 243 457 372
person 0.8283824920654297 332 97 497 338
diningtable 0.03384503722190857 422 123 499 359
person 0.004364967346191406 0 88 50 335
person 0.9102233052253723 0 108 137 334
chair 0.026305854320526123 419 121 499 364
chair 0.011072665452957153 252 243 456 372
chair 0.0014722347259521484 438 198 499 373
person 0.08914017677307129 418 95 499 370
chair 0.010209739208221436 276 136 494 360
chair 0.027274370193481445 375 111 498 365
person 0.9127457737922668 131 147 278 282
person 0.870158314704895 272 149 418 325
diningtable 0.0015307366847991943 483 138 499 268
person 0.013223767280578613 337 53 412 148
person 0.0014382600784301758 387 153 464 252
chair 0.001466512680053711 486 126 499 264
tvmonitor 0.0026727914810180664 0 -14 27 216
person 0.012006610631942749 273 63 341 186
tvmonitor 0.02920001745223999 0 10 46 218
bottle 0.0011971890926361084 248 150 261 195
chair 0.0050605833530426025 430 125 496 180
person 0.0018969178199768066 141 127 186 214
person 0.0015130341053009033 140 128 206 213
person 0.0033763349056243896 0 126 14 340
diningtable 0.0016355812549591064 454 122 500 311
person 0.005199640989303589 0 163 72 369
person 0.0012065470218658447 0 220 80 372
bottle 0.8816165924072266 96 235 142 329
person 0.0016483962535858154 343 52 399 106
tvmonitor 0.0030995309352874756 111 45 195 191
bottle 0.8438971638679504 335 224 375 346
tvmonitor 0.0014722347259521484 109 47 290 188
sofa 0.001040339469909668 439 212 499 374
person 0.0026110410690307617 0 150 37 376
person 0.002341538667678833 334 96 473 215
chair 0.003884732723236084 430 125 499 207
person 0.02722257375717163 268 60 424 245
person 0.03067392110824585 323 55 423 213
chair 0.003976315259933472 331 57 470 234
chair 0.0017410516738891602 326 48 496 326
chair 0.0016678273677825928 81 51 200 246
person 0.8994784951210022 136 30 278 226
person 0.743914008140564 269 63 340 246
person 0.09367886185646057 269 61 374 244
person 0.002693742513656616 330 60 465 263
tvmonitor 0.04977071285247803 0 34 49 259
chair 0.003298431634902954 109 45 221 250
chair 0.0018969178199768066 136 80 276 234
person 0.0024438798427581787 268 58 422 186
person 0.010409027338027954 305 56 423 169
chair 0.007518589496612549 106 41 195 208
person 0.003809899091720581 118 33 198 210
chair 0.006145477294921875 429 125 480 172
pottedplant 0.0012065470218658447 478 58 490 79
bottle 0.0018103718757629395 476 59 488 82
pottedplant 0.0045206546783447266 477 59 488 82
tvmonitor 0.0011160969734191895 0 126 44 244
pottedplant 0.0012447535991668701 479 58 494 80
tvmonitor 0.0024724602699279785 0 71 24 183
person 0.0012399256229400635 400 179 499 248
tvmonitor 0.001028209924697876 470 66 499 142
person 0.0015729963779449463 467 114 499 346
chair 0.003650069236755371 391 124 497 269
chair 0.01542365550994873 419 123 498 289
person 0.01422739028930664 385 128 497 250
