sofa 0.8175766468048096 78 160 416 365
chair 0.0010567307472229004 0 252 129 377
cat 0.002725452184677124 0 35 22 59
person 0.021452128887176514 393 111 436 173
person 0.006027162075042725 487 24 500 73
tvmonitor 0.003565669059753418 36 147 120 226
pottedplant 0.003650069236755371 486 25 499 72
person 0.0020991265773773193 0 86 24 156
pottedplant 0.006193429231643677 321 239 365 297
chair 0.0010650157928466797 121 238 260 362
tvmonitor 0.7956579923629761 0 82 39 228
chair 0.003185272216796875 494 176 499 271
person 0.034360289573669434 0 36 40 97
cat 0.001524806022644043 321 239 365 298
person 0.0012350976467132568 396 111 432 147
cat 0.19193220138549805 0 35 40 98
person 0.0013995170593261719 0 116 23 176
bottle 0.0017007291316986084 378 143 390 170
bottle 0.0010241866111755371 393 111 433 179
person 0.0012065470218658447 0 140 33 229
person 0.001146942377090454 0 125 23 155
