chair 0.003736436367034912 412 211 499 372
person 0.007938534021377563 461 168 499 371
sofa 0.9403544664382935 73 228 411 374
chair 0.007176309823989868 413 272 499 373
chair 0.004591643810272217 430 250 499 373
chair 0.03333708643913269 412 321 499 373
person 0.0011074244976043701 415 157 499 370
tvmonitor 0.00185316801071167 422 234 498 317
chair 0.001111745834350586 407 289 495 353
chair 0.0020505785942077637 474 201 499 373
person 0.0099753737449646 442 98 479 145
person 0.05203595757484436 483 153 499 334
tvmonitor 0.028761863708496094 483 220 499 332
person 0.0012544989585876465 474 158 499 331
chair 0.006513714790344238 451 246 499 373
chair 0.03032785654067993 451 324 499 373
