person 0.004118025302886963 0 107 269 311
person 0.001560807228088379 120 107 347 323
chair 0.0025212466716766357 13 106 485 328
person 0.865678071975708 0 107 470 329
person 0.005888134241104126 0 103 254 242
person 0.013689994812011719 118 106 258 233
person 0.007489442825317383 144 107 303 253
tvmonitor 0.0012350976467132568 0 0 12 85
person 0.005099952220916748 66 109 255 289
person 0.002115577459335327 86 111 319 298
person 0.004022836685180664 108 109 338 244
person 0.010776817798614502 78 108 250 227
