diningtable 0.002323359251022339 0 219 415 373
chair 0.0013250410556793213 178 211 496 372
chair 0.0018822550773620605 301 213 497 372
chair 0.8643088936805725 289 76 412 287
chair 0.0022873878479003906 300 99 498 371
sofa 0.0011603832244873047 0 151 38 254
sofa 0.0011160969734191895 0 168 37 239
chair 0.0028784871101379395 299 79 368 193
chair 0.003960907459259033 291 76 338 226
chair 0.004264324903488159 298 80 391 217
diningtable 0.0034027397632598877 317 121 446 230
person 0.0015366971492767334 0 103 27 211
chair 0.011158108711242676 380 217 479 322
chair 0.002641737461090088 0 208 50 372
chair 0.0015668869018554688 320 124 400 253
person 0.001449495553970337 0 119 34 275
person 0.0015189051628112793 0 134 35 215
chair 0.826710045337677 76 68 162 222
diningtable 0.0012159943580627441 282 93 500 295
tvmonitor 0.7520120739936829 0 0 75 79
chair 0.003795117139816284 0 176 99 303
bottle 0.4493924081325531 189 267 231 349
chair 0.006193429231643677 0 182 39 369
dog 0.0019494593143463135 0 175 35 205
bottle 0.0011336207389831543 202 201 238 250
bottle 0.0010322332382202148 0 207 7 289
person 0.002359837293624878 0 173 35 205
cat 0.00916031002998352 0 175 35 205
bottle 0.013955414295196533 426 78 447 117
bottle 0.0030162930488586426 202 202 254 250
person 0.0011603832244873047 0 116 15 212
chair 0.00406983494758606 213 328 402 374
chair 0.0025115013122558594 228 113 281 179
chair 0.087566077709198 229 105 308 234
chair 0.01422739028930664 229 78 378 233
chair 0.008644551038742065 289 74 374 240
sofa 0.00394555926322937 0 119 37 284
chair 0.029872894287109375 0 133 38 282
chair 0.03296089172363281 0 170 38 275
chair 0.024608224630355835 317 147 417 294
