aeroplane 0.23722487688064575 0 172 127 283
aeroplane 0.00809389352798462 10 167 262 301
aeroplane 0.7738999128341675 11 161 497 302
aeroplane 0.0023782849311828613 455 187 499 311
bicycle 0.0022170841693878174 385 294 445 318
aeroplane 0.00517958402633667 423 254 498 311
aeroplane 0.008000344038009644 470 254 499 301
car 0.007316946983337402 446 289 479 328
aeroplane 0.0021742284297943115 0 198 22 286
car 0.003075540065765381 473 293 492 313
aeroplane 0.09981748461723328 462 257 499 278
aeroplane 0.0010733604431152344 383 258 497 316
aeroplane 0.0030516982078552246 0 260 20 284
aeroplane 0.0018676519393920898 67 262 102 276
aeroplane 0.005219787359237671 160 269 266 300
aeroplane 0.00118333101272583 210 264 270 298
car 0.0013778507709503174 385 292 436 318
aeroplane 0.006589770317077637 347 264 399 287
aeroplane 0.0022431910037994385 376 264 397 283
car 0.010409027338027954 459 289 480 310
car 0.0016678273677825928 470 291 490 311
car 0.01791679859161377 384 297 421 318
bicycle 0.0015977323055267334 387 300 424 318
car 0.0673007071018219 450 289 479 307
car 0.0011694133281707764 471 289 486 310
person 0.001964658498764038 477 287 491 313
person 0.0026832520961761475 481 287 492 313
aeroplane 0.0025310516357421875 431 250 503 304
aeroplane 0.003635883331298828 0 247 20 285
aeroplane 0.0013250410556793213 70 257 120 278
car 0.0022607743740081787 0 264 19 284
chair 0.016530483961105347 451 291 475 333
aeroplane 0.0016678273677825928 163 270 226 282
aeroplane 0.001225501298904419 170 273 222 284
aeroplane 0.0010902583599090576 206 272 259 295
aeroplane 0.0012742578983306885 220 270 277 299
aeroplane 0.002199828624725342 442 254 501 293
aeroplane 0.0035796165466308594 104 174 325 249
aeroplane 0.0013250410556793213 108 183 291 242
aeroplane 0.026456594467163086 459 248 500 282
aeroplane 0.0396362841129303 459 241 499 290
aeroplane 0.0011603832244873047 99 178 319 280
car 0.003524214029312134 245 287 273 299
car 0.0028228759765625 203 276 260 299
car 0.0017963051795959473 217 280 274 299
aeroplane 0.001495271921157837 231 282 274 299
car 0.0020505785942077637 338 269 386 286
aeroplane 0.0020585954189300537 373 265 398 287
aeroplane 0.004573792219161987 417 267 450 291
