person 0.0016613304615020752 476 127 499 329
person 0.7225266695022583 307 106 411 257
person 0.006538987159729004 307 108 501 253
car 0.13028386235237122 306 120 500 233
car 0.0010362863540649414 395 126 499 294
person 0.001225501298904419 468 111 499 327
car 0.022888898849487305 178 135 284 167
car 0.11397653818130493 221 134 284 168
car 0.0013459324836730957 238 115 320 178
car 0.009633511304855347 220 136 281 154
car 0.0020505785942077637 222 135 283 149
car 0.0025807321071624756 238 134 285 149
car 0.054400503635406494 459 137 499 206
car 0.010249316692352295 254 135 285 152
car 0.005911082029342651 261 136 285 150
person 0.01883181929588318 283 101 316 175
person 0.002323359251022339 0 122 9 198
car 0.0012496113777160645 220 129 320 170
person 0.02315419912338257 282 99 321 201
car 0.002969682216644287 117 131 148 162
person 0.0010485053062438965 460 197 499 332
person 0.01883181929588318 304 104 350 198
person 0.0342307984828949 304 105 378 174
car 0.0050605833530426025 114 130 157 163
person 0.02396056056022644 488 151 499 332
sofa 0.004133999347686768 403 115 499 257
person 0.0031358301639556885 491 239 500 334
car 0.0017893016338348389 272 111 376 199
person 0.0012447535991668701 89 116 120 206
person 0.010860145092010498 124 35 143 65
car 0.02104562520980835 174 139 204 166
car 0.0018822550773620605 164 141 205 167
person 0.04831570386886597 304 105 379 218
person 0.029536426067352295 18 140 41 182
person 0.5544705390930176 19 134 72 186
person 0.004503071308135986 74 128 97 177
car 0.006640911102294922 156 135 211 167
car 0.005219787359237671 255 135 286 171
sofa 0.016153186559677124 400 135 500 228
sofa 0.002140522003173828 470 125 499 241
person 0.010860145092010498 87 128 101 169
person 0.0031115710735321045 305 104 338 155
person 0.004755467176437378 77 128 92 165
car 0.004102110862731934 257 144 285 171
car 0.002590775489807129 492 125 500 213
car 0.002958148717880249 461 137 499 168
person 0.6876306533813477 0 142 13 199
person 0.0021488964557647705 299 102 333 164
bottle 0.0013778507709503174 491 270 499 332
person 0.013637453317642212 305 104 338 177
person 0.0021238625049591064 305 104 357 167
person 0.8311417698860168 89 120 138 211
person 0.8799730539321899 150 114 179 196
car 0.0024921000003814697 148 136 211 179
car 0.012871414422988892 122 134 287 178
person 0.05203595757484436 295 103 378 256
person 0.0013096034526824951 0 137 11 239
person 0.9289232492446899 393 95 461 237
car 0.0347515344619751 410 132 499 227
car 0.06804093718528748 449 135 499 221
person 0.7813307046890259 282 99 337 257
