diningtable 0.02400621771812439 419 211 499 332
diningtable 0.0010988116264343262 0 135 82 200
diningtable 0.002140522003173828 418 136 499 332
diningtable 0.004792630672454834 0 182 83 330
chair 0.7520120739936829 93 226 182 327
chair 0.0011558830738067627 37 164 53 192
sofa 0.004054129123687744 44 166 88 192
chair 0.03993484377861023 166 165 205 192
chair 0.0022785067558288574 194 166 203 192
chair 0.0010322332382202148 230 169 247 192
chair 0.0097084641456604 304 167 315 191
chair 0.006538987159729004 302 160 316 191
chair 0.0024344027042388916 308 163 317 191
chair 0.0026110410690307617 311 228 339 274
person 0.003607630729675293 432 133 449 152
car 0.0012692809104919434 442 136 495 168
chair 0.8407841920852661 312 207 378 271
chair 0.001178741455078125 442 138 499 349
chair 0.009448617696762085 80 169 88 192
chair 0.008881211280822754 80 169 93 193
chair 0.0018388032913208008 0 130 11 196
bottle 0.0017823278903961182 347 249 360 293
chair 0.0016102492809295654 0 129 22 192
chair 0.0011248290538787842 1 133 34 180
chair 0.0022785067558288574 20 136 68 194
car 0.019269704818725586 80 150 95 160
pottedplant 0.0017963051795959473 131 119 173 193
chair 0.0060742199420928955 131 168 161 192
car 0.002693742513656616 411 136 492 172
diningtable 0.002867281436920166 175 216 295 305
diningtable 0.003765672445297241 4 138 68 191
chair 0.0011513829231262207 40 152 87 192
chair 0.0023052990436553955 477 148 499 335
chair 0.00874510407447815 0 155 10 224
chair 0.002140522003173828 44 167 81 211
chair 0.0023052990436553955 494 149 500 295
chair 0.02056744694709778 463 168 483 191
chair 0.006903529167175293 288 238 319 302
chair 0.003565669059753418 468 167 489 192
chair 0.0012018680572509766 288 238 345 302
chair 0.0022963285446166992 486 156 499 206
chair 0.0015668869018554688 309 237 373 305
chair 0.00443345308303833 494 150 499 220
chair 0.013172894716262817 138 215 198 318
chair 0.0011248290538787842 310 220 375 293
diningtable 0.002003192901611328 469 190 499 331
car 0.0011971890926361084 426 139 500 170
chair 0.001111745834350586 5 123 62 154
chair 0.0016228556632995605 8 111 75 153
chair 0.0019419193267822266 148 233 244 307
chair 0.003063589334487915 130 250 178 327
chair 0.05644682049751282 222 243 293 306
chair 0.0022519826889038086 287 235 369 300
chair 0.8459442853927612 331 227 429 328
diningtable 0.002003192901611328 166 215 289 268
chair 0.003565669059753418 0 172 11 291
chair 0.0013250410556793213 0 168 45 293
chair 0.0018103718757629395 0 169 79 291
car 0.0013778507709503174 73 167 88 193
chair 0.0010650157928466797 167 163 186 180
chair 0.0021488964557647705 167 162 200 181
car 0.001178741455078125 411 156 438 174
chair 0.5312093496322632 149 206 205 277
pottedplant 0.0019419193267822266 193 160 205 175
chair 0.0022431910037994385 277 156 295 173
chair 0.012006610631942749 278 155 305 173
chair 0.011030197143554688 279 155 314 175
chair 0.002779155969619751 295 154 316 186
car 0.0016228556632995605 411 158 436 179
chair 0.0013250410556793213 455 155 491 182
chair 0.0016228556632995605 455 155 488 191
person 0.0028561055660247803 495 129 499 191
chair 0.001972287893295288 38 149 57 192
chair 0.04485040903091431 42 157 76 192
pottedplant 0.0019419193267822266 72 168 89 192
pottedplant 0.011287689208984375 79 169 88 193
chair 0.020410388708114624 150 168 169 192
chair 0.011244326829910278 153 166 179 192
chair 0.0018822550773620605 157 227 205 308
chair 0.0010241866111755371 194 161 205 182
chair 0.004792630672454834 203 161 233 191
chair 0.010818421840667725 242 162 283 191
chair 0.0010526180267333984 275 155 304 191
pottedplant 0.0025409162044525146 270 107 313 156
chair 0.00321003794670105 0 160 14 230
train 0.010091900825500488 429 139 495 170
diningtable 0.0018822550773620605 28 159 57 192
chair 0.08418995141983032 42 163 83 192
chair 0.014392048120498657 55 167 88 193
chair 0.00517958402633667 0 145 9 194
chair 0.00276830792427063 0 141 15 193
chair 0.0034696757793426514 2 148 31 193
chair 0.026760488748550415 6 140 38 192
chair 0.027274370193481445 11 136 41 191
chair 0.01659417152404785 20 135 45 191
chair 0.27669090032577515 0 167 9 192
chair 0.0017275214195251465 34 138 58 192
chair 0.30239152908325195 8 166 40 192
chair 0.0018103718757629395 33 167 52 192
chair 0.05320581793785095 73 168 88 193
car 0.0028897523880004883 290 154 316 168
chair 0.324235737323761 277 162 316 192
chair 0.01069408655166626 0 167 9 244
