motorbike 0.8714772462844849 48 39 488 298
person 0.0011694133281707764 0 53 60 296
motorbike 0.002912372350692749 429 82 499 288
person 0.05856207013130188 371 35 441 163
person 0.1766728162765503 0 61 34 184
person 0.0010988116264343262 438 68 482 111
person 0.0011971890926361084 450 71 484 113
person 0.019718080759048462 0 55 19 128
person 0.001432657241821289 0 57 8 99
person 0.0034027397632598877 0 57 17 98
person 0.0016548335552215576 65 63 102 145
person 0.0026832520961761475 51 48 79 87
person 0.011030197143554688 0 117 26 237
person 0.004774004220962524 492 80 500 162
person 0.002912372350692749 99 58 116 80
person 0.0010083019733428955 146 43 194 77
person 0.0022963285446166992 30 137 74 245
person 0.6619234681129456 30 50 94 190
person 0.006640911102294922 354 52 363 65
person 0.08540382981300354 72 63 110 156
person 0.007518589496612549 0 171 20 264
person 0.006615281105041504 413 36 437 72
motorbike 0.0024724602699279785 428 175 499 268
person 0.28378111124038696 0 58 35 228
person 0.00564149022102356 0 167 29 315
motorbike 0.016722261905670166 325 78 343 112
person 0.002406179904937744 355 61 363 79
person 0.006339401006698608 363 63 372 82
person 0.009231507778167725 0 166 15 285
person 0.0396362841129303 339 77 359 108
person 0.006589770317077637 65 60 110 182
person 0.0026832520961761475 460 67 497 137
person 0.047423362731933594 470 58 499 157
person 0.01182246208190918 136 30 183 77
person 0.004314333200454712 134 35 190 94
person 0.001455157995223999 134 18 161 56
person 0.0320991575717926 0 59 20 165
person 0.003824770450592041 0 100 21 207
car 0.0022519826889038086 307 60 341 71
motorbike 0.0023506581783294678 427 167 477 245
person 0.003075540065765381 447 73 490 150
person 0.0012207329273223877 362 59 371 77
person 0.13846442103385925 410 119 444 160
person 0.003765672445297241 319 38 452 151
motorbike 0.001178741455078125 493 169 499 261
motorbike 0.0012159943580627441 79 19 364 210
person 0.00959622859954834 425 51 439 72
person 0.42632174491882324 455 55 499 159
person 0.0020346641540527344 0 101 20 172
person 0.06754660606384277 426 54 442 71
person 0.004792630672454834 378 107 443 159
person 0.0013302266597747803 431 55 449 71
person 0.2043420374393463 445 172 474 245
person 0.0024344027042388916 453 74 488 133
person 0.004247784614562988 99 62 117 92
car 0.003298431634902954 316 48 499 241
person 0.0021238625049591064 492 145 499 265
person 0.002969682216644287 115 69 132 85
person 0.0013724565505981445 134 43 215 93
person 0.00386965274810791 0 176 35 241
person 0.028870850801467896 0 42 14 179
person 0.0016483962535858154 289 70 298 80
person 0.0011603832244873047 11 66 35 175
person 0.001466512680053711 310 78 329 100
person 0.004609555006027222 140 37 191 72
person 0.010860145092010498 0 149 36 283
person 0.008984774351119995 356 79 366 104
person 0.00443345308303833 357 77 369 99
person 0.00185316801071167 430 73 492 158
person 0.005322486162185669 0 182 29 282
person 0.0022344589233398438 425 54 449 71
person 0.0011603832244873047 434 93 499 254
person 0.0014104843139648438 314 78 326 94
person 0.0017753839492797852 322 78 333 97
person 0.002693742513656616 0 60 12 100
person 0.02517762780189514 447 59 499 187
person 0.010818421840667725 61 50 79 88
person 0.0010362863540649414 342 116 443 186
person 0.0060742199420928955 100 69 119 94
person 0.006027162075042725 101 70 126 92
person 0.01596766710281372 113 71 127 90
person 0.0022696256637573242 113 70 133 93
person 0.026456594467163086 456 94 499 156
person 0.004331141710281372 473 61 499 236
person 0.0027148425579071045 119 27 139 61
person 0.001040339469909668 305 77 322 93
person 0.006003767251968384 123 29 166 66
person 0.003736436367034912 311 78 322 93
person 0.007606714963912964 0 95 16 234
person 0.001957029104232788 317 79 330 96
person 0.0018676519393920898 323 79 334 105
person 0.004150032997131348 328 77 344 111
person 0.0029237568378448486 151 33 181 58
person 0.0920356810092926 179 0 264 85
person 0.0012447535991668701 165 37 182 56
person 0.0017963051795959473 119 27 140 74
person 0.4111109673976898 372 35 437 88
person 0.004830062389373779 364 73 374 97
person 0.10894683003425598 140 32 164 59
motorbike 0.0022696256637573242 108 0 264 92
person 0.0010988116264343262 493 166 499 253
person 0.09911799430847168 472 56 499 109
person 0.005219787359237671 141 33 187 62
person 0.001489490270614624 398 36 417 67
person 0.1422344446182251 0 61 33 127
person 0.0015668869018554688 25 60 46 109
person 0.004247784614562988 426 44 439 71
person 0.0017753839492797852 127 25 162 56
person 0.001028209924697876 96 69 112 110
person 0.3522022068500519 72 64 110 125
person 0.003960907459259033 101 70 124 98
person 0.002867281436920166 108 70 129 99
person 0.01069408655166626 112 0 265 92
person 0.001680910587310791 358 54 374 92
person 0.0028228759765625 364 65 373 92
person 0.0015366971492767334 423 54 451 82
person 0.005240768194198608 473 56 499 91
person 0.004886746406555176 424 134 445 160
person 0.01182246208190918 0 62 28 100
person 0.0026832520961761475 3 66 29 96
person 0.0038546323776245117 24 73 37 98
person 0.00812530517578125 62 64 78 88
person 0.011731505393981934 74 64 95 89
person 0.0010444223880767822 91 68 105 90
person 0.003496825695037842 24 75 40 102
person 0.005199640989303589 73 64 97 94
