motorbike 0.9155080318450928 41 39 450 317
person 0.007288604974746704 249 14 257 42
person 0.012971192598342896 254 14 262 42
person 0.002757549285888672 262 15 269 42
person 0.014784276485443115 266 -1 279 42
person 0.01090201735496521 270 0 285 41
person 0.004485577344894409 276 5 288 41
person 0.002693742513656616 276 1 305 44
person 0.007345408201217651 314 0 334 41
person 0.32082176208496094 391 3 403 53
person 0.07696107029914856 405 10 419 45
person 0.002018868923187256 466 12 478 45
person 0.18242335319519043 472 11 486 45
pottedplant 0.014336913824081421 488 5 499 50
bicycle 0.0017753839492797852 79 5 111 50
motorbike 0.04831570386886597 0 25 54 176
person 0.005729943513870239 245 16 253 43
person 0.009784013032913208 343 22 361 70
person 0.002725452184677124 495 31 500 66
person 0.005468875169754028 275 10 284 41
person 0.003736436367034912 277 10 287 41
person 0.004811316728591919 281 8 304 46
motorbike 0.003298431634902954 39 94 137 154
motorbike 0.007011294364929199 279 6 305 47
motorbike 0.007345408201217651 41 87 206 150
car 0.0021321773529052734 5 -3 121 82
person 0.0011074244976043701 304 3 319 29
person 0.0015729963779449463 490 23 499 58
motorbike 0.0030045807361602783 0 2 19 174
motorbike 0.23231258988380432 0 14 114 96
motorbike 0.8783152103424072 0 13 114 175
motorbike 0.003123670816421509 0 -11 8 106
motorbike 0.00208282470703125 0 0 18 101
bicycle 0.002359837293624878 481 107 499 335
motorbike 0.0015010833740234375 30 26 115 80
motorbike 0.00208282470703125 38 38 113 150
motorbike 0.007877200841903687 41 62 140 150
motorbike 0.0019117295742034912 42 59 196 150
person 0.001040339469909668 288 0 310 34
person 0.0028118789196014404 432 0 451 43
car 0.018904060125350952 0 0 112 49
boat 0.004792630672454834 481 138 499 332
pottedplant 0.02920001745223999 320 21 351 45
person 0.002115577459335327 336 20 361 49
person 0.001367121934890747 415 17 429 44
person 0.058993369340896606 431 11 444 44
person 0.007725805044174194 484 9 499 46
person 0.007547855377197266 490 7 499 53
person 0.004331141710281372 0 -3 7 72
person 0.590779185295105 174 12 190 66
person 0.30239152908325195 190 12 203 60
motorbike 0.004963308572769165 484 24 499 54
motorbike 0.0011160969734191895 0 78 49 167
person 0.03032785654067993 265 0 290 42
car 0.0017007291316986084 273 0 313 34
pottedplant 0.0022257566452026367 435 0 455 22
person 0.01798534393310547 163 10 176 49
person 0.0014722347259521484 191 7 199 48
car 0.0010817945003509521 270 0 308 41
motorbike 0.013585120439529419 40 101 108 151
person 0.009633511304855347 495 33 500 57
bottle 0.0030516982078552246 480 211 499 331
person 0.0026008784770965576 0 3 8 90
person 0.10557791590690613 342 20 361 55
motorbike 0.00831615924835205 0 3 112 75
person 0.0016613304615020752 267 0 286 23
person 0.001432657241821289 437 11 452 44
motorbike 0.013955414295196533 275 0 306 45
person 0.3886178433895111 451 11 465 46
person 0.005240768194198608 312 0 331 13
person 0.008711427450180054 494 16 500 58
chair 0.003635883331298828 481 224 499 332
person 0.002406179904937744 315 2 339 36
person 0.5370416045188904 163 11 178 65
person 0.0028009116649627686 320 18 349 44
person 0.01069408655166626 423 13 438 44
person 0.012723177671432495 267 17 277 43
person 0.0021657347679138184 270 16 284 42
motorbike 0.0020585954189300537 0 2 9 140
bicycle 0.05500715970993042 21 9 115 96
person 0.16344508528709412 307 0 330 25
pottedplant 0.001674354076385498 432 0 453 43
