bus 0.0032602250576019287 87 132 277 244
bus 0.003123670816421509 254 133 387 229
bus 0.2062540352344513 1 63 390 225
bus 0.7468788623809814 87 131 387 222
bus 0.003123670816421509 173 132 386 226
bird 0.0016165375709533691 167 214 194 258
bus 0.0013044774532318115 479 55 500 353
pottedplant 0.004118025302886963 6 231 35 265
bus 0.0012994110584259033 486 115 499 312
pottedplant 0.0013564825057983398 1 231 35 295
bus 0.5794005393981934 87 130 215 219
pottedplant 0.001111745834350586 384 208 415 247
pottedplant 0.0018388032913208008 434 208 459 241
bus 0.0018676519393920898 421 112 447 201
dog 0.0030516982078552246 24 222 49 253
person 0.0019117295742034912 105 214 134 256
