chair 0.017177879810333252 0 27 130 324
cat 0.9405725002288818 168 82 379 280
chair 0.010091900825500488 0 76 94 326
chair 0.0012792348861694336 0 127 261 330
pottedplant 0.02405199408531189 4 24 136 147
person 0.0010241866111755371 0 22 128 323
chair 0.021824240684509277 1 24 139 148
bicycle 0.002341538667678833 0 70 67 199
chair 0.005911082029342651 0 167 92 319
pottedplant 0.0015366971492767334 1 116 41 181
chair 0.0018174350261688232 0 101 52 314
chair 0.001225501298904419 5 142 82 198
chair 0.0018604099750518799 0 94 55 237
chair 0.003884732723236084 0 85 73 233
