chair 0.0018676519393920898 79 296 236 499
diningtable 0.7853084802627563 0 311 235 499
chair 0.001591503620147705 0 408 149 499
chair 0.020176976919174194 1 434 141 500
chair 0.0206068754196167 1 252 182 357
diningtable 0.002424955368041992 0 243 184 445
chair 0.006003767251968384 0 189 80 319
chair 0.005597800016403198 182 428 362 500
chair 0.0010945498943328857 0 290 237 500
chair 0.001111745834350586 35 108 130 279
chair 0.008445650339126587 0 116 68 235
pottedplant 0.0016102492809295654 66 115 97 172
chair 0.001388639211654663 181 473 338 500
pottedplant 0.0051396191120147705 64 105 98 186
chair 0.0012842416763305664 182 449 319 499
bottle 0.0016292035579681396 278 184 289 210
chair 0.016786664724349976 122 255 172 322
chair 0.0027148425579071045 8 112 168 338
chair 0.005468875169754028 0 146 69 313
chair 0.0010362863540649414 135 280 238 482
chair 0.005511492490768433 0 259 146 349
chair 0.6531269550323486 151 289 201 359
chair 0.7718420028686523 39 421 180 499
chair 0.0010526180267333984 0 294 177 349
chair 0.0011336207389831543 78 458 173 500
bottle 0.0015010833740234375 183 474 226 499
bottle 0.0011513829231262207 184 476 246 499
bottle 0.0015729963779449463 184 483 232 500
bottle 0.0011424720287322998 183 482 252 500
chair 0.0010902583599090576 0 220 71 318
chair 0.01048976182937622 0 221 133 319
chair 0.0033112764358520508 10 254 172 316
chair 0.0011292099952697754 57 477 187 499
chair 0.0023324191570281982 55 329 205 504
