motorbike 0.9309604167938232 145 106 372 277
motorbike 0.0020666420459747314 142 104 318 247
person 0.0014215409755706787 164 69 283 150
person 0.0021238625049591064 220 64 287 125
person 0.003650069236755371 162 69 232 168
person 0.001020193099975586 193 63 315 162
bottle 0.026658833026885986 460 26 485 88
bus 0.008778899908065796 23 0 500 250
person 0.8828321695327759 163 69 282 241
person 0.003222525119781494 162 76 329 246
bus 0.011244326829910278 -1 -69 496 221
bottle 0.035412728786468506 483 7 499 86
person 0.00406983494758606 226 104 329 248
car 0.002867281436920166 64 177 100 204
