motorbike 0.8397353291511536 0 92 139 294
motorbike 0.057074129581451416 0 92 215 293
motorbike 0.8757897019386292 141 67 380 365
motorbike 0.0022785067558288574 264 48 344 158
person 0.00276830792427063 273 48 348 171
person 0.001455157995223999 311 47 350 172
motorbike 0.012431591749191284 42 77 137 144
person 0.16131919622421265 57 65 82 103
person 0.22405511140823364 58 65 94 101
motorbike 0.0020346641540527344 168 111 200 139
motorbike 0.019195973873138428 33 92 138 165
person 0.005888134241104126 318 79 342 110
person 0.03032785654067993 328 80 343 109
motorbike 0.13251429796218872 167 81 274 155
person 0.005597800016403198 328 55 347 110
motorbike 0.0021321773529052734 167 118 188 152
motorbike 0.0013406574726104736 99 40 424 161
motorbike 0.0024824440479278564 267 46 384 142
motorbike 0.0010241866111755371 264 47 498 144
person 0.003960907459259033 97 74 130 122
car 0.0018459856510162354 33 81 137 164
motorbike 0.0018103718757629395 87 96 226 155
motorbike 0.001455157995223999 119 98 216 154
motorbike 0.052617788314819336 167 95 231 154
bicycle 0.004348009824752808 0 73 11 105
motorbike 0.10594767332077026 169 88 304 156
motorbike 0.025957345962524414 170 77 348 184
motorbike 0.0018245279788970947 268 44 368 196
person 0.003736436367034912 97 74 118 102
person 0.006823897361755371 29 91 136 228
motorbike 0.028761863708496094 28 92 136 245
motorbike 0.0050605833530426025 160 67 380 273
motorbike 0.0013778507709503174 168 105 262 167
motorbike 0.001560807228088379 169 98 310 172
bicycle 0.002641737461090088 0 74 12 130
motorbike 0.012528061866760254 165 60 344 234
person 0.016786664724349976 63 75 97 117
person 0.0022431910037994385 316 71 348 172
motorbike 0.0014438629150390625 58 93 242 271
motorbike 0.047423362731933594 168 115 202 153
motorbike 0.14128419756889343 168 112 213 154
person 0.010289043188095093 326 79 343 121
person 0.0015366971492767334 328 77 348 122
motorbike 0.0013995170593261719 0 67 12 127
person 0.04535484313964844 54 70 112 136
person 0.27357473969459534 56 65 93 117
person 0.02920001745223999 85 73 131 135
bicycle 0.0016102492809295654 264 46 352 156
person 0.001432657241821289 294 77 340 139
person 0.003442734479904175 307 78 342 145
person 0.010818421840667725 318 78 344 149
person 0.006771385669708252 322 78 349 152
person 0.0010817945003509521 328 70 349 156
motorbike 0.0012159943580627441 148 94 178 133
motorbike 0.0010083019733428955 128 144 288 260
