sheep 0.008950114250183105 432 32 472 61
sheep 0.0017410516738891602 482 28 499 49
sheep 0.0024344027042388916 485 31 499 53
sheep 0.004198610782623291 343 127 398 187
sheep 0.034360289573669434 196 32 228 55
sheep 0.002969682216644287 101 138 124 183
sheep 0.006850332021713257 467 181 497 224
sheep 0.002140522003173828 491 173 500 226
sheep 0.850963830947876 394 134 434 194
sheep 0.0034027397632598877 94 133 122 184
sheep 0.7690780162811279 215 108 235 131
sheep 0.004609555006027222 483 182 499 224
sheep 0.0020991265773773193 490 191 499 224
sheep 0.8289371728897095 237 109 263 133
sheep 0.7853084802627563 361 134 392 192
sheep 0.01524651050567627 0 69 33 100
sheep 0.0010526180267333984 360 86 395 104
sheep 0.0013617873191833496 236 75 256 92
sheep 0.0012692809104919434 136 42 162 69
sheep 0.11047384142875671 244 76 255 91
sheep 0.009089648723602295 243 75 263 91
sheep 0.2982872724533081 127 131 183 189
sheep 0.005957245826721191 260 72 275 88
sheep 0.011776894330978394 265 72 276 85
sheep 0.009267330169677734 0 69 35 113
sheep 0.0021912753582000732 175 80 198 107
sheep 0.0010444223880767822 354 130 372 158
sheep 0.0012159943580627441 369 130 399 155
sheep 0.04903769493103027 0 166 28 194
sheep 0.001455157995223999 80 166 95 193
sheep 0.0024438798427581787 483 33 499 60
sheep 0.0022519826889038086 486 190 499 224
sheep 0.01155179738998413 386 131 415 161
sheep 0.0018245279788970947 125 69 137 86
sheep 0.001225501298904419 104 162 119 189
sheep 0.015129566192626953 0 46 34 80
sheep 0.0028339028358459473 36 63 54 80
sheep 0.8910531997680664 294 133 333 187
sheep 0.005911082029342651 236 109 255 128
sheep 0.8661319017410278 338 131 370 178
sheep 0.001388639211654663 104 148 128 188
sheep 0.0019343793392181396 3 55 34 78
sheep 0.008062601089477539 35 63 69 81
sheep 0.0860166847705841 127 130 145 146
sheep 0.11279869079589844 127 130 152 147
sheep 0.009124904870986938 26 140 47 183
sheep 0.003285646438598633 107 64 116 77
sheep 0.8697161674499512 102 136 154 187
sheep 0.004700213670730591 86 132 112 190
sheep 0.0069571733474731445 26 141 38 158
sheep 0.7676874399185181 80 164 116 198
sheep 0.005021452903747559 347 130 374 181
sheep 0.001388639211654663 357 131 381 182
sheep 0.8407841920852661 140 140 206 192
sheep 0.0010988116264343262 483 33 499 88
sheep 0.06030997633934021 393 133 419 175
sheep 0.0012842416763305664 18 140 38 175
sheep 0.0018676519393920898 492 149 500 232
sheep 0.005752265453338623 26 140 39 165
sheep 0.0034832358360290527 87 133 101 171
sheep 0.0020425915718078613 100 135 121 171
sheep 0.03993484377861023 127 130 167 186
sheep 0.0033112764358520508 144 137 185 178
sheep 0.0013250410556793213 306 175 332 186
sheep 0.0020585954189300537 474 146 499 229
sheep 0.012528061866760254 225 21 253 49
sheep 0.3923368453979492 381 132 402 180
sheep 0.001225501298904419 352 130 373 168
sheep 0.0038396716117858887 356 130 378 164
sheep 0.005511492490768433 366 130 399 164
sheep 0.13206565380096436 380 131 401 158
sheep 0.027692049741744995 128 130 180 151
sheep 0.039487868547439575 135 133 184 150
sheep 0.026356011629104614 150 136 184 150
sheep 0.04689863324165344 127 130 156 164
