cow 0.0028009116649627686 102 138 141 185
cow 0.5698527097702026 115 140 141 187
cow 0.0029928982257843018 146 144 212 211
pottedplant 0.0012842416763305664 300 75 373 267
cow 0.8233271837234497 150 153 207 250
sheep 0.01155179738998413 121 128 151 177
sheep 0.004231303930282593 141 129 169 157
pottedplant 0.015364378690719604 37 261 156 381
sheep 0.0012112557888031006 169 133 203 152
cow 0.15507644414901733 103 131 123 172
sheep 0.0708191990852356 114 140 141 187
sheep 0.13296425342559814 103 131 123 173
sheep 0.003884732723236084 109 135 131 175
sheep 0.9130566120147705 245 155 360 292
sheep 0.042245686054229736 168 133 195 157
sheep 0.001264333724975586 142 133 180 175
sheep 0.005119770765304565 146 138 195 178
sheep 0.0099753737449646 163 133 197 174
cow 0.1925387978553772 141 134 169 175
cow 0.05728462338447571 170 137 227 200
sheep 0.01627802848815918 117 129 140 144
sheep 0.015364378690719604 120 129 142 176
sheep 0.0019494593143463135 149 152 194 186
sheep 0.0034832358360290527 171 138 223 192
cow 0.003324180841445923 194 140 228 206
sheep 0.0022431910037994385 12 205 23 221
sheep 0.01764485239982605 105 130 136 146
sheep 0.002867281436920166 12 205 39 224
sheep 0.011331260204315186 120 129 139 141
sheep 0.005301922559738159 121 129 148 144
sheep 0.010449320077896118 143 128 167 141
sheep 0.001020193099975586 149 152 195 200
sheep 0.014009058475494385 169 132 189 144
sheep 0.012006610631942749 169 132 195 146
sheep 0.2450861930847168 141 133 169 175
sheep 0.0010775625705718994 12 205 29 222
sheep 0.022715508937835693 169 135 213 167
sheep 0.05921009182929993 169 136 225 175
sheep 0.0013147294521331787 66 166 113 202
cow 0.0037219226360321045 171 175 208 243
