diningtable 0.001489490270614624 26 163 446 373
pottedplant 0.33807653188705444 0 52 39 291
pottedplant 0.010014057159423828 285 76 470 329
pottedplant 0.009485304355621338 298 92 415 312
pottedplant 0.05623906850814819 315 108 442 338
pottedplant 0.008511096239089966 38 129 182 272
pottedplant 0.7154243588447571 158 142 250 267
pottedplant 0.46976348757743835 346 170 427 336
pottedplant 0.8872013092041016 398 168 499 373
pottedplant 0.0012943148612976074 89 127 148 188
pottedplant 0.003496825695037842 243 159 301 237
pottedplant 0.015845149755477905 147 33 235 160
pottedplant 0.0022344589233398438 0 123 32 197
pottedplant 0.007288604974746704 260 84 305 167
pottedplant 0.0010567307472229004 486 56 499 139
pottedplant 0.0022607743740081787 32 136 91 195
pottedplant 0.003751039505004883 0 67 18 188
pottedplant 0.001335442066192627 437 167 500 244
pottedplant 0.0017615854740142822 472 162 499 260
pottedplant 0.0011074244976043701 28 81 95 175
pottedplant 0.0019117295742034912 486 55 499 185
pottedplant 0.001489490270614624 490 160 499 313
pottedplant 0.006241738796234131 0 67 20 230
pottedplant 0.0022170841693878174 270 50 342 128
pottedplant 0.00185316801071167 29 101 90 196
pottedplant 0.0021488964557647705 379 169 443 334
pottedplant 0.0011336207389831543 10 1 192 134
pottedplant 0.0010567307472229004 47 84 113 160
pottedplant 0.0023506581783294678 36 54 155 201
pottedplant 0.018867909908294678 0 0 83 195
pottedplant 0.0018969178199768066 472 168 500 372
pottedplant 0.008445650339126587 3 1 112 171
pottedplant 0.0012692809104919434 3 1 156 154
pottedplant 0.18300914764404297 258 81 342 235
chair 0.0012447535991668701 39 55 77 122
pottedplant 0.7799931764602661 33 11 186 271
pottedplant 0.018474966287612915 39 48 76 107
pottedplant 0.019869893789291382 350 88 411 219
pottedplant 0.03732478618621826 159 53 313 239
pottedplant 0.003389507532119751 0 157 16 206
pottedplant 0.6791782379150391 296 92 411 236
pottedplant 0.012528061866760254 257 19 486 319
pottedplant 0.0024344027042388916 447 177 499 375
pottedplant 0.008915573358535767 0 158 19 219
pottedplant 0.003063589334487915 0 57 35 146
pottedplant 0.0030162930488586426 370 7 500 366
pottedplant 0.024421334266662598 0 67 48 196
pottedplant 0.0012742578983306885 354 123 411 216
pottedplant 0.002693742513656616 39 107 98 152
pottedplant 0.013689994812011719 0 111 12 197
pottedplant 0.0012447535991668701 259 86 313 148
pottedplant 0.010776817798614502 0 115 17 196
pottedplant 0.0013250410556793213 136 89 181 165
pottedplant 0.0034832358360290527 149 91 181 164
pottedplant 0.06488728523254395 157 103 312 266
pottedplant 0.008156836032867432 0 132 11 156
pottedplant 0.007547855377197266 0 148 19 244
pottedplant 0.002453356981277466 149 99 185 240
pottedplant 0.6740499138832092 302 218 374 317
pottedplant 0.00185316801071167 151 114 247 248
pottedplant 0.0021912753582000732 209 106 288 255
pottedplant 0.019869893789291382 0 130 10 168
pottedplant 0.016153186559677124 0 128 12 183
pottedplant 0.00933942198753357 0 108 39 188
pottedplant 0.0033501386642456055 294 163 346 229
pottedplant 0.0050605833530426025 0 50 12 176
pottedplant 0.0018245279788970947 346 32 423 102
pottedplant 0.004086285829544067 0 63 28 176
pottedplant 0.004264324903488159 345 89 453 238
pottedplant 0.002590775489807129 0 102 11 156
pottedplant 0.0012065470218658447 22 88 48 147
pottedplant 0.0024628937244415283 177 106 269 269
pottedplant 0.0013564825057983398 490 221 499 362
pottedplant 0.039487868547439575 208 106 316 267
pottedplant 0.03296089172363281 258 3 422 235
pottedplant 0.001524806022644043 275 208 317 272
pottedplant 0.0012943148612976074 151 121 180 161
pottedplant 0.001466512680053711 288 213 371 287
pottedplant 0.0016292035579681396 359 84 443 262
pottedplant 0.004755467176437378 395 164 482 344
pottedplant 0.0012742578983306885 405 0 499 344
pottedplant 0.0010733604431152344 332 233 378 311
pottedplant 0.012053072452545166 2 128 86 256
pottedplant 0.011374980211257935 31 135 87 260
pottedplant 0.003147989511489868 188 170 252 265
pottedplant 0.0015487074851989746 22 52 83 129
pottedplant 0.4282335042953491 232 198 298 281
pottedplant 0.003222525119781494 40 11 139 164
pottedplant 0.0029466450214385986 288 215 317 274
pottedplant 0.00593411922454834 56 0 169 171
pottedplant 0.002641737461090088 62 23 191 167
pottedplant 0.002631455659866333 90 30 229 165
pottedplant 0.0012544989585876465 107 131 186 256
pottedplant 0.16776436567306519 186 29 265 157
pottedplant 0.0015853047370910645 260 81 337 147
pottedplant 0.0019266009330749512 260 13 350 150
pottedplant 0.004830062389373779 0 67 18 289
pottedplant 0.024235934019088745 0 84 77 268
pottedplant 0.00406983494758606 394 159 467 307
pottedplant 0.0018969178199768066 399 165 499 273
pottedplant 0.001020193099975586 134 110 184 239
pottedplant 0.4610167145729065 0 157 39 287
pottedplant 0.00803142786026001 0 159 39 246
pottedplant 0.01854574680328369 152 139 214 237
pottedplant 0.001040339469909668 257 149 324 213
pottedplant 0.008846968412399292 29 0 107 118
pottedplant 0.008252084255218506 113 1 230 130
pottedplant 0.0013302266597747803 204 30 256 90
pottedplant 0.0019876956939697266 228 0 337 130
person 0.003185272216796875 0 -1 35 175
pottedplant 0.008252084255218506 38 25 108 119
pottedplant 0.0021827220916748047 204 30 261 121
pottedplant 0.006438493728637695 276 0 373 145
pottedplant 0.0075772106647491455 38 47 89 120
pottedplant 0.004102110862731934 257 158 300 215
pottedplant 0.0012742578983306885 21 0 82 117
pottedplant 0.0020991265773773193 321 30 426 140
