chair 0.03222090005874634 434 68 500 373
tvmonitor 0.03371736407279968 288 25 355 62
tvmonitor 0.026155948638916016 299 25 365 63
tvmonitor 0.0020666420459747314 330 25 372 57
person 0.057074129581451416 312 180 343 210
tvmonitor 0.0010650157928466797 454 75 499 226
tvmonitor 0.003235042095184326 0 142 101 218
person 0.03817746043205261 440 0 493 63
person 0.0011603832244873047 482 2 499 46
person 0.0021488964557647705 491 2 500 46
tvmonitor 0.0097084641456604 27 52 95 150
tvmonitor 0.015013545751571655 240 177 292 233
tvmonitor 0.0014104843139648438 0 180 13 288
person 0.0024438798427581787 297 176 355 238
chair 0.0011248290538787842 459 217 499 355
tvmonitor 0.18242335319519043 0 60 60 184
tvmonitor 0.02386951446533203 51 52 95 148
pottedplant 0.1980639398097992 187 0 241 27
pottedplant 0.00593411922454834 259 0 315 23
pottedplant 0.005819797515869141 276 0 327 25
pottedplant 0.0064885616302490234 274 0 353 26
chair 0.001560807228088379 0 142 22 377
pottedplant 0.0025310516357421875 305 2 341 25
chair 0.002199828624725342 0 140 37 376
tvmonitor 0.0010817945003509521 88 45 265 195
pottedplant 0.0014215409755706787 222 1 398 149
chair 0.019793838262557983 441 0 499 225
pottedplant 0.003235042095184326 288 0 316 21
tvmonitor 0.014062851667404175 0 47 94 192
tvmonitor 0.9437609314918518 90 45 216 211
pottedplant 0.11961567401885986 257 -2 388 56
pottedplant 0.004264324903488159 253 0 389 117
chair 0.21800264716148376 432 206 499 372
chair 0.0026832520961761475 0 260 37 374
tvmonitor 0.003991752862930298 0 50 68 253
tvmonitor 0.8976983428001404 212 48 353 175
tvmonitor 0.0010988116264343262 0 0 62 72
pottedplant 0.011287689208984375 303 0 388 86
tvmonitor 0.023688465356826782 278 25 370 70
tvmonitor 0.0020346641540527344 281 24 370 88
pottedplant 0.003899872303009033 330 0 389 131
tvmonitor 0.001264333724975586 0 130 13 286
person 0.023242324590682983 440 0 498 136
tvmonitor 0.0017410516738891602 470 72 499 200
tvmonitor 0.00185316801071167 399 87 439 140
pottedplant 0.0177803635597229 343 0 388 39
bottle 0.0023690462112426758 492 0 499 45
person 0.0015487074851989746 299 166 357 212
pottedplant 0.015364378690719604 187 0 241 52
tvmonitor 0.0017893016338348389 269 15 384 60
tvmonitor 0.005002021789550781 0 140 102 271
pottedplant 0.06210097670555115 317 0 389 39
tvmonitor 0.13753482699394226 237 169 302 238
person 0.00406983494758606 482 0 499 62
tvmonitor 0.004022836685180664 194 163 303 241
tvmonitor 0.7074048519134521 295 163 361 237
