person 0.9520411491394043 397 1 499 375
car 0.005468875169754028 0 7 49 373
motorbike 0.8128677606582642 111 16 427 373
motorbike 0.18952050805091858 35 7 75 61
person 0.001040339469909668 2 0 30 26
person 0.002969682216644287 252 1 300 74
person 0.462958425283432 294 3 319 84
person 0.004609555006027222 464 29 480 48
person 0.003565669059753418 17 0 36 24
person 0.0026623904705047607 463 25 484 48
person 0.0012350976467132568 56 0 76 26
person 0.0013459324836730957 459 2 500 70
bicycle 0.0023690462112426758 0 144 10 256
diningtable 0.004118025302886963 0 81 36 183
person 0.0018103718757629395 0 3 9 152
person 0.0012447535991668701 35 46 53 97
person 0.006615281105041504 185 0 216 27
person 0.002631455659866333 458 27 481 50
person 0.0013564825057983398 451 22 498 56
person 0.0019954144954681396 10 53 44 199
motorbike 0.003824770450592041 307 37 441 236
motorbike 0.001831650733947754 293 88 417 221
car 0.0016419589519500732 0 3 87 379
bottle 0.02920001745223999 99 79 174 101
person 0.0010162293910980225 337 0 377 65
person 0.01711207628250122 479 156 499 373
bottle 0.001972287893295288 141 72 175 103
person 0.002693742513656616 462 0 499 55
person 0.023598521947860718 0 -2 15 112
person 0.05856207013130188 0 27 26 257
person 0.9193568825721741 90 0 168 199
motorbike 0.01292121410369873 48 19 75 61
person 0.5869963765144348 0 1 44 235
person 0.00257071852684021 483 104 499 375
car 0.0021488964557647705 298 33 446 207
person 0.005261063575744629 196 0 216 24
person 0.014614790678024292 419 43 461 80
person 0.0026832520961761475 248 0 261 38
motorbike 0.0017275214195251465 53 30 75 61
person 0.009936809539794922 0 1 30 146
person 0.0011694133281707764 0 0 21 32
person 0.0320991575717926 184 0 204 31
person 0.0021657347679138184 245 1 262 50
person 0.07949241995811462 313 0 348 72
person 0.0010567307472229004 335 0 435 85
chair 0.0051396191120147705 0 83 28 203
person 0.0033632218837738037 294 1 335 85
person 0.0026520490646362305 410 16 461 79
person 0.025760233402252197 0 1 16 219
person 0.7826625108718872 68 0 105 98
person 0.002725452184677124 221 1 256 57
person 0.0016355812549591064 189 0 258 159
motorbike 0.0011603832244873047 184 2 274 102
person 0.0034561753273010254 229 3 261 56
motorbike 0.006538987159729004 191 19 305 78
person 0.005865275859832764 250 3 269 45
motorbike 0.08418995141983032 251 26 304 76
person 0.0010083019733428955 7 1 36 47
person 0.0031976401805877686 18 0 38 34
motorbike 0.010818421840667725 233 30 295 76
person 0.013689994812011719 0 66 18 269
person 0.0022963285446166992 19 0 39 45
person 0.001714080572128296 424 1 499 206
person 0.005002021789550781 464 0 499 220
person 0.00955912470817566 30 0 57 52
person 0.004645615816116333 0 69 14 365
person 0.0011971890926361084 87 0 109 40
person 0.019642621278762817 135 1 204 189
person 0.0015977323055267334 156 0 204 54
chair 0.001069188117980957 403 68 437 139
person 0.003621727228164673 0 28 5 177
person 0.00284498929977417 0 125 11 259
diningtable 0.003222525119781494 0 69 41 164
person 0.002406179904937744 0 161 10 259
person 0.1883234679698944 261 0 291 41
person 0.001964658498764038 268 1 301 40
person 0.0030162930488586426 293 1 318 44
person 0.006797581911087036 312 0 349 45
person 0.0031115710735321045 -1 1 37 60
person 0.6242939233779907 383 0 433 74
person 0.0024344027042388916 155 0 189 56
person 0.012871414422988892 419 7 464 79
person 0.031616777181625366 419 1 500 80
person 0.011596441268920898 182 0 204 70
person 0.0015307366847991943 461 0 499 136
motorbike 0.010328888893127441 18 6 74 74
motorbike 0.009231507778167725 219 15 302 75
person 0.6740499138832092 155 1 203 78
person 0.12043944001197815 195 0 257 60
person 0.007846683263778687 409 0 469 79
person 0.0013250410556793213 448 0 499 79
