aeroplane 0.0013302266597747803 47 164 271 357
car 0.02080520987510681 46 170 269 313
car 0.1307273805141449 112 176 380 249
car 0.01791679859161377 89 176 402 325
person 0.0021657347679138184 55 162 184 373
car 0.043693095445632935 111 175 260 367
car 0.023198217153549194 132 175 323 368
person 0.0018822550773620605 155 177 275 369
boat 0.0013459324836730957 4 236 484 373
person 0.963642418384552 54 163 258 374
person 0.9590025544166565 149 181 390 373
person 0.0011336207389831543 443 184 467 202
person 0.3593648076057434 463 172 482 207
car 0.0011925697326660156 91 158 135 176
car 0.003160238265991211 100 159 135 178
person 0.002341538667678833 374 157 385 173
person 0.003824770450592041 440 142 453 186
person 0.0017684698104858398 364 160 372 181
person 0.00593411922454834 367 160 374 182
boat 0.010368883609771729 395 5 444 141
person 0.003809899091720581 376 160 384 178
person 0.0011248290538787842 422 161 434 185
aeroplane 0.005865275859832764 15 93 401 230
boat 0.0030874907970428467 34 82 406 238
boat 0.0018245279788970947 59 58 396 320
boat 0.00517958402633667 92 20 401 362
boat 0.0017007291316986084 393 6 455 363
boat 0.0029812753200531006 410 6 499 344
aeroplane 0.0030045807361602783 18 118 306 252
bottle 0.07290294766426086 250 231 280 268
aeroplane 0.002359837293624878 27 154 282 234
car 0.0042809247970581055 93 158 136 186
car 0.024189800024032593 111 169 354 232
car 0.0020991265773773193 30 165 420 235
bottle 0.05089092254638672 250 231 268 268
boat 0.008062601089477539 395 5 449 204
person 0.0894579291343689 396 162 408 185
boat 0.0037074387073516846 46 6 450 216
boat 0.0017615854740142822 282 6 446 210
person 0.04921990633010864 418 161 427 186
person 0.01791679859161377 420 161 429 186
boat 0.0060506463050842285 398 7 499 209
person 0.00369301438331604 435 161 451 185
person 0.00955912470817566 470 162 486 191
person 0.08819276094436646 41 165 51 192
car 0.0011879205703735352 117 190 179 227
car 0.0026727914810180664 1 156 27 168
person 0.592666506767273 476 164 491 207
person 0.014392048120498657 494 164 500 207
car 0.39047569036483765 114 176 259 228
car 0.2546006739139557 149 176 262 219
person 0.01444736123085022 440 164 454 187
person 0.0017410516738891602 438 177 467 201
bottle 0.03021344542503357 262 231 281 269
person 0.02104562520980835 372 159 383 182
car 0.0019117295742034912 60 164 152 249
car 0.015483170747756958 27 177 207 239
person 0.003621727228164673 437 162 447 185
person 0.05770769715309143 441 160 452 184
car 0.0016678273677825928 118 213 142 226
car 0.001714080572128296 117 205 173 228
car 0.008252084255218506 114 194 205 237
car 0.0024724602699279785 135 172 373 221
person 0.02748247981071472 413 162 424 186
car 0.004399091005325317 32 171 199 259
car 0.0022257566452026367 17 184 243 236
