sofa 0.0030045807361602783 16 133 497 332
sofa 0.004609555006027222 -1 58 469 307
dog 0.9394690990447998 133 131 371 295
chair 0.004054129123687744 98 0 237 169
chair 0.0479588508605957 0 64 108 178
chair 0.007120847702026367 96 2 489 175
dog 0.01704654097557068 238 0 500 262
sofa 0.002693742513656616 0 63 108 250
dog 0.28856855630874634 102 0 497 199
sofa 0.002115577459335327 0 63 326 179
sofa 0.3132089376449585 0 62 107 179
dog 0.062328606843948364 351 217 469 276
dog 0.003324180841445923 200 200 373 294
