diningtable 0.8918098211288452 11 114 471 318
chair 0.0012842416763305664 27 147 194 316
chair 0.5869963765144348 1 203 162 317
chair 0.010571062564849854 46 166 171 317
chair 0.3702242970466614 110 71 182 124
bottle 0.006538987159729004 0 79 4 108
bottle 0.0010162293910980225 4 78 26 104
chair 0.0021488964557647705 18 108 54 187
chair 0.0022344589233398438 18 111 58 168
chair 0.0025115013122558594 0 140 34 318
pottedplant 0.001335442066192627 2 16 35 98
chair 0.014502942562103271 0 71 40 196
chair 0.007232218980789185 0 72 78 196
chair 0.004982620477676392 15 80 81 160
bottle 0.005002021789550781 0 74 4 117
chair 0.0033632218837738037 120 84 181 124
chair 0.025034040212631226 6 67 114 264
chair 0.003389507532119751 1 0 66 142
chair 0.011201143264770508 18 96 81 194
chair 0.006903529167175293 1 0 70 192
chair 0.004963308572769165 0 0 81 278
chair 0.02315419912338257 1 142 78 291
chair 0.016153186559677124 7 0 106 137
chair 0.5544705390930176 366 85 458 157
chair 0.018334269523620605 1 93 31 196
chair 0.0022344589233398438 19 111 75 162
chair 0.0012792348861694336 18 94 74 166
chair 0.007816284894943237 440 112 476 251
pottedplant 0.00933942198753357 0 0 61 103
chair 0.01069408655166626 146 0 272 123
chair 0.0013778507709503174 0 79 44 303
chair 0.17273107171058655 1 87 79 266
