car 0.9367526173591614 165 135 488 371
car 0.0010322332382202148 408 119 489 159
car 0.1666761040687561 440 120 488 156
car 0.007547855377197266 440 119 489 175
car 0.0010241866111755371 447 117 499 219
person 0.0016613304615020752 0 76 9 205
car 0.0010775625705718994 0 68 10 97
car 0.010449320077896118 19 82 38 97
car 0.11676490306854248 29 80 81 96
person 0.04569396376609802 490 258 499 353
car 0.5058591365814209 54 80 81 95
car 0.6791782379150391 99 77 143 93
car 0.0029812753200531006 143 72 200 114
car 0.010014057159423828 196 71 229 82
car 0.020646393299102783 198 70 242 83
car 0.4513263702392578 197 68 260 90
car 0.006666600704193115 248 70 268 91
car 0.9674111604690552 35 80 301 186
car 0.0016548335552215576 256 70 285 88
car 0.024702221155166626 283 68 336 88
car 0.0016228556632995605 307 73 338 83
car 0.19193220138549805 357 74 390 91
car 0.08663347363471985 387 73 402 90
car 0.03846472501754761 388 72 422 90
bottle 0.004982620477676392 490 251 499 360
car 0.0028339028358459473 405 71 424 90
car 0.0021657347679138184 477 67 497 92
car 0.6261249780654907 20 81 61 97
car 0.0012544989585876465 91 77 104 92
car 0.002631455659866333 144 80 256 112
car 0.0026623904705047607 174 78 252 109
person 0.0026727914810180664 188 69 267 113
car 0.0016419589519500732 212 74 269 96
car 0.003063589334487915 274 73 301 96
car 0.0067453086376190186 284 73 302 96
car 0.0013995170593261719 284 73 317 97
car 0.001178741455078125 489 88 499 146
car 0.006876885890960693 377 74 400 93
car 0.0017963051795959473 301 76 337 100
person 0.0034027397632598877 0 68 8 119
car 0.0013044774532318115 83 76 107 92
car 0.4167965054512024 146 73 197 84
car 0.012099772691726685 146 76 201 102
bottle 0.03889983892440796 490 258 499 296
car 0.10856792330741882 184 69 264 105
car 0.29583969712257385 468 74 489 92
car 0.007176309823989868 471 70 495 92
car 0.0018676519393920898 491 57 499 98
car 0.1666761040687561 283 67 337 96
person 0.0022607743740081787 177 81 246 114
person 0.001477956771850586 187 83 242 117
person 0.014392048120498657 206 87 246 112
person 0.006589770317077637 207 90 236 114
person 0.009936809539794922 204 85 263 111
car 0.8633896112442017 301 76 384 104
car 0.8187379837036133 407 70 471 94
car 0.17895618081092834 117 78 144 91
car 0.016658097505569458 444 71 488 93
car 0.018194735050201416 142 78 159 87
car 0.01467105746269226 142 76 165 87
car 0.0014438629150390625 488 68 498 93
car 0.02396056056022644 155 71 200 89
car 0.0019876956939697266 153 73 237 107
car 0.0024344027042388916 181 70 253 97
person 0.018976598978042603 254 72 269 91
car 0.002424955368041992 271 76 283 89
car 0.0017963051795959473 276 73 299 91
car 0.002779155969619751 284 70 307 97
car 0.0057077109813690186 122 76 144 87
car 0.006589770317077637 142 75 158 85
car 0.0034027397632598877 183 78 271 114
car 0.002011030912399292 403 73 423 94
person 0.005752265453338623 0 94 9 165
car 0.005957245826721191 290 74 365 99
car 0.0027360916137695312 484 68 496 94
bottle 0.018194735050201416 0 287 9 373
car 0.0010567307472229004 474 62 489 76
car 0.0018969178199768066 196 69 226 81
car 0.0029928982257843018 240 68 268 90
car 0.004924893379211426 309 67 340 81
car 0.0010567307472229004 399 69 423 88
car 0.0029928982257843018 471 68 489 89
car 0.0026623904705047607 473 66 489 85
car 0.0010241866111755371 485 61 499 86
