person 0.003235042095184326 34 105 457 367
chair 0.002323359251022339 473 88 499 371
dog 0.0012544989585876465 80 255 287 341
chair 0.0017684698104858398 467 147 499 372
sofa 0.1766728162765503 3 50 454 365
dog 0.8606008291244507 60 118 295 340
dog 0.0032476186752319336 38 61 464 361
person 0.02898019552230835 277 48 404 162
pottedplant 0.0021321773529052734 474 226 499 336
chair 0.0013459324836730957 485 250 499 372
pottedplant 0.004399091005325317 474 171 499 390
chair 0.00391504168510437 480 194 499 373
dog 0.004166156053543091 156 176 286 315
cat 0.005426615476608276 157 144 295 319
