pottedplant 0.1661340892314911 16 1 498 325
pottedplant 0.0019799768924713135 252 3 499 325
pottedplant 0.012335866689682007 36 75 294 324
bottle 0.00933942198753357 481 16 500 320
pottedplant 0.003442734479904175 185 75 300 307
pottedplant 0.0029928982257843018 478 12 499 84
pottedplant 0.010328888893127441 475 0 499 193
bird 0.00564149022102356 481 94 499 243
chair 0.0015426874160766602 317 47 500 279
cat 0.003298431634902954 480 -1 499 295
pottedplant 0.0010241866111755371 473 0 499 324
pottedplant 0.11919951438903809 195 75 287 245
chair 0.002901047468185425 268 3 499 320
bird 0.0017823278903961182 473 76 499 196
pottedplant 0.004118025302886963 140 75 287 306
bird 0.05460202693939209 482 51 499 335
bird 0.0028561055660247803 480 139 500 271
bottle 0.0016355812549591064 480 45 499 190
bottle 0.003736436367034912 489 42 499 191
bird 0.019343703985214233 197 76 288 227
bird 0.013480961322784424 471 25 499 319
bird 0.0548042356967926 482 21 499 270
pottedplant 0.005532950162887573 477 38 499 132
