bus 0.0017207860946655273 0 91 47 321
bus 0.0010485053062438965 6 322 483 437
bus 0.004231303930282593 0 172 110 322
bus 0.0012544989585876465 6 132 167 322
bus 0.0060506463050842285 12 15 223 323
car 0.001432657241821289 0 194 7 251
car 0.0013044774532318115 0 206 6 253
bus 0.001674354076385498 0 172 27 263
bus 0.06779336929321289 0 172 32 322
bus 0.013326108455657959 0 172 50 322
bus 0.03384503722190857 0 242 31 317
bus 0.9541356563568115 10 0 500 325
bus 0.019718080759048462 0 268 25 323
bus 0.014336913824081421 0 230 10 323
car 0.0022785067558288574 9 244 31 315
bus 0.0021742284297943115 0 188 10 243
