chair 0.004007279872894287 401 164 499 373
chair 0.002074718475341797 248 91 442 370
person 0.0538000762462616 0 75 97 358
chair 0.49121177196502686 1 90 134 307
chair 0.4082767069339752 251 95 445 227
chair 0.08064311742782593 401 8 499 373
chair 0.8019360303878784 248 171 381 373
bottle 0.0015010833740234375 232 0 257 29
person 0.00142708420753479 0 86 81 210
cat 0.0011879205703735352 66 188 105 304
chair 0.004982620477676392 0 88 84 210
bottle 0.0010775625705718994 436 104 499 315
tvmonitor 0.00916031002998352 5 121 111 326
chair 0.0012159943580627441 234 9 466 230
chair 0.047423362731933594 0 87 119 246
cat 0.0016355812549591064 322 187 363 251
tvmonitor 0.0019419193267822266 0 97 29 219
chair 0.001449495553970337 267 12 499 314
person 0.2605762481689453 0 86 126 308
person 0.002323359251022339 330 0 345 36
chair 0.05146035552024841 71 157 135 303
chair 0.009231507778167725 251 170 364 318
cat 0.0023052990436553955 328 219 362 250
tvmonitor 0.027067720890045166 0 145 77 339
chair 0.002590775489807129 271 170 362 251
bottle 0.0010485053062438965 478 91 499 305
chair 0.042245686054229736 28 154 135 308
chair 0.006097882986068726 431 90 499 294
pottedplant 0.003537982702255249 441 97 499 290
person 0.0030516982078552246 0 56 29 352
