bird 0.0063148438930511475 95 139 415 373
person 0.0010945498943328857 371 34 499 373
person 0.004982620477676392 442 50 499 372
bird 0.0010817945003509521 135 188 300 373
bird 0.0014050006866455078 146 176 347 373
bird 0.0015010833740234375 152 62 429 371
tvmonitor 0.00809389352798462 13 286 148 373
chair 0.0018388032913208008 13 283 402 374
bird 0.003991752862930298 14 264 440 374
person 0.0026727914810180664 62 194 414 373
person 0.08210369944572449 467 121 499 369
person 0.003442734479904175 406 62 499 372
person 0.0019799768924713135 467 21 499 257
person 0.020410388708114624 467 128 499 232
diningtable 0.004503071308135986 0 -72 481 230
chair 0.004038453102111816 468 129 500 405
bird 0.9314613938331604 82 14 438 373
chair 0.058133482933044434 85 277 148 374
chair 0.0018822550773620605 103 29 483 371
chair 0.003565669059753418 210 43 490 373
chair 0.025760233402252197 12 278 149 374
chair 0.0016102492809295654 84 328 137 373
chair 0.004468142986297607 87 277 143 337
chair 0.00916031002998352 84 305 138 375
chair 0.001289278268814087 107 302 141 374
person 0.0017547309398651123 455 115 499 318
