person 0.9145961999893188 98 68 300 338
diningtable 0.0014050006866455078 144 134 432 357
person 0.001495271921157837 400 98 499 368
person 0.963642418384552 0 105 160 373
diningtable 0.8679343461990356 164 155 499 374
person 0.005261063575744629 -1 100 267 373
person 0.0017410516738891602 0 105 36 369
diningtable 0.0010043680667877197 276 149 500 239
diningtable 0.0019266009330749512 16 200 488 374
person 0.028437048196792603 477 13 499 62
person 0.05749580264091492 424 70 488 139
person 0.004609555006027222 441 70 493 142
person 0.011158108711242676 159 65 213 178
person 0.013901978731155396 447 70 498 186
person 0.007120847702026367 122 65 214 189
person 0.003899872303009033 482 63 499 112
person 0.028115570545196533 151 66 221 195
person 0.0020991265773773193 489 65 499 109
person 0.0017963051795959473 183 103 265 185
diningtable 0.003510504961013794 0 188 17 226
chair 0.006771385669708252 0 190 16 247
person 0.012723177671432495 166 65 212 140
person 0.014282047748565674 441 71 499 220
person 0.26511818170547485 478 71 499 230
person 0.00257071852684021 373 119 477 185
bottle 0.004133999347686768 427 122 466 177
person 0.4167965054512024 194 71 281 174
person 0.0060742199420928955 185 67 213 140
person 0.0022170841693878174 188 69 225 133
bottle 0.010986179113388062 0 122 10 189
person 0.02112632989883423 136 66 253 195
bottle 0.0011031031608581543 348 137 376 203
person 0.001455157995223999 486 68 499 118
person 0.013223767280578613 358 115 377 142
bottle 0.002969682216644287 386 139 401 212
bottle 0.002115577459335327 444 95 466 162
bottle 0.0020991265773773193 369 132 434 216
bottle 0.0023324191570281982 383 129 398 162
bottle 0.006193429231643677 0 139 5 192
bottle 0.002631455659866333 390 128 400 144
chair 0.001020193099975586 480 82 500 234
person 0.0012692809104919434 360 95 485 206
bottle 0.011731505393981934 0 123 7 193
bottle 0.0033501386642456055 390 13 403 34
person 0.0011694133281707764 177 0 217 21
person 0.008543968200683594 489 166 499 373
chair 0.004681944847106934 0 182 14 274
person 0.010571062564849854 277 142 301 196
bottle 0.0010241866111755371 492 173 500 283
person 0.004848897457122803 278 141 317 203
person 0.0017547309398651123 480 136 499 373
person 0.0024628937244415283 490 18 499 62
pottedplant 0.015784263610839844 387 9 405 35
chair 0.004468142986297607 0 112 18 184
bottle 0.8606008291244507 324 151 356 243
pottedplant 0.0016483962535858154 176 0 217 21
person 0.0012544989585876465 0 96 18 227
person 0.0012994110584259033 487 226 500 384
chair 0.0010004639625549316 492 89 499 239
person 0.0010733604431152344 190 0 217 21
pottedplant 0.006538987159729004 385 3 410 34
bottle 0.0025212466716766357 467 29 479 75
person 0.002501755952835083 479 17 499 97
bottle 0.0038396716117858887 435 2 453 23
bottle 0.001225501298904419 0 173 17 223
bottle 0.002560734748840332 389 8 405 34
person 0.004247784614562988 490 13 500 92
bottle 0.00142708420753479 451 0 463 32
person 0.0033632218837738037 274 61 289 80
bottle 0.0016874969005584717 404 15 413 34
bottle 0.7866226434707642 400 165 429 246
tvmonitor 0.007065832614898682 144 47 203 80
bottle 0.013955414295196533 490 298 500 375
tvmonitor 0.003607630729675293 146 57 206 118
tvmonitor 0.0011513829231262207 149 63 211 128
bottle 0.01542365550994873 443 122 464 173
person 0.6085941791534424 182 70 302 205
person 0.0033632218837738037 486 57 499 214
bottle 0.005957245826721191 369 131 395 267
person 0.0018749535083770752 198 68 238 147
person 0.7779757380485535 393 72 499 224
person 0.0019266009330749512 485 31 499 108
person 0.002693742513656616 491 48 500 99
person 0.002779155969619751 468 32 499 206
bottle 0.002912372350692749 0 160 6 196
person 0.0019117295742034912 0 0 14 37
person 0.0014837086200714111 457 84 499 252
bottle 0.019642621278762817 281 100 338 133
bottle 0.0015977323055267334 0 161 13 203
bottle 0.007402688264846802 435 120 464 181
bottle 0.0023506581783294678 292 61 302 78
tvmonitor 0.003809899091720581 126 65 212 132
bottle 0.710628867149353 372 133 394 212
bottle 0.0027148425579071045 489 211 499 373
person 0.006666600704193115 280 2 321 45
person 0.003991752862930298 490 62 500 223
bottle 0.0019191503524780273 402 6 413 34
diningtable 0.001012265682220459 0 110 18 258
person 0.0016355812549591064 413 18 434 34
bottle 0.008677929639816284 306 57 315 73
pottedplant 0.004944056272506714 413 18 434 34
person 0.004982620477676392 189 77 239 177
pottedplant 0.0018969178199768066 434 2 453 33
pottedplant 0.012871414422988892 382 43 411 80
pottedplant 0.0010775625705718994 448 1 462 31
bottle 0.0042809247970581055 434 1 453 34
bottle 0.009860128164291382 375 131 389 163
bottle 0.002018868923187256 382 42 411 79
bottle 0.003565669059753418 386 130 400 163
chair 0.0034561753273010254 474 13 499 74
person 0.02396056056022644 478 72 499 143
tvmonitor 0.025760233402252197 147 46 196 74
bottle 0.0012842416763305664 0 66 7 119
person 0.18476739525794983 281 142 299 165
chair 0.0019117295742034912 0 156 11 292
bottle 0.409220814704895 423 195 450 260
pottedplant 0.006145477294921875 474 14 499 64
