chair 0.8976983428001404 34 172 309 374
chair 0.0013044774532318115 68 152 325 323
sofa 0.010449320077896118 49 89 489 374
sofa 0.01952996850013733 444 81 499 299
chair 0.03252723813056946 0 126 24 350
chair 0.00118333101272583 283 137 465 234
sofa 0.00106087327003479 22 203 497 401
pottedplant 0.001020193099975586 362 178 430 226
person 0.005384683609008789 447 45 499 250
chair 0.04272308945655823 0 147 23 254
cat 0.0010733604431152344 462 157 499 249
chair 0.006339401006698608 1 120 25 212
chair 0.0016613304615020752 61 100 155 187
pottedplant 0.0011160969734191895 390 176 452 232
pottedplant 0.015663117170333862 411 175 462 232
cat 0.001714080572128296 474 180 499 231
chair 0.0031358301639556885 9 119 29 198
chair 0.018688201904296875 58 100 114 170
sofa 0.0017007291316986084 411 180 499 330
sofa 0.00284498929977417 457 169 499 348
chair 0.0013564825057983398 0 139 14 369
bottle 0.0016940832138061523 130 85 144 105
pottedplant 0.0011558830738067627 318 196 389 226
pottedplant 0.0018103718757629395 463 198 499 271
sofa 0.2901751399040222 67 106 490 252
pottedplant 0.0021912753582000732 479 191 499 283
chair 0.0027360916137695312 14 120 89 187
chair 0.004264324903488159 16 100 115 202
chair 0.0015130341053009033 0 141 10 249
chair 0.007402688264846802 17 99 118 248
chair 0.005888134241104126 34 99 145 256
person 0.0031976401805877686 451 174 499 373
chair 0.0014837086200714111 0 145 30 324
chair 0.0029928982257843018 14 118 63 173
sofa 0.03462067246437073 445 176 499 313
pottedplant 0.002725452184677124 460 205 499 236
pottedplant 0.005405604839324951 475 203 499 241
pottedplant 0.00593411922454834 477 202 499 257
cat 0.028653234243392944 446 122 499 237
chair 0.0018245279788970947 0 147 39 241
pottedplant 0.0021573007106781006 407 151 465 230
cat 0.016467034816741943 445 155 499 244
chair 0.003809899091720581 64 123 315 259
chair 0.0012350976467132568 450 250 499 374
pottedplant 0.0011694133281707764 409 182 451 237
cat 0.002406179904937744 477 206 499 230
pottedplant 0.002424955368041992 477 206 499 231
