motorbike 0.057074129581451416 0 114 94 252
motorbike 0.2681748569011688 18 138 134 233
motorbike 0.8984138369560242 321 120 499 256
person 0.0010241866111755371 484 89 499 224
person 0.0012742578983306885 489 116 500 236
bicycle 0.0018388032913208008 0 134 16 260
bicycle 0.0017478764057159424 0 133 8 265
person 0.0012112557888031006 461 58 499 180
bicycle 0.0012207329273223877 37 174 106 231
boat 0.0320991575717926 58 140 103 195
person 0.0027148425579071045 484 52 499 183
bird 0.0011336207389831543 31 313 53 348
motorbike 0.0012159943580627441 483 69 499 115
person 0.003537982702255249 477 47 499 219
boat 0.04161706566810608 45 138 120 226
person 0.7453993558883667 420 48 499 212
person 0.8294904232025146 0 77 71 254
person 0.005685538053512573 0 81 132 239
person 0.0015071630477905273 47 80 136 233
boat 0.007755845785140991 9 137 103 211
boat 0.016340792179107666 34 137 106 213
person 0.07503995299339294 42 139 135 233
bicycle 0.0011558830738067627 45 136 106 208
person 0.004264324903488159 0 121 104 248
bicycle 0.0046637654304504395 0 149 37 259
bottle 0.003510504961013794 38 137 96 194
boat 0.0116862952709198 55 140 103 181
person 0.0016483962535858154 0 111 6 258
motorbike 0.0012302696704864502 443 101 499 244
person 0.007065832614898682 473 90 499 243
motorbike 0.0010817945003509521 0 119 6 263
motorbike 0.0018388032913208008 0 124 15 259
bicycle 0.06560257077217102 29 139 126 233
person 0.0012065470218658447 69 159 136 233
boat 0.0010733604431152344 0 246 19 270
motorbike 0.0011074244976043701 380 122 499 252
