car 0.6067314743995667 38 217 500 372
car 0.013223767280578613 148 176 224 243
car 0.008478313684463501 0 168 52 285
car 0.0012065470218658447 190 137 404 276
person 0.0014159977436065674 130 187 144 265
person 0.0015130341053009033 162 172 186 264
person 0.003123670816421509 199 193 222 237
person 0.005752265453338623 241 207 254 222
car 0.002693742513656616 458 275 499 381
person 0.001831650733947754 486 270 499 380
person 0.05184340476989746 163 170 188 230
person 0.0021321773529052734 151 270 184 290
motorbike 0.0016419589519500732 478 242 499 330
motorbike 0.0017963051795959473 489 238 499 335
pottedplant 0.0021657347679138184 336 159 353 169
pottedplant 0.0031115710735321045 362 155 394 171
person 0.0011424720287322998 198 193 216 227
person 0.002912372350692749 372 199 388 226
person 0.001040339469909668 293 137 372 228
person 0.04831570386886597 378 199 396 224
person 0.0023968517780303955 0 166 50 274
person 0.011596441268920898 384 200 402 222
person 0.002140522003173828 391 200 408 223
person 0.003991752862930298 436 200 449 220
person 0.005447685718536377 439 199 451 218
person 0.0011558830738067627 442 197 458 216
person 0.0014438629150390625 460 196 472 217
person 0.0018822550773620605 461 198 478 219
motorbike 0.006797581911087036 479 247 499 291
motorbike 0.003285646438598633 490 247 499 304
person 0.0011694133281707764 230 205 240 223
person 0.6242939233779907 445 216 481 263
car 0.002901047468185425 475 274 499 382
person 0.008062601089477539 241 210 253 221
car 0.0014159977436065674 485 277 499 384
bus 0.0011424720287322998 0 152 51 277
person 0.0017275214195251465 0 168 24 285
person 0.002790004014968872 312 207 342 229
person 0.0116862952709198 124 273 151 306
person 0.0019494593143463135 477 226 499 361
person 0.0017410516738891602 305 158 343 229
person 0.0026110410690307617 310 173 343 229
person 0.0017963051795959473 312 189 351 229
person 0.008478313684463501 175 191 222 263
person 0.006666600704193115 389 201 402 223
person 0.007093280553817749 395 206 410 223
person 0.006121635437011719 398 206 413 225
person 0.014955878257751465 417 203 439 228
person 0.01094403862953186 435 203 447 234
motorbike 0.014898449182510376 479 234 499 282
person 0.004645615816116333 490 236 500 284
person 0.018474966287612915 473 198 488 223
person 0.035949915647506714 476 195 493 220
person 0.016091108322143555 0 178 7 278
person 0.037469178438186646 478 194 499 224
person 0.0030280649662017822 0 260 9 375
person 0.03732478618621826 488 193 499 228
person 0.5195213556289673 450 241 472 272
person 0.001012265682220459 432 218 462 265
person 0.8019360303878784 136 181 178 284
person 0.9268327951431274 0 274 44 375
person 0.001477956771850586 23 176 43 280
person 0.002424955368041992 24 185 53 278
person 0.001225501298904419 113 183 130 270
person 0.10302171111106873 442 206 459 240
person 0.038034677505493164 309 175 374 229
person 0.0012544989585876465 456 208 481 247
person 0.001466512680053711 115 178 131 205
person 0.0012943148612976074 115 178 133 223
person 0.05320581793785095 492 207 499 275
car 0.025662213563919067 168 169 216 205
car 0.0028339028358459473 175 172 216 197
person 0.9005328416824341 0 166 42 314
car 0.0012544989585876465 0 166 6 241
car 0.008478313684463501 26 187 53 205
person 0.3504211902618408 163 171 187 207
car 0.006615281105041504 172 176 217 207
person 0.8128677606582642 473 210 499 280
person 0.026760488748550415 440 206 458 255
person 0.0014215409755706787 487 166 500 221
person 0.8386808037757874 165 183 212 273
person 0.007636308670043945 470 234 484 276
person 0.002757549285888672 408 296 457 374
person 0.003635883331298828 489 214 499 282
person 0.0029237568378448486 268 135 288 185
person 0.0023690462112426758 113 172 183 257
person 0.0012350976467132568 135 171 203 236
person 0.02333083748817444 160 170 215 208
person 0.008812874555587769 292 136 339 229
person 0.012099772691726685 184 193 228 261
person 0.6460129022598267 200 194 229 252
person 0.0010444223880767822 230 207 242 225
person 0.27357473969459534 373 200 398 229
person 0.37937840819358826 412 203 442 246
person 0.010170340538024902 443 209 466 236
person 0.4474601149559021 254 136 337 229
person 0.010776817798614502 456 205 480 234
person 0.010611921548843384 467 207 481 232
person 0.01507142186164856 473 209 498 254
person 0.3720477223396301 332 178 373 230
person 0.0012594163417816162 424 201 449 239
person 0.0015487074851989746 92 188 109 281
person 0.0025508105754852295 439 202 461 237
person 0.8489729166030884 72 184 96 283
person 0.8469594717025757 94 184 130 283
person 0.43782347440719604 116 178 138 282
person 0.008778899908065796 434 205 446 243
person 0.028329521417617798 461 203 480 231
person 0.019418001174926758 474 195 496 227
person 0.02717086672782898 474 193 499 247
