person 0.0013250410556793213 466 85 499 388
person 0.912121057510376 252 44 474 391
tvmonitor 0.0018103718757629395 465 66 499 389
person 0.0016678273677825928 0 109 21 386
person 0.9187756180763245 40 25 280 388
bottle 0.0022257566452026367 0 170 10 258
bottle 0.0017963051795959473 71 117 99 160
bottle 0.0017823278903961182 89 117 102 159
bottle 0.0011648833751678467 88 124 99 162
tvmonitor 0.004963308572769165 462 151 499 385
bottle 0.0022873878479003906 72 126 87 166
bottle 0.0019419193267822266 79 126 92 163
bottle 0.0026110410690307617 86 117 96 161
bottle 0.0018388032913208008 127 115 143 140
bottle 0.002140522003173828 74 129 85 165
person 0.001495271921157837 239 38 396 380
person 0.010530352592468262 16 26 464 391
person 0.009485304355621338 130 36 446 392
tvmonitor 0.0012065470218658447 104 59 176 118
chair 0.0025409162044525146 0 169 20 341
bottle 0.0011074244976043701 97 125 106 160
bottle 0.0014438629150390625 118 83 147 151
bottle 0.011507302522659302 126 83 146 146
bottle 0.002757549285888672 81 133 93 163
bottle 0.0010162293910980225 125 116 145 146
bottle 0.003621727228164673 99 128 110 161
bottle 0.0012994110584259033 107 126 119 161
bottle 0.0016228556632995605 92 120 102 161
bottle 0.007786005735397339 103 130 113 161
bottle 0.00106087327003479 111 124 119 158
bottle 0.0021238625049591064 113 119 127 154
bottle 0.037750810384750366 122 83 147 116
