tvmonitor 0.13986852765083313 0 221 475 373
cat 0.05051475763320923 289 9 499 352
cat 0.001972287893295288 430 36 499 365
cat 0.7453993558883667 119 82 498 335
cat 0.009746164083480835 466 42 499 368
tvmonitor 0.0020666420459747314 0 7 487 299
chair 0.0014438629150390625 0 306 13 374
pottedplant 0.01196029782295227 52 5 499 369
pottedplant 0.006097882986068726 295 6 499 364
cat 0.09501117467880249 115 80 306 298
person 0.0018676519393920898 0 274 14 373
cat 0.0012544989585876465 294 180 492 321
chair 0.0010004639625549316 0 246 13 373
