boat 0.0010241866111755371 0 125 197 373
person 0.7287482023239136 10 46 151 374
person 0.6057989597320557 114 125 201 325
boat 0.0022519826889038086 0 65 227 373
person 0.6800290942192078 309 57 430 366
person 0.5341268181800842 306 51 499 373
boat 0.0010004639625549316 0 68 39 372
bottle 0.003389507532119751 105 184 137 223
bottle 0.019718080759048462 406 46 499 126
person 0.004792630672454834 405 45 499 129
bottle 0.0023690462112426758 167 154 226 186
bottle 0.004264324903488159 3 84 112 130
bottle 0.006463468074798584 14 59 118 155
person 0.005384683609008789 36 58 120 196
bottle 0.00874510407447815 352 172 388 211
person 0.0012112557888031006 127 90 207 222
dog 0.002631455659866333 135 126 222 194
person 0.010091900825500488 155 89 214 214
bottle 0.0010322332382202148 349 176 408 215
bottle 0.015364378690719604 30 98 58 124
person 0.0017684698104858398 485 41 499 277
person 0.0011879205703735352 54 73 83 108
bottle 0.0050605833530426025 41 95 71 125
bottle 0.002757549285888672 42 87 104 139
bottle 0.059864312410354614 28 86 116 153
person 0.017376601696014404 328 58 431 219
person 0.0017547309398651123 481 34 499 307
bottle 0.013848692178726196 46 85 72 118
person 0.0028009116649627686 228 65 379 295
person 0.00118333101272583 0 39 46 356
person 0.0016874969005584717 27 53 165 269
person 0.002912372350692749 29 121 161 217
person 0.03296089172363281 109 125 158 194
person 0.02386951446533203 67 88 225 307
person 0.12002691626548767 121 123 213 229
person 0.02096518874168396 410 39 499 366
aeroplane 0.0012399256229400635 262 0 499 307
person 0.003795117139816284 473 36 499 193
aeroplane 0.00142708420753479 409 1 499 309
person 0.001466512680053711 49 69 93 103
person 0.0014104843139648438 12 43 115 157
person 0.002757549285888672 4 44 117 241
aeroplane 0.0037074387073516846 385 32 500 380
person 0.0018174350261688232 156 89 205 179
person 0.0069571733474731445 180 151 218 295
person 0.01422739028930664 313 168 361 299
horse 0.021370261907577515 314 166 368 299
person 0.009860128164291382 151 90 226 243
person 0.0024628937244415283 325 79 380 148
bottle 0.0016102492809295654 17 84 64 112
person 0.003185272216796875 331 81 382 137
bottle 0.002790004014968872 351 95 379 126
bottle 0.10520932078361511 19 84 69 121
horse 0.005532950162887573 319 169 396 298
person 0.0019876956939697266 444 64 499 336
bottle 0.0024724602699279785 168 157 229 194
bottle 0.011914163827896118 331 168 388 211
person 0.004054129123687744 477 58 499 333
bottle 0.0016355812549591064 196 162 228 189
person 0.5282900929450989 315 60 383 296
person 0.0012350976467132568 156 153 215 296
person 0.5136684775352478 118 91 227 295
person 0.0017823278903961182 344 61 386 144
person 0.9405725002288818 215 71 304 281
car 0.005468875169754028 406 41 499 126
person 0.0038396716117858887 481 3 499 176
person 0.001432657241821289 145 117 219 190
bottle 0.0011074244976043701 104 152 141 223
bottle 0.0026727914810180664 105 182 158 223
bottle 0.004538297653198242 111 184 159 199
bottle 0.0024438798427581787 118 183 151 199
person 0.002631455659866333 156 89 206 136
person 0.0024921000003814697 343 61 405 169
motorbike 0.0031976401805877686 320 121 422 297
motorbike 0.0013940632343292236 321 167 424 293
person 0.0046637654304504395 29 122 161 323
person 0.0026520490646362305 69 126 160 292
person 0.008252084255218506 106 126 182 252
person 0.05921009182929993 123 123 224 261
bottle 0.02096518874168396 2 87 59 126
bottle 0.0017893016338348389 227 138 267 161
bottle 0.008881211280822754 39 90 98 124
car 0.01698121428489685 229 0 426 26
person 0.003147989511489868 85 125 162 325
bottle 0.0010817945003509521 217 134 266 161
motorbike 0.003324180841445923 321 72 390 297
bottle 0.16026467084884644 39 89 69 121
bottle 0.26894259452819824 39 98 59 121
