cat 0.014282047748565674 0 91 196 374
sofa 0.001289278268814087 -1 90 448 373
chair 0.003272920846939087 420 78 500 373
person 0.019908010959625244 0 14 226 361
chair 0.0013147294521331787 480 17 499 359
cat 0.006003767251968384 0 205 191 374
chair 0.0012018680572509766 2 116 462 374
person 0.0017893016338348389 481 12 499 361
person 0.8098787069320679 0 27 321 371
person 0.01048976182937622 1 130 301 372
person 0.0017684698104858398 261 24 420 373
person 0.010409027338027954 420 24 500 373
bottle 0.006850332021713257 0 19 106 236
person 0.0011336207389831543 336 -91 517 0
person 0.003537982702255249 0 -9 62 226
person 0.005819797515869141 0 4 29 230
chair 0.0062660276889801025 68 2 477 371
bottle 0.00517958402633667 26 119 80 218
bottle 0.0013459324836730957 118 141 188 183
person 0.0016292035579681396 2 98 84 216
bottle 0.0017547309398651123 2 34 57 119
bottle 0.0010902583599090576 0 17 101 120
person 0.0012447535991668701 0 115 31 401
person 0.001455157995223999 0 126 59 385
bottle 0.0021742284297943115 100 141 207 222
bottle 0.4130036234855652 137 141 203 182
person 0.18594691157341003 0 16 103 331
chair 0.0022696256637573242 0 18 295 363
bottle 0.0012350976467132568 29 122 56 147
bird 0.004830062389373779 1 40 48 116
person 0.002757549285888672 0 130 93 298
person 0.0016548335552215576 8 197 125 268
person 0.013021320104598999 0 66 27 305
person 0.009860128164291382 0 71 59 305
person 0.0015853047370910645 9 181 215 269
person 0.0011336207389831543 28 126 64 153
bottle 0.0016039609909057617 26 123 63 200
person 0.001040339469909668 25 127 79 191
diningtable 0.0010988116264343262 420 326 499 374
diningtable 0.001466512680053711 420 280 499 374
diningtable 0.0014438629150390625 420 212 499 374
person 0.010449320077896118 97 142 204 245
person 0.005888134241104126 99 143 299 246
bottle 0.0024628937244415283 28 123 62 154
bottle 0.0018033087253570557 101 140 214 191
bird 0.007176309823989868 0 80 46 117
