aeroplane 0.02892547845840454 339 217 499 355
boat 0.009195834398269653 327 52 500 347
boat 0.004022836685180664 408 48 499 339
boat 0.002867281436920166 0 3 188 350
aeroplane 0.13986852765083313 334 193 499 308
aeroplane 0.12210246920585632 333 125 499 310
pottedplant 0.5058591365814209 78 205 207 371
aeroplane 0.0012065470218658447 196 197 500 372
boat 0.0011380314826965332 0 1 31 262
boat 0.0023052990436553955 134 162 161 173
car 0.0011648833751678467 220 191 249 206
person 0.02056744694709778 260 191 275 216
train 0.001964658498764038 260 189 300 214
bus 0.0021573007106781006 261 188 300 212
boat 0.0033501386642456055 131 163 162 179
car 0.0012496113777160645 443 278 478 297
aeroplane 0.005405604839324951 459 280 493 314
aeroplane 0.0015426874160766602 473 222 499 266
chair 0.003324180841445923 0 236 12 346
car 0.7341197729110718 267 311 294 328
car 0.035412728786468506 364 308 394 330
bus 0.003780364990234375 219 244 293 288
aeroplane 0.06030997633934021 322 224 498 293
aeroplane 0.007547855377197266 376 217 499 320
train 0.0013147294521331787 165 170 195 184
aeroplane 0.0020585954189300537 418 234 482 257
aeroplane 0.003524214029312134 420 212 499 327
car 0.07316717505455017 462 281 477 296
aeroplane 0.0020666420459747314 422 224 500 265
aeroplane 0.001466512680053711 459 222 500 270
aeroplane 0.003809899091720581 323 244 499 307
aeroplane 0.026862531900405884 417 215 499 289
boat 0.0019799768924713135 53 148 75 174
aeroplane 0.011115282773971558 477 211 499 286
aeroplane 0.0013044774532318115 422 220 481 239
chair 0.009375691413879395 0 257 97 345
boat 0.003285646438598633 477 219 499 250
boat 0.003565669059753418 477 218 499 263
boat 0.002314329147338867 112 186 154 200
pottedplant 0.13117218017578125 96 161 129 190
boat 0.0011336207389831543 221 185 262 205
person 0.27982860803604126 476 295 489 317
aeroplane 0.01013106107711792 439 212 499 239
aeroplane 0.007065832614898682 438 178 499 274
aeroplane 0.004314333200454712 475 166 499 274
aeroplane 0.005511492490768433 422 213 499 246
aeroplane 0.013689994812011719 431 214 499 261
car 0.002746790647506714 478 221 498 236
boat 0.0031724870204925537 477 219 499 236
pottedplant 0.0017615854740142822 86 181 108 200
car 0.001111745834350586 222 186 261 203
pottedplant 0.0014050006866455078 88 206 208 295
boat 0.0328364372253418 356 175 408 196
boat 0.001388639211654663 454 169 500 191
boat 0.001335442066192627 456 164 500 234
boat 0.00208282470703125 455 167 499 185
boat 0.0011160969734191895 0 116 34 231
boat 0.008000344038009644 0 133 119 231
train 0.008188486099243164 218 244 288 286
car 0.002199828624725342 328 247 367 270
car 0.003930270671844482 341 258 370 273
train 0.0010241866111755371 153 169 195 188
boat 0.003222525119781494 404 156 500 238
aeroplane 0.0011603832244873047 445 209 489 236
boat 0.0021488964557647705 436 153 500 247
car 0.0023690462112426758 436 334 457 349
aeroplane 0.0018245279788970947 420 169 499 238
aeroplane 0.005040973424911499 438 159 499 241
aeroplane 0.0018969178199768066 471 140 499 280
aeroplane 0.020099759101867676 445 217 481 237
aeroplane 0.0021073520183563232 477 214 499 236
