train 0.029089927673339844 261 -1 499 342
train 0.8799730539321899 12 0 498 343
train 0.02931046485900879 0 66 152 315
train 0.0025212466716766357 0 60 239 338
pottedplant 0.0025807321071624756 459 241 476 271
train 0.12463575601577759 0 82 140 252
chair 0.0010567307472229004 493 258 500 341
chair 0.0012544989585876465 0 250 24 310
chair 0.0010817945003509521 426 237 499 344
pottedplant 0.0026110410690307617 459 239 500 272
chair 0.0012842416763305664 493 270 500 331
train 0.004231303930282593 380 174 500 254
train 0.01196029782295227 382 162 431 225
train 0.028437048196792603 382 149 499 226
chair 0.006903529167175293 411 288 499 344
bus 0.0011336207389831543 384 175 427 227
