cow 0.9152051210403442 133 91 500 360
cow 0.019269704818725586 51 91 222 156
cow 0.0021573007106781006 99 90 249 158
person 0.0026832520961761475 480 97 499 375
cow 0.0012302696704864502 476 163 499 369
cow 0.10894683003425598 0 50 251 200
cow 0.003976315259933472 59 90 249 222
cow 0.06301644444465637 0 44 253 262
cow 0.0017007291316986084 405 187 499 370
cow 0.0010162293910980225 440 134 499 370
person 0.0012496113777160645 440 98 499 374
cow 0.11201918125152588 -1 90 249 172
cow 0.039487868547439575 188 91 249 128
