bicycle 0.0708191990852356 472 211 500 373
motorbike 0.8577655553817749 84 132 293 306
person 0.006850332021713257 471 85 499 372
tvmonitor 0.18653884530067444 456 39 499 162
bottle 0.0017684698104858398 255 90 268 148
bottle 0.0021321773529052734 482 242 499 340
chair 0.0013778507709503174 473 283 499 374
boat 0.001972287893295288 3 32 293 266
boat 0.0012742578983306885 10 41 258 208
chair 0.0022519826889038086 14 235 49 290
bottle 0.005774706602096558 479 216 499 374
chair 0.010818421840667725 472 228 499 372
tvmonitor 0.008252084255218506 457 38 499 234
person 0.9302027225494385 129 78 225 269
bottle 0.00629037618637085 255 118 267 149
bottle 0.010571062564849854 488 235 500 297
bicycle 0.003565669059753418 83 187 136 208
bottle 0.0018969178199768066 488 202 500 297
chair 0.007065832614898682 83 197 160 333
bottle 0.004118025302886963 484 193 499 374
person 0.0017615854740142822 486 102 499 353
bicycle 0.003510504961013794 474 302 499 374
bottle 0.014118820428848267 488 236 499 272
chair 0.00208282470703125 125 142 224 269
