bicycle 0.0011694133281707764 412 188 422 221
car 0.001432657241821289 30 220 61 268
car 0.7248698472976685 120 212 154 250
car 0.8947906494140625 31 217 90 264
car 0.8732177019119263 70 208 127 256
car 0.7248698472976685 141 210 176 244
car 0.9167100787162781 0 222 46 277
motorbike 0.014558762311935425 397 185 410 211
motorbike 0.005343139171600342 402 178 414 213
person 0.007345408201217651 410 174 423 221
car 0.13753482699394226 119 212 143 251
car 0.07423233985900879 137 212 154 249
motorbike 0.7606483697891235 304 250 352 325
person 0.8705992698669434 304 206 353 305
motorbike 0.008711427450180054 272 200 290 214
motorbike 0.003185272216796875 306 256 340 303
bus 0.6992539167404175 201 181 230 217
person 0.0012792348861694336 332 190 343 213
person 0.005099952220916748 387 185 400 210
bicycle 0.0031724870204925537 334 194 344 214
person 0.009054571390151978 456 195 464 219
car 0.0014722347259521484 270 199 282 212
car 0.019793838262557983 271 199 291 214
motorbike 0.006121635437011719 330 195 341 213
motorbike 0.012674123048782349 335 194 344 213
motorbike 0.036769360303878784 387 193 400 211
person 0.0022963285446166992 272 199 290 214
motorbike 0.007816284894943237 409 178 423 219
car 0.00131988525390625 31 223 47 268
car 0.004700213670730591 136 212 161 247
motorbike 0.001225501298904419 304 243 353 304
person 0.0012943148612976074 303 247 353 305
person 0.002790004014968872 330 194 341 213
person 0.008915573358535767 334 194 344 214
motorbike 0.028653234243392944 387 186 400 210
person 0.0015977323055267334 458 195 466 217
car 0.24220746755599976 201 181 230 218
car 0.8376206755638123 152 193 203 239
