person 0.8994784951210022 4 93 313 373
person 0.007120847702026367 108 8 498 372
person 0.926567792892456 273 7 499 373
person 0.00142708420753479 0 33 47 362
chair 0.002424955368041992 1 221 177 373
person 0.005554467439651489 21 140 500 378
person 0.013021320104598999 0 3 19 84
person 0.005685538053512573 118 33 133 53
person 0.0012496113777160645 280 29 305 59
person 0.0016355812549591064 284 34 305 57
person 0.003565669059753418 0 66 21 97
person 0.0011971890926361084 221 31 311 243
person 0.0010650157928466797 298 21 331 73
person 0.0013250410556793213 485 149 499 371
person 0.01155179738998413 0 192 14 374
person 0.0014159977436065674 0 217 30 373
chair 0.0026832520961761475 0 223 14 351
person 0.0017963051795959473 480 91 499 387
person 0.0014215409755706787 12 28 46 85
person 0.0011513829231262207 0 0 58 229
bottle 0.0018388032913208008 0 222 11 369
person 0.002590775489807129 478 186 499 373
person 0.0015071630477905273 1 0 134 155
person 0.0013044774532318115 146 2 498 245
person 0.0024344027042388916 278 31 306 79
person 0.0030398666858673096 284 34 306 65
person 0.008644551038742065 0 2 149 254
person 0.0011248290538787842 0 0 6 44
person 0.003678649663925171 0 32 187 366
chair 0.028653234243392944 0 34 377 371
person 0.003416001796722412 118 32 136 60
sofa 0.026255786418914795 0 26 366 372
person 0.035949915647506714 0 0 43 88
person 0.005040973424911499 1 0 118 85
person 0.012146621942520142 0 66 13 140
person 0.0011741816997528076 112 29 137 61
person 0.0025508105754852295 0 105 36 360
bottle 0.0011074244976043701 0 233 14 343
person 0.0017684698104858398 141 30 210 82
person 0.004736989736557007 0 35 42 91
person 0.00208282470703125 9 46 43 84
person 0.1980639398097992 143 34 176 77
person 0.00284498929977417 0 67 12 95
person 0.0030045807361602783 0 32 10 93
person 0.008188486099243164 0 33 23 95
person 0.005080223083496094 0 19 16 158
person 0.002453356981277466 0 4 46 155
person 0.001178741455078125 7 0 155 127
person 0.001388639211654663 252 19 286 50
person 0.0013940632343292236 250 19 297 53
person 0.006692379713058472 0 114 14 364
person 0.03993484377861023 201 27 302 126
person 0.002631455659866333 0 0 20 46
person 0.006850332021713257 169 29 211 84
person 0.029089927673339844 201 30 240 83
person 0.0019799768924713135 228 30 294 89
person 0.002003192901611328 488 20 499 339
