diningtable 0.005426615476608276 282 246 499 499
diningtable 0.0018604099750518799 359 163 499 499
diningtable 0.0011558830738067627 71 245 423 499
diningtable 0.0051396191120147705 209 270 498 499
tvmonitor 0.5273165702819824 82 81 468 387
diningtable 0.0011074244976043701 0 86 77 486
chair 0.007011294364929199 109 325 411 499
chair 0.0011424720287322998 371 278 499 499
diningtable 0.013689994812011719 110 343 411 499
tvmonitor 0.12336331605911255 0 254 73 437
diningtable 0.0060506463050842285 264 81 499 499
diningtable 0.004231303930282593 329 55 499 499
pottedplant 0.002003192901611328 106 -2 149 60
tvmonitor 0.39047569036483765 0 0 37 73
chair 0.0032476186752319336 0 71 93 484
chair 0.6477978229522705 79 54 461 396
chair 0.0025115013122558594 197 410 402 499
chair 0.0010083019733428955 177 465 404 499
chair 0.0026110410690307617 197 452 404 500
chair 0.02161678671836853 0 75 100 214
tvmonitor 0.0016355812549591064 0 0 88 81
tvmonitor 0.03919273614883423 193 0 345 87
bottle 0.008478313684463501 205 0 229 68
bottle 0.0010162293910980225 359 486 418 500
bottle 0.0016355812549591064 362 488 429 500
chair 0.001335442066192627 280 361 417 500
tvmonitor 0.001489490270614624 422 0 499 139
chair 0.0012842416763305664 241 480 384 499
tvmonitor 0.0035935938358306885 0 0 27 31
pottedplant 0.09236234426498413 107 0 148 28
chair 0.0011879205703735352 179 343 383 466
