train 0.00394555926322937 434 233 500 346
train 0.0017547309398651123 353 312 499 347
car 0.0017342865467071533 -2 373 385 441
train 0.00185316801071167 433 307 500 365
chair 0.0017684698104858398 202 139 229 165
chair 0.001388639211654663 201 139 232 175
car 0.0018749535083770752 205 315 260 342
aeroplane 0.003809899091720581 464 226 500 248
car 0.014558762311935425 239 317 259 342
car 0.18713223934173584 254 314 274 332
car 0.021370261907577515 260 319 275 332
car 0.012335866689682007 270 319 281 341
chair 0.0015729963779449463 204 65 242 127
car 0.009448617696762085 316 316 348 333
car 0.9019226431846619 166 294 262 374
car 0.0013459324836730957 206 285 243 295
car 0.8519556522369385 276 311 324 348
bus 0.002453356981277466 347 317 435 337
train 0.08418995141983032 432 320 499 346
car 0.004905790090560913 0 292 53 346
car 0.004848897457122803 135 309 149 336
car 0.008846968412399292 136 309 172 335
car 0.4941408932209015 56 296 99 340
car 0.0018245279788970947 167 294 195 338
car 0.0011513829231262207 166 294 254 347
bus 0.46684539318084717 311 294 348 333
car 0.002725452184677124 222 315 260 342
car 0.00394555926322937 246 314 262 336
train 0.007288604974746704 433 266 499 348
car 0.0249863862991333 271 316 285 336
car 0.010368883609771729 274 311 310 344
car 0.01596766710281372 420 319 436 335
car 0.007431507110595703 56 311 73 340
car 0.0010004639625549316 63 309 81 341
car 0.004022836685180664 248 316 262 342
car 0.0015130341053009033 256 316 275 337
car 0.0031115710735321045 262 319 278 338
car 0.008445650339126587 273 320 281 345
car 0.012193650007247925 56 304 84 340
train 0.01798534393310547 432 302 499 346
car 0.001111745834350586 132 308 147 344
car 0.9202213883399963 0 292 59 374
car 0.0021742284297943115 135 307 157 322
car 0.0010902583599090576 145 306 175 322
car 0.0010162293910980225 173 293 215 317
car 0.002901047468185425 174 293 223 322
car 0.0021321773529052734 199 295 253 320
car 0.39793843030929565 33 301 65 332
car 0.01090201735496521 135 309 153 323
car 0.5888890027999878 144 306 178 336
car 0.004247784614562988 171 294 231 332
car 0.007636308670043945 177 294 252 326
car 0.003147989511489868 212 294 257 333
car 0.008778899908065796 271 312 290 343
car 0.0012943148612976074 300 311 324 331
car 0.06608361005783081 312 295 349 333
car 0.0020505785942077637 64 295 106 316
car 0.9339163899421692 67 301 146 359
car 0.01791679859161377 55 295 101 325
car 0.00952214002609253 57 295 131 324
car 0.005663484334945679 63 301 139 323
car 0.0017893016338348389 205 294 251 316
