boat 0.0011424720287322998 23 54 265 404
car 0.9263019561767578 136 417 264 497
car 0.006930291652679443 25 471 236 499
car 0.02386951446533203 27 475 278 499
chair 0.00185316801071167 117 116 161 237
boat 0.023066431283950806 117 112 160 238
boat 0.016340792179107666 118 116 139 168
boat 0.0099753737449646 137 114 160 168
car 0.004503071308135986 75 461 88 475
car 0.007176309823989868 94 463 107 472
car 0.0033632218837738037 94 461 113 473
car 0.0011160969734191895 14 453 107 499
car 0.02748247981071472 0 477 186 499
boat 0.002199828624725342 119 149 160 167
car 0.0021657347679138184 28 453 89 491
boat 0.001455157995223999 30 29 264 297
boat 0.011287689208984375 122 118 160 167
boat 0.003537982702255249 128 170 149 234
car 0.003147989511489868 54 461 88 478
car 0.008846968412399292 65 463 88 478
boat 0.001432657241821289 45 110 180 279
car 0.0021488964557647705 108 455 139 476
car 0.012871414422988892 27 453 48 469
car 0.009231507778167725 28 454 55 473
car 0.7138312458992004 28 453 89 478
car 0.002018868923187256 33 485 154 499
car 0.001432657241821289 68 483 201 500
bus 0.0010322332382202148 211 390 264 447
car 0.0017684698104858398 52 479 141 499
car 0.0012994110584259033 75 478 173 499
person 0.007204204797744751 52 466 63 487
bus 0.0011424720287322998 209 390 265 490
chair 0.014392048120498657 126 154 151 236
boat 0.0011603832244873047 79 324 133 335
