sofa 0.013585120439529419 119 115 497 373
sofa 0.07316717505455017 171 110 498 307
cat 0.24944737553596497 175 112 500 305
person 0.01542365550994873 474 61 499 309
sofa 0.002341538667678833 0 148 118 323
person 0.06608361005783081 174 112 498 306
chair 0.10374632477760315 111 266 259 373
chair 0.04995569586753845 111 264 450 373
chair 0.018369317054748535 0 174 123 373
chair 0.011331260204315186 107 93 497 374
diningtable 0.011776894330978394 0 184 315 374
pottedplant 0.0013459324836730957 448 83 499 163
dog 0.015723586082458496 475 86 499 237
pottedplant 0.0011741816997528076 342 50 385 111
chair 0.0015071630477905273 476 132 499 261
chair 0.001264333724975586 454 83 500 159
chair 0.0026727914810180664 476 71 499 170
person 0.0019799768924713135 480 121 499 269
tvmonitor 0.0029812753200531006 157 54 206 120
person 0.016722261905670166 475 70 499 218
bottle 0.002790004014968872 80 310 105 359
tvmonitor 0.938576877117157 83 53 211 159
chair 0.001120448112487793 0 149 21 374
pottedplant 0.13846442103385925 233 0 384 130
chair 0.0017823278903961182 0 178 19 303
pottedplant 0.041306138038635254 279 0 383 127
person 0.0010444223880767822 121 2 493 308
pottedplant 0.006903529167175293 232 0 386 282
pottedplant 0.0012792348861694336 208 0 496 334
pottedplant 0.0012065470218658447 465 14 499 291
sheep 0.00874510407447815 476 132 499 203
bottle 0.0015853047370910645 0 143 25 188
chair 0.0010004639625549316 485 155 500 272
chair 0.0020425915718078613 443 134 499 334
bottle 0.0014438629150390625 105 301 126 341
chair 0.026760488748550415 473 134 499 318
chair 0.012971192598342896 0 183 118 296
tvmonitor 0.02104562520980835 0 139 30 185
chair 0.003650069236755371 4 297 82 373
dog 0.008644551038742065 454 137 499 253
dog 0.06164824962615967 473 137 499 253
person 0.06417948007583618 474 136 499 254
dog 0.03488284349441528 473 140 499 203
cat 0.00517958402633667 129 66 190 131
cat 0.02432847023010254 175 124 259 237
