dog 0.018334269523620605 466 208 499 370
car 0.08093324303627014 418 113 499 201
car 0.9235905408859253 0 99 373 346
car 0.02080520987510681 423 133 499 216
car 0.008812874555587769 445 132 499 225
motorbike 0.0012544989585876465 418 119 499 327
motorbike 0.004468142986297607 432 127 499 364
motorbike 0.01507142186164856 465 125 499 367
person 0.015013545751571655 229 162 246 173
person 0.562176525592804 477 82 499 149
person 0.8438971638679504 240 70 278 173
person 0.457136869430542 145 152 165 174
person 0.001495271921157837 229 156 249 173
pottedplant 0.0011336207389831543 466 260 499 307
car 0.003147989511489868 386 111 424 142
person 0.001225501298904419 494 59 499 103
person 0.0021488964557647705 415 129 453 195
person 0.8766366839408875 250 104 294 175
person 0.05165153741836548 273 99 301 177
motorbike 0.006640911102294922 424 128 459 181
dog 0.03817746043205261 465 259 499 373
person 0.8606008291244507 335 92 374 235
person 0.0030874907970428467 481 81 499 105
person 0.002501755952835083 494 76 499 104
person 0.35398706793785095 277 74 305 125
pottedplant 0.0010004639625549316 204 106 225 147
pottedplant 0.0021912753582000732 203 97 229 147
pottedplant 0.006388753652572632 466 254 499 365
person 0.0025212466716766357 312 96 362 186
person 0.006640911102294922 112 130 167 185
person 0.005219787359237671 334 93 371 189
person 0.0011424720287322998 240 70 277 115
car 0.0016874969005584717 359 106 408 144
car 0.014282047748565674 418 88 499 146
car 0.4397474527359009 377 110 460 145
car 0.0026832520961761475 292 102 378 171
person 0.4941408932209015 168 148 203 172
car 0.027378231287002563 371 113 410 142
car 0.012335866689682007 443 103 496 151
car 0.28061643242836 415 109 499 146
car 0.010986179113388062 372 111 434 142
car 0.044516921043395996 387 111 440 144
person 0.0019419193267822266 110 149 170 187
car 0.12591978907585144 417 110 499 164
person 0.004963308572769165 492 80 500 116
person 0.007460415363311768 297 103 332 182
person 0.009089648723602295 465 139 498 187
car 0.3328525424003601 379 110 497 145
person 0.6774741411209106 454 86 489 152
person 0.0024724602699279785 76 134 98 186
person 0.00406983494758606 474 145 499 335
person 0.042087674140930176 135 151 168 180
car 0.057920247316360474 385 110 499 162
car 0.02315419912338257 422 111 470 150
person 0.022372186183929443 451 89 498 193
person 0.0015130341053009033 429 112 500 154
person 0.004538297653198242 468 122 499 362
person 0.15869343280792236 478 82 500 217
chair 0.003635883331298828 412 134 452 197
person 0.0018676519393920898 489 18 500 113
person 0.8587157726287842 298 102 346 188
person 0.004645615816116333 423 120 456 184
person 0.0016419589519500732 493 23 500 120
pottedplant 0.0017007291316986084 456 0 499 45
car 0.002406179904937744 435 130 499 177
person 0.001449495553970337 241 79 303 131
person 0.6261249780654907 446 140 492 222
person 0.7826625108718872 0 132 49 201
person 0.0021827220916748047 42 133 69 188
person 0.014009058475494385 0 128 47 345
person 0.002757549285888672 0 129 63 326
motorbike 0.003285646438598633 485 160 499 222
person 0.7606483697891235 276 73 305 176
person 0.6477978229522705 298 70 347 157
person 0.6531269550323486 298 70 347 129
person 0.0015668869018554688 449 114 501 154
horse 0.0021657347679138184 452 112 499 159
person 0.0019419193267822266 453 111 499 168
person 0.0016419589519500732 0 130 16 187
person 0.10302171111106873 476 135 499 221
bicycle 0.0010485053062438965 486 160 499 232
motorbike 0.019642621278762817 412 132 456 196
motorbike 0.010776817798614502 413 128 480 196
motorbike 0.0019419193267822266 423 120 483 170
person 0.001040339469909668 423 119 506 165
bicycle 0.0016355812549591064 446 118 499 169
bicycle 0.002935171127319336 452 129 499 171
motorbike 0.006193429231643677 481 126 499 184
person 0.006388753652572632 5 132 77 189
person 0.0020991265773773193 0 130 20 195
person 0.003496825695037842 0 132 28 182
person 0.05623906850814819 0 133 44 174
person 0.0016102492809295654 126 128 152 171
person 0.0014837086200714111 144 144 178 172
bicycle 0.005240768194198608 412 139 451 196
person 0.0026520490646362305 43 134 63 172
person 0.1097080409526825 488 145 500 220
pottedplant 0.0017963051795959473 455 0 499 71
pottedplant 0.0028897523880004883 454 0 499 115
