person 0.012431591749191284 0 3 33 257
bicycle 0.0031976401805877686 0 2 74 264
bicycle 0.004573792219161987 0 3 177 265
bicycle 0.9029529690742493 43 20 374 262
person 0.006589770317077637 494 0 500 81
car 0.0010241866111755371 490 0 499 95
person 0.004133999347686768 0 127 16 225
cat 0.004364967346191406 0 125 11 230
cat 0.0028561055660247803 0 151 35 229
bicycle 0.0017410516738891602 9 -163 493 2
pottedplant 0.0017007291316986084 0 209 62 280
bottle 0.001264333724975586 44 97 73 128
bottle 0.007065832614898682 34 82 46 112
bottle 0.0064885616302490234 34 75 62 116
cat 0.031616777181625366 0 93 33 233
person 0.0011074244976043701 485 3 499 82
bottle 0.0026832520961761475 35 83 53 121
person 0.0011741816997528076 491 2 499 84
bottle 0.4054486155509949 35 76 74 124
person 0.014009058475494385 0 3 18 231
bottle 0.010170340538024902 35 82 64 119
person 0.05320581793785095 0 38 28 233
cat 0.01467105746269226 0 128 18 224
pottedplant 0.0015130341053009033 2 241 58 280
