car 0.9579123258590698 0 63 501 331
person 0.014898449182510376 149 68 225 144
person 0.002140522003173828 186 80 240 147
person 0.06488728523254395 61 100 129 151
person 0.0019876956939697266 40 72 172 153
person 0.007373988628387451 103 68 171 151
person 0.7892334461212158 171 95 247 147
person 0.004150032997131348 185 87 224 143
person 0.0015307366847991943 17 122 37 143
person 0.025370389223098755 80 99 130 147
person 0.028009146451950073 128 83 172 142
person 0.023419708013534546 170 86 228 147
person 0.0020346641540527344 107 83 173 161
