pottedplant 0.9289232492446899 103 280 264 467
chair 0.004198610782623291 260 365 368 491
pottedplant 0.0012792348861694336 29 245 86 490
pottedplant 0.00131988525390625 14 342 89 491
bottle 0.0028897523880004883 156 74 171 132
tvmonitor 0.5755879282951355 1 0 90 136
pottedplant 0.0012159943580627441 389 24 434 467
pottedplant 0.0011424720287322998 103 302 164 369
person 0.0012792348861694336 149 204 214 245
pottedplant 0.003147989511489868 46 354 82 437
pottedplant 0.011201143264770508 46 344 87 489
