pottedplant 0.24653419852256775 0 1 154 370
pottedplant 0.002725452184677124 276 79 500 365
pottedplant 0.0013044774532318115 445 6 499 370
pottedplant 0.9600651264190674 4 26 501 372
pottedplant 0.002590775489807129 4 365 482 439
pottedplant 0.005729943513870239 2 248 494 478
pottedplant 0.007877200841903687 0 171 500 571
pottedplant 0.20882385969161987 0 0 102 367
pottedplant 0.020528078079223633 53 0 233 187
pottedplant 0.008881211280822754 51 0 402 182
pottedplant 0.00831615924835205 0 0 25 245
pottedplant 0.1131901741027832 57 0 181 240
pottedplant 0.012821823358535767 2 0 373 242
pottedplant 0.17895618081092834 0 2 188 305
pottedplant 0.025662213563919067 5 1 272 289
pottedplant 0.02250036597251892 204 1 499 366
bird 0.0011424720287322998 0 0 25 136
bottle 0.09041720628738403 65 0 180 109
bird 0.0014104843139648438 0 0 26 220
bottle 0.0018033087253570557 65 0 185 156
