diningtable 0.18300914764404297 341 258 491 369
diningtable 0.001264333724975586 14 284 217 373
diningtable 0.6959580183029175 254 294 432 373
chair 0.004645615816116333 119 279 145 294
chair 0.013955414295196533 296 271 331 304
chair 0.0010083019733428955 391 259 477 336
chair 0.0010485053062438965 457 247 494 337
chair 0.0060506463050842285 485 244 499 349
chair 0.008576959371566772 395 232 457 360
chair 0.011331260204315186 426 240 489 371
chair 0.01791679859161377 394 246 422 266
chair 0.01155179738998413 358 264 385 360
chair 0.003285646438598633 294 269 363 303
chair 0.0020666420459747314 424 233 446 262
chair 0.008543968200683594 367 272 396 304
chair 0.0031358301639556885 366 262 416 305
chair 0.0034832358360290527 487 261 499 309
chair 0.006217539310455322 492 265 499 307
chair 0.010368883609771729 333 271 359 299
chair 0.012006610631942749 445 227 469 261
chair 0.025370389223098755 483 251 500 372
boat 0.006666600704193115 2 -7 496 348
chair 0.0051396191120147705 0 263 63 373
chair 0.0012544989585876465 490 246 499 309
chair 0.05500715970993042 446 252 489 361
chair 0.151027113199234 400 246 422 262
chair 0.0027360916137695312 314 270 398 361
chair 0.464901328086853 295 270 333 370
chair 0.00916031002998352 319 295 394 373
chair 0.2901751399040222 352 272 396 367
chair 0.7732153534889221 391 254 489 372
chair 0.061874181032180786 489 251 499 373
chair 0.0011879205703735352 391 244 422 262
bottle 0.0010322332382202148 330 267 345 294
chair 0.09602698683738708 423 227 469 262
chair 0.0069841742515563965 379 247 426 332
chair 0.015663117170333862 397 246 425 317
chair 0.020099759101867676 422 228 470 331
chair 0.16721951961517334 385 257 434 356
chair 0.01342916488647461 472 250 499 369
diningtable 0.0538000762462616 30 287 154 329
diningtable 0.031024068593978882 25 287 159 372
chair 0.9073100090026855 137 273 216 374
chair 0.0015010833740234375 254 292 325 372
chair 0.22135034203529358 295 281 360 374
chair 0.010652929544448853 274 298 416 373
chair 0.23301005363464355 353 260 433 373
chair 0.003650069236755371 423 227 485 287
chair 0.0014215409755706787 362 270 386 353
chair 0.0013044774532318115 423 257 479 339
chair 0.005219787359237671 394 247 422 274
chair 0.015364378690719604 0 300 62 374
