chair 0.0010004639625549316 353 152 499 373
person 0.8444110155105591 113 117 250 262
person 0.11047384142875671 306 118 397 325
person 0.9537931680679321 0 151 139 373
diningtable 0.7577925324440002 62 125 329 373
person 0.9322066307067871 305 124 499 373
diningtable 0.0030516982078552246 163 120 338 250
person 0.6918100118637085 321 114 397 245
chair 0.003899872303009033 0 83 145 370
person 0.002958148717880249 1 138 214 326
diningtable 0.031676650047302246 124 123 331 322
person 0.1343218982219696 451 97 499 362
chair 0.0011879205703735352 0 156 70 373
chair 0.003510504961013794 0 160 128 373
pottedplant 0.0034832358360290527 0 11 8 65
chair 0.00406983494758606 0 23 22 66
pottedplant 0.04672485589981079 4 18 60 76
person 0.0010988116264343262 161 119 190 229
person 0.2407766878604889 296 100 358 165
person 0.007093280553817749 163 119 199 226
bottle 0.0012447535991668701 243 143 269 180
chair 0.0069841742515563965 461 176 497 231
person 0.0010902583599090576 411 42 440 66
car 0.0012159943580627441 255 72 282 88
person 0.0034027397632598877 423 42 442 65
chair 0.0011603832244873047 426 123 439 181
person 0.0014438629150390625 424 42 457 67
person 0.013689994812011719 426 107 454 200
person 0.0014382600784301758 476 103 496 130
person 0.011244326829910278 480 104 499 132
person 0.016091108322143555 494 105 499 130
person 0.01182246208190918 483 79 500 224
chair 0.001040339469909668 55 58 87 94
person 0.0010860264301300049 247 86 267 105
person 0.0010902583599090576 247 85 268 118
person 0.0017207860946655273 280 82 292 112
person 0.6279522776603699 184 101 232 177
bottle 0.22541701793670654 275 154 286 191
person 0.0012159943580627441 387 49 399 68
person 0.001680910587310791 257 94 272 136
person 0.0018676519393920898 354 81 386 121
car 0.0012159943580627441 187 78 236 97
bottle 0.04240426421165466 274 116 281 138
car 0.0010485053062438965 250 78 283 91
car 0.0048677921295166016 261 79 284 90
bottle 0.0012447535991668701 491 253 500 373
person 0.00394555926322937 312 111 376 175
chair 0.0022963285446166992 471 181 499 305
pottedplant 0.007402688264846802 5 3 113 113
bottle 0.003565669059753418 263 115 273 137
chair 0.0030398666858673096 0 35 23 66
bottle 0.011201143264770508 267 116 274 137
chair 0.0022344589233398438 485 169 499 311
person 0.056032031774520874 427 98 483 150
bottle 0.004264324903488159 277 115 285 137
person 0.013122200965881348 449 99 499 179
chair 0.0024438798427581787 281 82 298 113
person 0.007232218980789185 165 26 199 94
person 0.0022344589233398438 303 228 390 372
person 0.05184340476989746 425 102 465 189
person 0.028115570545196533 396 48 412 66
person 0.08328992128372192 425 99 482 191
person 0.0013832449913024902 445 55 472 113
person 0.12252146005630493 303 180 397 306
person 0.0021488964557647705 0 149 46 215
person 0.002779155969619751 425 44 448 69
person 0.013585120439529419 438 47 459 74
chair 0.010652929544448853 305 161 409 313
bottle 0.0019117295742034912 247 151 256 180
car 0.010249316692352295 0 69 31 99
person 0.001020193099975586 0 125 25 383
chair 0.0018969178199768066 52 39 88 94
person 0.5273165702819824 449 99 483 147
pottedplant 0.0977327823638916 85 0 143 66
person 0.012193650007247925 461 168 499 372
bottle 0.0018033087253570557 488 262 500 374
person 0.0012350976467132568 399 48 437 76
person 0.09236234426498413 162 118 227 219
pottedplant 0.05360129475593567 0 9 30 65
chair 0.0027148425579071045 0 257 119 374
diningtable 0.0048677921295166016 77 123 322 240
person 0.14415043592453003 178 105 232 216
person 0.7994424104690552 406 43 445 77
chair 0.001466512680053711 433 146 472 204
diningtable 0.0018459856510162354 203 126 330 235
person 0.32252585887908936 442 55 459 76
chair 0.0019494593143463135 471 199 499 337
chair 0.01444736123085022 473 141 499 247
pottedplant 0.0013250410556793213 0 9 25 40
person 0.007288604974746704 466 93 499 242
chair 0.0010733604431152344 489 186 499 340
chair 0.0010860264301300049 492 163 499 303
diningtable 0.001388639211654663 436 140 465 189
car 0.0013459324836730957 0 32 22 100
person 0.0010485053062438965 433 111 460 145
car 0.0013459324836730957 256 68 275 81
person 0.0011879205703735352 393 56 412 77
sofa 0.06097537279129028 0 89 216 370
person 0.019793838262557983 467 104 499 154
chair 0.0011694133281707764 480 214 499 371
person 0.0018676519393920898 491 213 500 372
bottle 0.00421491265296936 451 107 473 148
chair 0.019418001174926758 0 91 67 157
person 0.0017275214195251465 437 111 455 144
person 0.02333083748817444 0 152 50 373
bottle 0.00257071852684021 446 108 462 145
person 0.011374980211257935 388 49 411 68
chair 0.0011741816997528076 0 68 56 161
bottle 0.173289954662323 456 121 466 149
person 0.0064885616302490234 479 105 499 149
person 0.0012943148612976074 463 106 481 153
person 0.010818421840667725 308 153 397 267
person 0.0022519826889038086 195 100 225 166
person 0.0018604099750518799 467 106 489 153
person 0.0016613304615020752 158 142 240 225
person 0.008846968412399292 212 96 233 164
person 0.0030162930488586426 214 94 235 152
person 0.02161678671836853 466 93 499 185
pottedplant 0.04418569803237915 0 6 70 165
person 0.4244120717048645 440 53 471 76
person 0.028870850801467896 473 89 499 356
chair 0.0026832520961761475 0 89 71 317
chair 0.0013044774532318115 259 90 284 134
bottle 0.005554467439651489 260 161 273 206
person 0.0012692809104919434 307 102 329 144
person 0.07531079649925232 246 92 273 129
person 0.004755467176437378 426 112 447 179
person 0.005343139171600342 246 90 284 128
person 0.6020615696907043 0 16 219 223
person 0.0028561055660247803 322 100 369 140
chair 0.0011160969734191895 491 166 499 249
person 0.13386806845664978 171 101 262 217
person 0.0010083019733428955 320 100 383 132
person 0.0032602250576019287 109 170 222 283
person 0.0021073520183563232 289 109 393 167
diningtable 0.004364967346191406 211 136 320 213
diningtable 0.0024921000003814697 249 148 284 210
person 0.0024438798427581787 239 99 269 149
person 0.004924893379211426 167 119 203 202
person 0.003751039505004883 167 119 206 177
chair 0.0018822550773620605 0 216 50 373
person 0.002867281436920166 214 94 230 110
bottle 0.006217539310455322 279 133 288 155
chair 0.0016355812549591064 425 141 449 202
person 0.0022084414958953857 324 114 374 193
diningtable 0.040843963623046875 434 138 483 203
person 0.007120847702026367 213 109 239 168
bottle 0.0025508105754852295 274 118 285 150
person 0.542863130569458 452 93 499 241
bottle 0.0030398666858673096 277 117 288 154
chair 0.1592157781124115 290 81 314 113
person 0.00185316801071167 309 93 340 113
person 0.0050605833530426025 188 161 270 215
person 0.005597800016403198 321 93 348 110
person 0.005199640989303589 324 113 381 167
chair 0.00208282470703125 462 187 484 230
person 0.004468142986297607 321 93 350 119
person 0.0018895864486694336 213 95 231 114
chair 0.05108004808425903 0 93 69 217
person 0.0023690462112426758 213 94 232 125
bottle 0.001957029104232788 233 202 249 254
chair 0.01764485239982605 0 93 166 217
person 0.038609206676483154 247 92 267 132
chair 0.027903079986572266 247 92 272 131
bottle 0.0014215409755706787 279 123 288 154
person 0.7041603326797485 215 96 263 165
person 0.01444736123085022 474 95 499 264
person 0.0016228556632995605 307 100 330 129
person 0.0052814483642578125 309 94 353 126
person 0.33112019300460815 297 102 333 164
person 0.005080223083496094 322 95 356 124
person 0.004736989736557007 322 96 362 130
chair 0.003565669059753418 481 158 499 247
person 0.07640942931175232 129 118 240 223
person 0.0016355812549591064 473 100 489 128
person 0.0177803635597229 494 93 499 128
person 0.0012065470218658447 181 130 270 214
diningtable 0.005842477083206177 200 154 315 213
diningtable 0.005426615476608276 253 152 279 209
person 0.0010988116264343262 311 93 337 107
person 0.007606714963912964 320 94 344 106
pottedplant 0.09602698683738708 0 9 58 85
person 0.3923368453979492 306 113 356 211
chair 0.002746790647506714 355 82 384 119
person 0.006241738796234131 460 99 482 126
chair 0.0026727914810180664 433 141 457 202
person 0.007489442825317383 494 82 499 125
diningtable 0.005511492490768433 434 139 496 216
person 0.0014438629150390625 0 90 51 311
diningtable 0.002415567636489868 218 155 277 210
person 0.08819276094436646 434 47 471 76
chair 0.009860128164291382 429 143 443 200
chair 0.020410388708114624 435 145 449 202
pottedplant 0.004905790090560913 43 0 146 146
chair 0.0025115013122558594 0 145 43 219
pottedplant 0.022629231214523315 43 0 97 90
person 0.00952214002609253 412 38 471 77
pottedplant 0.012053072452545166 2 1 98 91
pottedplant 0.013848692178726196 43 0 144 96
pottedplant 0.0011336207389831543 81 1 187 70
