motorbike 0.030042648315429688 446 105 499 300
motorbike 0.8386808037757874 170 75 345 342
motorbike 0.8902919292449951 327 116 500 353
motorbike 0.18772712349891663 0 92 49 314
motorbike 0.8808004856109619 24 98 194 334
motorbike 0.003272920846939087 168 103 499 348
person 0.020099759101867676 484 98 499 194
car 0.0010004639625549316 278 148 319 169
person 0.0021488964557647705 493 60 500 177
person 0.003565669059753418 478 74 499 279
motorbike 0.0037074387073516846 366 108 500 274
person 0.0017753839492797852 492 160 500 307
motorbike 0.009267330169677734 0 97 78 314
motorbike 0.005532950162887573 0 97 145 316
person 0.0022785067558288574 490 256 500 362
person 0.0026623904705047607 480 103 499 371
person 0.0011248290538787842 0 103 7 232
person 0.0020666420459747314 486 153 499 357
person 0.0020666420459747314 494 93 499 165
person 0.002501755952835083 463 98 499 189
person 0.0016874969005584717 493 123 499 154
person 0.0034027397632598877 492 116 499 177
person 0.001560807228088379 469 118 499 236
motorbike 0.0012399256229400635 92 114 196 235
motorbike 0.0012994110584259033 0 104 108 297
motorbike 0.0031976401805877686 156 109 340 291
car 0.0011074244976043701 128 132 199 171
motorbike 0.0250818133354187 389 125 499 291
motorbike 0.011331260204315186 421 106 499 309
motorbike 0.0033501386642456055 476 88 499 318
