sofa 0.0010162293910980225 5 171 495 515
dog 0.5457699298858643 43 5 452 365
dog 0.003765672445297241 0 16 81 245
dog 0.029872894287109375 0 22 39 270
dog 0.0028784871101379395 0 116 199 235
person 0.0011380314826965332 0 22 127 256
dog 0.0022344589233398438 0 14 417 253
dog 0.010249316692352295 0 103 107 241
sofa 0.32252585887908936 0 0 501 388
person 0.001432657241821289 0 31 193 242
person 0.0015010833740234375 0 26 321 239
person 0.0012065470218658447 0 10 427 240
dog 0.009089648723602295 0 23 82 329
dog 0.005301922559738159 0 26 212 304
cat 0.007065832614898682 0 1 37 152
cat 0.0023782849311828613 0 98 106 278
dog 0.009670913219451904 0 111 112 286
