diningtable 0.0017410516738891602 0 216 435 375
diningtable 0.008062601089477539 35 270 369 373
person 0.9022672176361084 121 74 367 356
person 0.0025115013122558594 473 84 499 372
diningtable 0.06301644444465637 19 303 392 374
diningtable 0.002115577459335327 473 244 499 373
diningtable 0.0010526180267333984 473 318 500 375
pottedplant 0.0013995170593261719 424 78 476 133
bird 0.0012350976467132568 372 361 439 374
pottedplant 0.0016678273677825928 370 55 410 107
pottedplant 0.02211776375770569 419 56 493 232
pottedplant 0.0010567307472229004 423 88 476 144
bottle 0.006719321012496948 236 240 259 327
bottle 0.0016940832138061523 490 269 500 365
pottedplant 0.0011971890926361084 320 -1 495 260
person 0.001714080572128296 494 219 500 356
tvmonitor 0.009898394346237183 202 58 287 162
chair 0.004166156053543091 472 241 499 373
chair 0.001714080572128296 483 168 499 373
pottedplant 0.017848461866378784 370 55 410 134
chair 0.004038453102111816 471 184 499 373
bottle 0.001040339469909668 491 317 499 352
pottedplant 0.0018749535083770752 339 30 485 278
pottedplant 0.005865275859832764 457 18 498 290
tvmonitor 0.938576877117157 84 81 196 185
pottedplant 0.002590775489807129 377 50 480 280
pottedplant 0.1116311252117157 417 48 481 283
bottle 0.003235042095184326 375 364 437 374
tvmonitor 0.20882385969161987 0 0 58 73
bottle 0.001111745834350586 327 326 381 375
tvmonitor 0.0016292035579681396 203 59 281 103
pottedplant 0.001964658498764038 419 61 476 136
bottle 0.06779336929321289 359 336 380 374
bottle 0.0010444223880767822 244 242 278 298
tvmonitor 0.002641737461090088 0 0 53 52
bottle 0.0012065470218658447 361 326 379 350
person 0.0012544989585876465 491 232 500 367
diningtable 0.0013724565505981445 90 317 339 373
bicycle 0.006339401006698608 473 270 499 374
diningtable 0.0015366971492767334 83 357 343 374
diningtable 0.0010162293910980225 182 330 404 374
pottedplant 0.0020425915718078613 364 362 437 374
bicycle 0.008413106203079224 472 307 499 374
tvmonitor 0.011776894330978394 0 213 42 247
