person 0.9378989934921265 270 169 343 321
person 0.004264324903488159 84 195 99 226
person 0.901229977607727 366 175 417 305
person 0.004231303930282593 89 194 104 211
person 0.010735392570495605 99 193 114 212
person 0.007431507110595703 100 194 121 220
person 0.0028784871101379395 132 197 148 212
person 0.023419708013534546 143 196 161 222
person 0.005384683609008789 485 170 499 315
bicycle 0.001560807228088379 88 205 106 257
person 0.002115577459335327 384 206 411 251
person 0.004231303930282593 99 193 112 219
person 0.010249316692352295 477 220 499 317
horse 0.0015071630477905273 103 206 122 257
bottle 0.07977861166000366 431 247 444 270
horse 0.002790004014968872 85 201 104 257
person 0.026964962482452393 98 192 111 208
person 0.00369301438331604 99 193 120 213
person 0.0010322332382202148 139 195 156 211
bicycle 0.005447685718536377 148 211 161 255
bicycle 0.003664344549179077 90 218 106 257
bicycle 0.0017963051795959473 90 216 113 257
person 0.8998310565948486 433 166 499 315
bicycle 0.0012447535991668701 134 214 152 266
bicycle 0.001040339469909668 135 213 160 263
bottle 0.01596766710281372 432 236 447 269
person 0.008778899908065796 493 174 499 324
person 0.0052814483642578125 98 195 114 251
person 0.9230389595031738 194 189 237 273
bottle 0.00386965274810791 493 204 499 265
bottle 0.0012350976467132568 44 22 63 74
person 0.0015791356563568115 126 202 137 258
person 0.004038453102111816 147 208 161 253
person 0.783988356590271 101 198 123 257
person 0.7233090996742249 127 199 153 265
person 0.8976983428001404 319 182 366 297
person 0.002415567636489868 85 194 98 212
person 0.003607630729675293 93 193 106 210
bottle 0.0013096034526824951 421 243 445 270
person 0.0026727914810180664 93 197 108 254
person 0.5544705390930176 143 196 162 248
person 0.00208282470703125 383 195 413 264
person 0.47657960653305054 85 199 105 257
