chair 0.8479689955711365 0 60 156 316
motorbike 0.1592157781124115 358 4 499 353
diningtable 0.7295198440551758 10 3 499 374
motorbike 0.07723838090896606 408 2 499 349
chair 0.0018388032913208008 0 132 11 251
chair 0.002018868923187256 0 135 18 249
pottedplant 0.0010650157928466797 3 -144 498 158
chair 0.0019191503524780273 0 251 35 329
chair 0.003621727228164673 0 120 29 339
diningtable 0.014282047748565674 347 2 500 362
pottedplant 0.026456594467163086 347 2 500 364
chair 0.022033512592315674 0 171 13 368
chair 0.0030280649662017822 53 71 156 262
bottle 0.0010083019733428955 364 204 417 293
bottle 0.030099451541900635 409 188 499 347
bottle 0.02414378523826599 365 159 425 293
chair 0.013848692178726196 0 208 15 342
chair 0.001225501298904419 0 153 39 254
chair 0.006003767251968384 346 6 390 113
chair 0.0019266009330749512 168 134 250 263
