chair 0.016916126012802124 65 71 210 194
chair 0.003389507532119751 0 91 60 265
person 0.023553669452667236 290 47 359 268
dog 0.8940523266792297 100 99 243 268
chair 0.004792630672454834 88 100 264 266
chair 0.05300912261009216 290 117 359 267
chair 0.018056362867355347 43 57 280 268
sofa 0.028383255004882812 44 130 282 268
chair 0.012053072452545166 146 76 188 102
person 0.003185272216796875 146 76 188 103
chair 0.18653884530067444 61 64 104 146
diningtable 0.0014104843139648438 87 79 133 101
chair 0.003222525119781494 38 62 75 129
diningtable 0.007011294364929199 88 77 180 100
chair 0.0097084641456604 57 63 80 136
bottle 0.0011160969734191895 0 147 4 193
person 0.010091900825500488 291 123 359 266
chair 0.0015010833740234375 0 181 21 266
person 0.0015130341053009033 338 121 359 273
chair 0.0011513829231262207 0 132 34 268
chair 0.002003192901611328 0 175 49 268
chair 0.01292121410369873 51 83 96 143
chair 0.0013302266597747803 59 59 92 106
diningtable 0.016530483961105347 57 80 186 162
person 0.001524806022644043 126 61 147 80
diningtable 0.00874510407447815 58 79 182 104
chair 0.0019799768924713135 309 165 359 268
chair 0.001477956771850586 0 174 29 267
diningtable 0.008711427450180054 0 177 49 267
diningtable 0.00406983494758606 52 82 96 141
diningtable 0.0220755934715271 62 79 206 196
diningtable 0.02056744694709778 56 79 269 199
chair 0.0010817945003509521 81 0 353 267
chair 0.001335442066192627 45 48 98 146
chair 0.002631455659866333 0 111 20 198
chair 0.006003767251968384 64 70 83 149
bottle 0.020176976919174194 5 150 50 169
diningtable 0.0011292099952697754 0 184 16 270
chair 0.0018749535083770752 126 61 148 83
chair 0.1254904866218567 68 70 134 195
chair 0.0012159943580627441 0 111 52 184
