chair 0.002341538667678833 143 166 360 373
person 0.055620014667510986 106 73 362 319
person 0.07863974571228027 208 69 362 322
chair 0.8670357465744019 95 119 340 373
person 0.16505426168441772 210 172 361 319
tvmonitor 0.0013564825057983398 219 68 357 252
chair 0.016153186559677124 220 65 348 163
tvmonitor 0.6169357895851135 221 67 346 164
chair 0.0021742284297943115 200 65 351 263
tvmonitor 0.0010902583599090576 0 32 176 166
chair 0.009054571390151978 0 28 176 368
tvmonitor 0.001335442066192627 292 69 346 163
chair 0.001367121934890747 206 169 360 323
chair 0.0034293532371520996 99 117 224 309
tvmonitor 0.001524806022644043 182 107 365 260
