bicycle 0.9378989934921265 117 216 214 315
car 0.014841258525848389 112 171 209 215
car 0.9230389595031738 269 162 406 261
car 0.06278634071350098 123 163 202 213
person 0.0031358301639556885 170 170 202 217
car 0.004054129123687744 203 172 281 193
car 0.0012065470218658447 202 182 231 211
bicycle 0.0012350976467132568 109 231 186 283
car 0.002018868923187256 200 175 230 214
car 0.11919951438903809 227 172 287 213
motorbike 0.001367121934890747 106 235 168 304
car 0.002779155969619751 369 195 406 256
car 0.0011925697326660156 380 191 406 253
car 0.030099451541900635 362 196 457 260
bottle 0.017310142517089844 107 241 143 269
car 0.0035518109798431396 208 173 262 192
motorbike 0.0016874969005584717 107 235 167 274
bicycle 0.0013147294521331787 104 229 177 300
car 0.0027360916137695312 0 111 29 223
car 0.009633511304855347 126 141 201 213
car 0.13206565380096436 170 169 203 216
car 0.0020991265773773193 353 171 407 259
car 0.16451644897460938 0 164 16 225
person 0.826710045337677 121 142 191 290
car 0.003976315259933472 361 186 406 259
car 0.0012447535991668701 141 168 209 280
car 0.7154243588447571 66 169 152 216
person 0.001040339469909668 74 142 192 217
person 0.015906304121017456 140 142 190 218
car 0.018759876489639282 0 167 10 225
car 0.0021238625049591064 169 189 198 216
car 0.018264353275299072 168 172 228 214
car 0.7956579923629761 201 171 286 213
car 0.001432657241821289 171 196 193 215
car 0.1495317816734314 0 167 28 224
car 0.001388639211654663 0 175 50 223
