chair 0.0023690462112426758 83 163 367 307
diningtable 0.10594767332077026 1 305 370 499
bottle 0.9343974590301514 235 310 325 499
bottle 0.002115577459335327 181 378 377 499
bottle 0.9600651264190674 111 204 169 428
bottle 0.925230085849762 0 188 48 379
bottle 0.0012065470218658447 0 240 38 385
chair 0.004102110862731934 283 162 365 309
person 0.9520411491394043 44 11 352 310
bottle 0.10411036014556885 0 313 19 405
bottle 0.0014438629150390625 5 305 47 379
bottle 0.0015130341053009033 113 203 173 358
bottle 0.0028897523880004883 114 203 174 310
