chair 0.151027113199234 136 37 498 208
chair 0.062328606843948364 238 39 495 247
chair 0.0013406574726104736 340 40 500 330
chair 0.37570610642433167 45 15 248 258
chair 0.14560097455978394 42 10 479 262
chair 0.0023690462112426758 469 63 499 330
chair 0.00257071852684021 431 43 499 330
cat 0.0010567307472229004 0 129 15 238
chair 0.0021321773529052734 126 29 188 152
chair 0.026456594467163086 153 65 251 217
person 0.001388639211654663 0 26 14 296
chair 0.0012742578983306885 124 36 223 229
chair 0.0022873878479003906 126 33 207 198
chair 0.0011074244976043701 258 33 445 195
chair 0.0019954144954681396 130 52 174 152
chair 0.09009644389152527 44 16 343 258
chair 0.048675328493118286 179 36 432 202
chair 0.12336331605911255 141 15 346 197
chair 0.3302556872367859 184 40 344 195
chair 0.0015977323055267334 485 157 499 291
chair 0.0022785067558288574 489 151 500 294
bird 0.0012447535991668701 417 55 466 86
boat 0.0011513829231262207 372 0 426 23
chair 0.002790004014968872 483 142 499 248
chair 0.004150032997131348 487 85 499 340
cat 0.005426615476608276 0 92 15 305
chair 0.001957029104232788 111 80 264 215
boat 0.0012350976467132568 304 0 426 24
chair 0.0021238625049591064 42 80 237 249
pottedplant 0.004150032997131348 84 44 108 102
