bus 0.9326993227005005 88 105 434 267
car 0.0012159943580627441 300 195 324 203
car 0.045186132192611694 0 162 8 183
car 0.05089092254638672 0 163 17 183
car 0.0031724870204925537 0 163 31 184
car 0.003607630729675293 17 162 36 173
car 0.00284498929977417 17 162 37 179
car 0.0013995170593261719 301 195 319 204
person 0.008881211280822754 106 159 117 176
boat 0.0012159943580627441 220 44 243 111
car 0.004924893379211426 55 168 78 185
car 0.6943025588989258 0 168 27 185
person 0.001111745834350586 190 156 209 179
pottedplant 0.0045206546783447266 431 182 444 204
car 0.002867281436920166 55 169 66 185
car 0.7549138069152832 68 170 87 189
