diningtable 0.9032941460609436 19 318 368 500
chair 0.014282047748565674 0 332 66 499
chair 0.007755845785140991 0 342 111 499
chair 0.001831650733947754 1 336 193 499
chair 0.9358205199241638 77 328 227 499
chair 0.8740801811218262 232 368 374 499
chair 0.0021742284297943115 2 415 235 499
bottle 0.0023968517780303955 161 209 173 263
chair 0.0037219226360321045 0 460 151 499
bottle 0.004399091005325317 230 443 267 501
chair 0.0017547309398651123 0 289 29 327
bicycle 0.0010362863540649414 195 0 277 21
pottedplant 0.8365548849105835 88 223 140 276
pottedplant 0.00185316801071167 159 0 276 22
chair 0.006692379713058472 234 299 279 336
chair 0.0025409162044525146 84 275 139 328
chair 0.0010902583599090576 1 291 38 354
chair 0.002725452184677124 30 281 203 435
chair 0.15354740619659424 223 298 297 458
chair 0.0016613304615020752 234 287 276 338
chair 0.0012742578983306885 0 290 30 344
chair 0.0012112557888031006 229 408 339 499
chair 0.008413106203079224 0 439 65 499
chair 0.34864580631256104 30 278 93 387
chair 0.007232218980789185 0 437 140 499
chair 0.004150032997131348 29 278 163 411
chair 0.008812874555587769 257 313 374 463
chair 0.003416001796722412 330 318 374 359
chair 0.003147989511489868 0 399 69 499
chair 0.0013147294521331787 319 314 374 439
pottedplant 0.04603534936904907 0 297 49 456
pottedplant 0.01186823844909668 0 299 43 379
chair 0.011331260204315186 20 279 97 446
chair 0.007518589496612549 29 276 120 443
chair 0.014282047748565674 0 289 46 374
chair 0.07668477296829224 31 279 91 340
chair 0.5486736297607422 235 298 294 342
chair 0.031616777181625366 0 308 51 455
pottedplant 0.0011074244976043701 0 158 18 267
chair 0.0010004639625549316 36 312 175 459
chair 0.0012447535991668701 324 314 374 496
chair 0.0013302266597747803 234 481 350 499
chair 0.0010004639625549316 1 259 142 334
bottle 0.001388639211654663 284 394 358 435
chair 0.005426615476608276 1 484 65 499
pottedplant 0.003607630729675293 173 302 234 351
chair 0.009860128164291382 0 475 66 499
bottle 0.00812530517578125 49 379 74 440
chair 0.11240836977958679 130 275 256 497
chair 0.0548042356967926 197 303 281 483
pottedplant 0.006217539310455322 199 0 271 21
bottle 0.001388639211654663 0 166 22 278
pottedplant 0.0016613304615020752 57 251 79 277
chair 0.0013250410556793213 79 330 151 495
chair 0.014282047748565674 170 273 276 496
chair 0.0060742199420928955 306 365 374 498
