motorbike 0.7892334461212158 73 96 314 450
person 0.0016419589519500732 76 157 102 208
person 0.00536385178565979 99 140 153 219
person 0.0010004639625549316 1 0 66 35
person 0.015483170747756958 22 0 75 45
person 0.7386703491210938 96 127 155 288
bus 0.0097084641456604 0 0 178 327
person 0.9326993227005005 0 137 76 374
person 0.0016292035579681396 74 145 111 208
person 0.002011030912399292 20 0 62 33
person 0.0029928982257843018 72 134 129 212
motorbike 0.0028897523880004883 271 161 330 323
motorbike 0.0010241866111755371 303 158 331 308
motorbike 0.002958148717880249 278 200 330 325
person 0.0015487074851989746 0 0 42 20
person 0.0018676519393920898 -2 0 74 21
