pottedplant 0.4941408932209015 271 243 402 371
pottedplant 0.001432657241821289 91 27 364 356
pottedplant 0.0029928982257843018 16 21 447 361
diningtable 0.0320991575717926 160 5 498 374
bottle 0.00185316801071167 474 0 499 371
pottedplant 0.9477707743644714 143 220 272 358
person 0.0015366971492767334 477 -13 499 372
diningtable 0.0012842416763305664 0 41 285 370
pottedplant 0.8606008291244507 30 195 150 325
chair 0.00812530517578125 470 -18 500 293
pottedplant 0.10302171111106873 183 30 337 155
pottedplant 0.014392048120498657 330 105 467 251
diningtable 0.0023782849311828613 2 -2 495 180
chair 0.0011424720287322998 459 0 499 213
pottedplant 0.0011248290538787842 136 115 196 201
pottedplant 0.8791466951370239 0 0 187 197
chair 0.018229514360427856 458 1 499 370
diningtable 0.05165153741836548 4 1 490 286
pottedplant 0.0012302696704864502 1 2 274 244
pottedplant 0.0031724870204925537 14 4 476 250
pottedplant 0.0021573007106781006 158 219 237 291
pottedplant 0.21011754870414734 227 151 344 266
pottedplant 0.008576959371566772 32 195 109 278
pottedplant 0.0010241866111755371 0 7 42 139
pottedplant 0.613236665725708 117 115 229 237
