chair 0.0022696256637573242 195 191 375 478
chair 0.005322486162185669 304 194 374 473
tvmonitor 0.0025310516357421875 300 192 374 478
person 0.9498586654663086 11 98 342 500
chair 0.0010485053062438965 8 310 350 499
car 0.0013778507709503174 2 0 95 20
tvmonitor 0.14318987727165222 313 462 374 499
chair 0.004503071308135986 5 168 341 489
tvmonitor 0.0011879205703735352 265 393 317 488
tvmonitor 0.0011380314826965332 271 475 330 499
tvmonitor 0.0011160969734191895 263 320 352 483
tvmonitor 0.002867281436920166 269 357 352 474
tvmonitor 0.014118820428848267 294 353 352 464
bottle 0.017848461866378784 3 0 70 18
