chair 0.0013617873191833496 480 162 499 331
diningtable 0.8092765808105469 261 208 392 321
car 0.004264324903488159 303 160 361 189
tvmonitor 0.002641737461090088 300 172 361 187
tvmonitor 0.0026110410690307617 335 172 360 185
tvmonitor 0.007938534021377563 299 188 353 210
chair 0.0011925697326660156 238 190 292 329
tvmonitor 0.01994621753692627 487 236 500 332
chair 0.001972287893295288 344 228 401 295
chair 0.001225501298904419 236 187 254 282
chair 0.005797207355499268 487 251 499 333
chair 0.002140522003173828 262 208 343 235
chair 0.409220814704895 239 190 281 284
pottedplant 0.0010817945003509521 484 186 500 291
chair 0.8910531997680664 341 193 408 294
tvmonitor 0.003442734479904175 293 91 368 198
chair 0.0013459324836730957 238 189 259 290
chair 0.9278846979141235 246 226 319 332
chair 0.010091900825500488 487 183 499 332
chair 0.0013459324836730957 261 207 340 311
tvmonitor 0.0663253664970398 0 155 50 242
chair 0.012723177671432495 297 187 359 277
chair 0.01854574680328369 300 187 385 285
chair 0.026155948638916016 315 191 395 290
bottle 0.004905790090560913 487 216 499 332
pottedplant 0.0014215409755706787 478 194 500 296
chair 0.025662213563919067 299 188 334 209
chair 0.02517762780189514 299 188 350 210
