person 0.001388639211654663 0 112 108 373
person 0.01196029782295227 120 198 336 373
sofa 0.0016292035579681396 100 180 437 373
person 0.7098248600959778 0 36 177 372
sofa 0.07892298698425293 39 143 500 371
person 0.3693140745162964 152 16 491 373
person 0.17050957679748535 446 46 499 367
sofa 0.003960907459259033 51 284 348 373
sofa 0.0018388032913208008 17 283 494 373
person 0.42632174491882324 296 17 499 373
person 0.0019876956939697266 0 64 70 373
person 0.21469154953956604 0 31 319 373
person 0.8250249624252319 118 83 330 373
person 0.002757549285888672 471 97 499 228
person 0.0031724870204925537 478 83 499 231
person 0.0010988116264343262 400 66 499 247
person 0.007755845785140991 472 31 499 290
person 0.01292121410369873 472 70 499 192
person 0.0015130341053009033 485 52 500 170
person 0.009898394346237183 460 12 500 304
person 0.005842477083206177 479 61 500 170
bottle 0.007316946983337402 202 293 277 351
person 0.0013564825057983398 474 122 499 156
person 0.03296089172363281 474 100 499 158
person 0.0017275214195251465 153 153 347 370
person 0.001560807228088379 0 45 25 361
person 0.0010322332382202148 0 37 95 370
dog 0.05665522813796997 203 293 296 362
diningtable 0.001524806022644043 308 284 499 369
person 0.002415567636489868 484 164 499 370
person 0.03222090005874634 132 291 305 373
bottle 0.06030997633934021 203 293 300 363
person 0.001904308795928955 485 88 499 235
chair 0.0016874969005584717 294 161 350 197
person 0.0017410516738891602 150 153 316 270
person 0.004198610782623291 161 125 315 286
person 0.013689994812011719 471 92 499 355
bottle 0.0010162293910980225 383 285 425 318
person 0.021288663148880005 204 292 303 364
diningtable 0.001120448112487793 224 159 495 211
diningtable 0.0017547309398651123 108 158 339 310
diningtable 0.0012350976467132568 180 160 494 228
