chair 0.03501462936401367 11 296 106 499
chair 0.028870850801467896 12 295 164 499
chair 0.07585501670837402 76 224 350 499
chair 0.0017275214195251465 10 196 319 423
person 0.6867910623550415 64 155 331 401
sofa 0.06417948007583618 128 183 374 497
dog 0.08663347363471985 192 215 330 373
sofa 0.1393992006778717 -3 181 373 497
person 0.0016419589519500732 3 52 159 459
person 0.0023506581783294678 7 71 265 450
chair 0.001388639211654663 9 142 358 431
person 0.001964658498764038 11 210 171 497
person 0.42059946060180664 16 154 336 495
chair 0.023824095726013184 178 183 374 496
chair 0.00812530517578125 87 418 354 499
person 0.016658097505569458 43 240 71 302
chair 0.0021912753582000732 0 454 56 499
chair 0.0010650157928466797 0 454 82 499
chair 0.0023690462112426758 11 297 91 412
chair 0.001957029104232788 11 297 126 412
person 0.08977669477462769 45 240 70 272
pottedplant 0.0029928982257843018 328 282 374 497
person 0.0028897523880004883 84 239 111 286
person 0.004556000232696533 84 222 116 288
person 0.0028784871101379395 84 208 132 291
person 0.0011292099952697754 62 181 176 402
bottle 0.0029812753200531006 130 187 216 376
dog 0.0069571733474731445 89 215 343 400
pottedplant 0.0012018680572509766 0 451 66 499
pottedplant 0.0029237568378448486 15 402 108 499
pottedplant 0.0012792348861694336 0 443 100 499
dog 0.014336913824081421 99 219 349 334
pottedplant 0.0021488964557647705 0 461 45 500
dog 0.5273165702819824 195 219 328 331
pottedplant 0.0020991265773773193 0 457 23 499
chair 0.0015426874160766602 2 470 57 499
person 0.00406983494758606 41 235 93 291
bottle 0.396068274974823 114 173 211 325
