horse 0.0016102492809295654 194 146 364 250
horse 0.692642092704773 339 115 499 306
horse 0.06394520401954651 77 166 155 252
train 0.1699577271938324 339 114 500 303
horse 0.013122200965881348 238 143 316 192
person 0.0014050006866455078 222 262 251 290
horse 0.010249316692352295 339 114 473 172
horse 0.7786496877670288 77 167 127 256
pottedplant 0.005842477083206177 0 191 7 225
horse 0.0012065470218658447 194 147 317 192
horse 0.026862531900405884 194 152 242 184
person 0.0012842416763305664 480 36 499 282
horse 0.0015853047370910645 76 167 114 234
person 0.8824281692504883 113 143 153 255
horse 0.003765672445297241 194 148 319 230
horse 0.003976315259933472 224 144 319 201
