car 0.0015791356563568115 9 131 485 539
car 0.0015729963779449463 0 53 24 183
car 0.0011558830738067627 491 255 499 290
car 0.9005328416824341 8 71 484 251
car 0.0021827220916748047 491 251 499 304
person 0.02080520987510681 141 87 176 121
car 0.21337738633155823 0 47 52 184
person 0.006463468074798584 136 85 192 122
car 0.0015977323055267334 0 46 86 189
car 0.001466512680053711 0 151 53 186
car 0.052229225635528564 0 133 25 184
person 0.0035935938358306885 211 94 251 123
person 0.0029928982257843018 128 83 175 121
