train 0.6842647194862366 0 227 420 373
pottedplant 0.0013459324836730957 46 122 106 186
pottedplant 0.0021827220916748047 0 98 83 234
pottedplant 0.0016613304615020752 36 112 116 238
chair 0.0022873878479003906 355 219 378 250
train 0.002693742513656616 328 210 432 313
person 0.02112632989883423 413 215 430 277
chair 0.002003192901611328 354 216 385 280
train 0.005865275859832764 1 -2 430 361
pottedplant 0.0015010833740234375 289 278 313 296
pottedplant 0.0017007291316986084 0 80 57 237
pottedplant 0.006364047527313232 355 218 378 250
chair 0.0011971890926361084 330 257 361 322
person 0.0022607743740081787 493 203 499 246
