person 0.0019117295742034912 436 0 450 23
person 0.00118333101272583 439 0 454 17
car 0.0021657347679138184 443 0 480 18
motorbike 0.007288604974746704 459 0 500 155
car 0.0021912753582000732 388 0 411 10
motorbike 0.02386951446533203 322 68 417 113
motorbike 0.0020505785942077637 109 -91 487 -2
bicycle 0.010735392570495605 0 15 19 60
motorbike 0.005619615316390991 347 0 440 39
motorbike 0.07640942931175232 198 29 457 210
bicycle 0.00185316801071167 0 11 16 98
bicycle 0.002140522003173828 0 22 21 89
car 0.2062540352344513 436 0 499 37
person 0.47657960653305054 0 0 14 53
motorbike 0.004736989736557007 197 31 364 144
motorbike 0.0015366971492767334 345 5 394 70
motorbike 0.0024724602699279785 187 44 414 122
bicycle 0.003565669059753418 318 49 416 113
person 0.0010322332382202148 463 -1 499 95
car 0.003678649663925171 385 0 419 13
motorbike 0.00321003794670105 384 0 422 14
motorbike 0.004811316728591919 388 0 439 18
motorbike 0.7969253063201904 330 0 467 97
motorbike 0.6584183573722839 437 0 499 172
car 0.020488768815994263 440 0 499 26
motorbike 0.8824281692504883 56 35 447 250
person 0.0019266009330749512 480 24 499 137
motorbike 0.0010817945003509521 391 8 445 41
motorbike 0.0360853374004364 408 2 440 39
motorbike 0.0011694133281707764 398 1 482 37
motorbike 0.003650069236755371 432 0 477 37
motorbike 0.0025508105754852295 459 1 500 40
motorbike 0.0020505785942077637 460 0 499 62
motorbike 0.0022873878479003906 320 0 418 110
person 0.018194735050201416 416 0 439 30
car 0.0024344027042388916 437 0 476 32
motorbike 0.0015853047370910645 198 31 316 114
motorbike 0.002199828624725342 217 37 413 107
motorbike 0.001040339469909668 318 31 418 110
person 0.0024438798427581787 486 -8 499 147
car 0.0010083019733428955 405 34 462 87
person 0.0028561055660247803 489 -11 499 120
person 0.14415043592453003 408 0 439 39
car 0.0017007291316986084 453 0 500 68
person 0.008478313684463501 475 0 499 145
motorbike 0.0075772106647491455 381 0 441 38
motorbike 0.045186132192611694 435 0 499 37
person 0.013172894716262817 0 0 25 55
car 0.7892334461212158 241 0 383 44
motorbike 0.00629037618637085 436 0 499 73
