chair 0.025662213563919067 35 168 415 373
sofa 0.43782347440719604 32 175 423 373
diningtable 0.3276689648628235 402 236 499 373
sofa 0.06979727745056152 24 162 312 372
person 0.040538668632507324 37 97 204 372
person 0.3337203860282898 287 123 466 286
person 0.8563305139541626 36 98 296 374
person 0.27669090032577515 287 139 425 371
chair 0.16344508528709412 22 160 265 373
person 0.09911799430847168 144 164 295 374
person 0.8944220542907715 194 126 424 373
person 0.013021320104598999 286 147 494 371
person 0.001335442066192627 292 145 316 168
person 0.001466512680053711 0 100 35 203
car 0.0012842416763305664 194 146 302 180
car 0.005343139171600342 369 155 456 200
car 0.010368883609771729 253 149 305 179
car 0.0019191503524780273 201 125 300 184
person 0.0013564825057983398 41 216 239 310
person 0.0026520490646362305 104 216 178 300
person 0.6592963337898254 0 59 39 371
person 0.0019876956939697266 102 205 300 364
person 0.007316946983337402 196 126 352 353
pottedplant 0.0013250410556793213 0 138 26 370
bottle 0.003285646438598633 86 215 124 255
bottle 0.0012159943580627441 494 197 499 275
chair 0.1655934751033783 402 255 499 373
car 0.0013995170593261719 399 155 451 180
chair 0.001477956771850586 470 222 499 369
person 0.00276830792427063 473 227 500 360
bottle 0.0016355812549591064 100 224 125 256
chair 0.0014215409755706787 465 268 499 371
person 0.0016613304615020752 0 137 13 268
chair 0.004231303930282593 0 124 25 342
chair 0.0022873878479003906 6 151 82 372
chair 0.030442774295806885 26 151 137 366
person 0.003678649663925171 85 213 232 297
person 0.3276689648628235 0 52 37 268
car 0.01422739028930664 371 155 403 189
bottle 0.00812530517578125 455 198 468 250
bottle 0.003324180841445923 456 217 471 250
chair 0.007093280553817749 295 131 460 294
diningtable 0.0010444223880767822 348 189 495 236
diningtable 0.0030516982078552246 433 191 492 238
chair 0.006538987159729004 0 121 61 353
chair 0.007755845785140991 24 164 72 346
person 0.0076660215854644775 265 128 285 154
person 0.0168512761592865 0 107 34 263
person 0.0010043680667877197 0 12 9 214
person 0.005021452903747559 0 99 24 329
chair 0.003496825695037842 0 121 39 344
bottle 0.0011971890926361084 490 234 499 281
car 0.0011424720287322998 371 157 417 191
bottle 0.22953715920448303 434 163 451 210
bottle 0.001388639211654663 450 166 466 208
person 0.0018103718757629395 0 111 15 274
bottle 0.0013406574726104736 482 235 499 264
bottle 0.002074718475341797 490 235 499 264
bottle 0.0018174350261688232 242 0 293 54
car 0.0012544989585876465 254 126 297 176
chair 0.012288272380828857 370 156 401 191
car 0.002011030912399292 396 157 452 203
bottle 0.02169954776763916 105 214 124 248
bottle 0.006930291652679443 135 214 174 228
bottle 0.0029928982257843018 133 214 174 240
bottle 0.012006610631942749 448 193 467 247
bottle 0.002323359251022339 452 195 470 250
chair 0.001714080572128296 6 162 72 297
person 0.004700213670730591 257 127 288 159
chair 0.0027148425579071045 27 164 78 281
