chair 0.040843963623046875 89 69 491 437
person 0.011072665452957153 105 188 499 437
chair 0.26511818170547485 0 133 153 437
person 0.2782570719718933 184 107 499 402
person 0.0032476186752319336 65 288 499 437
person 0.0012159943580627441 290 269 500 437
sofa 0.2261001169681549 0 134 373 437
person 0.003389507532119751 0 68 367 437
person 0.7725293636322021 88 67 485 436
sofa 0.13615012168884277 0 135 174 437
person 0.0022873878479003906 477 154 499 285
person 0.0010988116264343262 376 15 499 258
person 0.01711207628250122 483 120 499 245
person 0.0021912753582000732 295 114 503 240
pottedplant 0.0708191990852356 336 0 365 43
person 0.001367121934890747 374 103 499 256
person 0.7669899463653564 244 79 496 273
sofa 0.07779598236083984 241 88 500 378
person 0.001714080572128296 0 108 98 384
person 0.005490154027938843 87 67 249 429
person 0.012146621942520142 312 240 505 347
person 0.005021452903747559 284 35 499 290
person 0.004331141710281372 0 45 70 429
person 0.002453356981277466 321 272 499 394
person 0.004755467176437378 453 64 500 280
chair 0.0016613304615020752 266 211 493 295
person 0.00629037618637085 481 37 499 320
chair 0.00185316801071167 273 222 474 282
pottedplant 0.07030656933784485 336 0 450 123
person 0.0011160969734191895 413 11 499 251
sofa 0.0015729963779449463 1 19 253 365
cat 0.017443329095840454 102 26 204 128
cat 0.2704801559448242 146 26 203 87
chair 0.003222525119781494 257 194 488 274
chair 0.003537982702255249 282 205 470 275
person 0.0026727914810180664 471 115 499 343
dog 0.002935171127319336 142 27 207 137
person 0.003123670816421509 143 28 206 137
pottedplant 0.15507644414901733 394 40 453 123
cat 0.011418908834457397 145 26 207 136
cat 0.0017207860946655273 95 26 205 96
