bird 0.0031976401805877686 0 55 352 298
bird 0.8044062852859497 75 72 327 248
bird 0.013021320104598999 279 36 500 300
pottedplant 0.0013724565505981445 262 85 500 311
bird 0.030099451541900635 376 98 499 301
bird 0.007011294364929199 241 1 431 136
bird 0.05877736210823059 187 58 331 139
bird 0.0015307366847991943 297 74 497 143
boat 0.00959622859954834 309 84 496 147
bird 0.0011160969734191895 450 130 500 255
bird 0.00391504168510437 382 231 500 306
bird 0.0032476186752319336 425 220 499 306
bird 0.00208282470703125 427 233 500 292
bird 0.012383639812469482 397 164 499 295
bird 0.013021320104598999 425 129 499 308
bird 0.001020193099975586 408 225 499 325
bird 0.0015853047370910645 441 227 499 332
bird 0.0012112557888031006 430 189 499 334
bird 0.00142708420753479 138 8 498 208
bird 0.0011336207389831543 202 40 498 169
bird 0.0011603832244873047 102 2 250 119
bird 0.0032602250576019287 265 69 499 157
bird 0.0012447535991668701 294 19 499 179
bird 0.0018174350261688232 10 27 499 259
bird 0.0022344589233398438 281 78 499 250
bird 0.0023052990436553955 0 31 137 286
bird 0.0023324191570281982 431 183 500 255
bird 0.004736989736557007 425 89 499 267
bird 0.001264333724975586 467 132 499 259
