car 0.9381258487701416 0 64 497 364
person 0.0060742199420928955 0 10 6 80
car 0.0012112557888031006 0 11 15 58
car 0.0012544989585876465 0 14 38 57
car 0.008984774351119995 70 19 124 47
car 0.004331141710281372 155 27 178 43
car 0.006538987159729004 365 26 396 53
car 0.00593411922454834 369 32 399 60
car 0.0034696757793426514 395 24 471 53
person 0.0018604099750518799 0 0 8 49
car 0.003537982702255249 470 33 499 48
car 0.0015010833740234375 0 6 16 96
car 0.002018868923187256 0 89 15 157
car 0.0024724602699279785 0 88 22 157
car 0.004450768232345581 370 36 399 77
car 0.0017615854740142822 0 99 19 168
person 0.019718080759048462 0 -7 7 121
car 0.014009058475494385 398 104 500 251
car 0.1766728162765503 298 32 320 45
person 0.0013459324836730957 0 2 12 75
car 0.7386703491210938 0 15 107 134
car 0.0076660215854644775 0 13 106 226
car 0.007120847702026367 381 29 500 90
car 0.0011603832244873047 490 25 500 47
car 0.010249316692352295 469 34 499 84
car 0.0026110410690307617 484 34 499 78
person 0.0012496113777160645 0 8 13 110
car 0.002969682216644287 49 15 109 40
car 0.7233090996742249 63 15 116 43
car 0.001388639211654663 46 13 79 30
car 0.0011971890926361084 312 26 340 45
person 0.015906304121017456 0 10 5 58
person 0.0019117295742034912 0 9 15 57
car 0.001040339469909668 0 11 26 57
car 0.015602916479110718 73 20 149 47
person 0.0031358301639556885 488 130 500 239
person 0.003736436367034912 0 1 13 39
car 0.233708918094635 48 18 78 33
car 0.003991752862930298 62 16 93 35
car 0.8459442853927612 427 33 499 90
car 0.0031724870204925537 77 21 176 70
car 0.8278263807296753 79 21 176 48
car 0.21206903457641602 302 31 343 47
car 0.0013044774532318115 370 28 404 69
car 0.0012842416763305664 0 58 9 141
car 0.002314329147338867 0 80 10 146
person 0.026760488748550415 0 8 5 41
car 0.002912372350692749 153 24 180 39
car 0.25534260272979736 161 23 195 41
car 0.013901978731155396 70 18 120 35
car 0.2429249882698059 346 26 391 42
car 0.8740801811218262 370 25 470 80
