bird 0.0022785067558288574 0 234 45 382
car 0.9429258704185486 66 272 396 371
person 0.0017684698104858398 0 134 46 380
cat 0.0011694133281707764 0 274 44 370
tvmonitor 0.0011031031608581543 180 14 399 152
pottedplant 0.001040339469909668 349 195 452 362
bird 0.016658097505569458 0 322 39 358
tvmonitor 0.019718080759048462 89 12 406 223
tvmonitor 0.005426615476608276 400 16 499 235
dog 0.004556000232696533 0 320 41 368
cat 0.007232218980789185 0 319 45 369
bird 0.0022084414958953857 0 295 44 371
tvmonitor 0.26970988512039185 93 21 406 155
tvmonitor 0.03397315740585327 4 32 97 160
tvmonitor 0.05340319871902466 399 17 499 156
dog 0.004038453102111816 0 317 45 383
