chair 0.00135117769241333 403 235 489 373
chair 0.0013724565505981445 458 239 499 373
chair 0.0015010833740234375 179 307 474 373
chair 0.005002021789550781 408 278 494 373
chair 0.0010902583599090576 433 246 499 372
pottedplant 0.008711427450180054 284 137 443 258
pottedplant 0.002693742513656616 335 136 474 292
diningtable 0.3276689648628235 0 216 38 336
person 0.9139833450317383 181 73 422 373
diningtable 0.0038546323776245117 142 229 477 371
boat 0.00809389352798462 462 32 485 48
person 0.01854574680328369 196 198 217 227
person 0.010571062564849854 227 184 250 225
person 0.004830062389373779 229 197 250 225
chair 0.008252084255218506 0 208 20 248
pottedplant 0.001560807228088379 97 184 134 260
pottedplant 0.003075540065765381 30 208 67 276
diningtable 0.0033112764358520508 313 226 476 351
diningtable 0.008644551038742065 371 228 476 339
pottedplant 0.002912372350692749 339 133 436 199
dog 0.0168512761592865 0 266 11 342
chair 0.00118333101272583 106 213 160 271
pottedplant 0.00955912470817566 407 163 438 236
cat 0.006339401006698608 0 276 12 339
chair 0.0018969178199768066 112 221 171 269
chair 0.0015010833740234375 0 186 21 246
bicycle 0.001335442066192627 366 136 436 163
chair 0.0019954144954681396 117 216 196 283
chair 0.8643088936805725 0 212 43 324
person 0.005002021789550781 153 209 209 266
person 0.003272920846939087 164 222 217 257
bicycle 0.0010162293910980225 360 137 438 186
chair 0.012431591749191284 0 229 16 331
chair 0.007547855377197266 369 227 477 347
pottedplant 0.0016874969005584717 379 230 477 342
pottedplant 0.0016874969005584717 413 236 483 355
pottedplant 0.001554727554321289 389 242 497 372
chair 0.002757549285888672 0 230 33 358
chair 0.01467105746269226 0 210 11 308
chair 0.01771247386932373 0 200 5 348
chair 0.01704654097557068 137 234 194 328
pottedplant 0.022715508937835693 439 243 499 373
chair 0.013532936573028564 117 231 170 288
chair 0.016722261905670166 134 225 204 292
diningtable 0.01094403862953186 176 228 217 288
diningtable 0.003884732723236084 273 228 481 314
diningtable 0.026760488748550415 187 225 217 242
diningtable 0.029872894287109375 341 229 475 279
diningtable 0.002779155969619751 377 229 477 303
person 0.6370307803153992 187 199 216 238
chair 0.002631455659866333 119 219 208 299
person 0.004755467176437378 230 205 250 225
chair 0.006339401006698608 136 196 199 317
pottedplant 0.0015010833740234375 451 305 500 371
pottedplant 0.0021321773529052734 464 301 499 372
diningtable 0.0017963051795959473 170 227 216 259
pottedplant 0.0012350976467132568 465 321 499 373
chair 0.0479588508605957 412 314 470 373
pottedplant 0.0015487074851989746 476 316 499 373
pottedplant 0.0015487074851989746 482 304 499 374
pottedplant 0.0099753737449646 426 272 499 373
diningtable 0.05089092254638672 184 231 217 255
chair 0.001560807228088379 305 147 347 193
chair 0.062328606843948364 0 212 12 349
chair 0.9219237565994263 113 233 196 362
chair 0.0020991265773773193 156 233 200 335
chair 0.034360289573669434 0 210 24 310
pottedplant 0.009860128164291382 35 209 57 276
chair 0.01518791913986206 0 211 7 318
person 0.002359837293624878 195 214 219 236
person 0.005199640989303589 158 198 211 260
person 0.013637453317642212 184 206 215 244
diningtable 0.00790780782699585 190 221 220 240
diningtable 0.12252146005630493 376 229 475 261
pottedplant 0.7505526542663574 94 212 137 271
chair 0.005729943513870239 122 228 185 299
person 0.8615355491638184 136 181 203 300
diningtable 0.004264324903488159 280 197 476 259
diningtable 0.00874510407447815 375 199 475 261
diningtable 0.002969682216644287 375 148 474 264
diningtable 0.0328364372253418 261 228 480 259
chair 0.0013564825057983398 98 231 161 284
car 0.13386806845664978 462 32 485 48
chair 0.003621727228164673 293 313 469 373
chair 0.003795117139816284 0 229 8 346
chair 0.01507142186164856 0 235 22 342
tvmonitor 0.016916126012802124 124 176 161 196
tvmonitor 0.016340792179107666 124 175 179 197
pottedplant 0.0017684698104858398 477 289 499 373
tvmonitor 0.002757549285888672 194 178 222 198
chair 0.0025807321071624756 137 232 179 290
chair 0.014336913824081421 138 232 193 298
pottedplant 0.004830062389373779 415 300 500 373
pottedplant 0.00812530517578125 407 140 439 246
pottedplant 0.006388753652572632 6 183 72 273
pottedplant 0.0013778507709503174 93 187 157 270
tvmonitor 0.0024438798427581787 123 173 232 201
pottedplant 0.016215503215789795 332 143 383 227
chair 0.03649437427520752 0 201 21 279
pottedplant 0.005426615476608276 336 138 439 236
pottedplant 0.0010733604431152344 109 218 140 244
pottedplant 0.0013250410556793213 366 142 439 262
pottedplant 0.05165153741836548 9 204 75 274
pottedplant 0.15456536412239075 36 205 75 273
pottedplant 0.0022170841693878174 55 194 89 271
person 0.0017823278903961182 200 204 217 228
