dog 0.901229977607727 246 175 499 332
sofa 0.0022607743740081787 2 105 498 332
dog 0.24580949544906616 273 115 485 215
dog 0.004166156053543091 265 111 490 321
person 0.0012065470218658447 461 -2 499 206
pottedplant 0.0013995170593261719 474 -1 499 67
dog 0.04672485589981079 397 186 499 330
dog 0.0029812753200531006 307 189 509 331
sofa 0.042087674140930176 49 1 497 343
dog 0.8459442853927612 53 23 486 237
dog 0.0028897523880004883 252 174 427 273
dog 0.009485304355621338 250 177 503 273
cat 0.0020991265773773193 279 114 491 215
