person 0.0011424720287322998 0 91 60 427
chair 0.03359013795852661 375 45 417 94
chair 0.003899872303009033 300 0 363 53
chair 0.004054129123687744 298 0 383 48
person 0.0016874969005584717 482 2 499 290
person 0.011072665452957153 235 -1 386 77
person 0.004198610782623291 147 -1 383 84
chair 0.004792630672454834 245 -1 387 77
person 0.05623906850814819 410 0 499 122
person 0.05340319871902466 0 7 112 425
diningtable 0.8006922006607056 -1 38 500 432
sofa 0.004645615816116333 0 4 144 427
diningtable 0.0010362863540649414 6 69 501 299
person 0.004573792219161987 105 0 221 78
person 0.017443329095840454 149 0 219 78
person 0.004718571901321411 148 0 258 68
person 0.0018245279788970947 207 0 316 68
person 0.0029812753200531006 241 0 312 73
chair 0.3115309774875641 301 0 387 72
chair 0.00321003794670105 397 1 419 91
person 0.003298431634902954 367 0 406 64
person 0.0015791356563568115 0 111 80 283
bottle 0.043693095445632935 1 114 84 275
chair 0.004944056272506714 0 5 143 375
chair 0.019195973873138428 0 4 144 144
chair 0.003565669059753418 150 0 259 68
chair 0.062328606843948364 104 0 160 112
chair 0.007402688264846802 99 0 224 104
chair 0.004166156053543091 148 0 224 84
chair 0.01164129376411438 378 45 433 93
chair 0.005554467439651489 357 0 409 85
chair 0.0069571733474731445 370 0 415 92
chair 0.014841258525848389 410 0 499 119
bottle 0.007606714963912964 27 148 54 269
car 0.002958148717880249 130 355 193 427
person 0.001178741455078125 0 174 7 326
