horse 0.9284056425094604 343 131 423 255
person 0.009124904870986938 361 95 405 171
horse 0.04958641529083252 343 131 395 204
cow 0.0016102492809295654 0 236 15 317
cow 0.4610167145729065 222 164 248 229
cow 0.8887557983398438 49 168 99 236
cow 0.004538297653198242 0 261 16 313
cow 0.0016102492809295654 187 162 210 227
cow 0.0011380314826965332 73 159 104 169
cow 0.03817746043205261 92 156 123 171
cow 0.9329444169998169 118 158 201 236
cow 0.0034027397632598877 171 162 223 231
horse 0.005729943513870239 344 131 373 205
cow 0.6992539167404175 194 164 233 230
horse 0.5525398850440979 303 169 336 232
cow 0.008445650339126587 104 160 123 171
cow 0.018334269523620605 168 160 206 228
cow 0.04385673999786377 75 155 122 170
cow 0.002359837293624878 119 158 159 202
cow 0.002912372350692749 158 158 213 226
cow 0.0020505785942077637 84 151 120 166
cow 0.004573792219161987 96 152 122 167
sheep 0.027903079986572266 0 279 16 297
cow 0.0013832449913024902 179 163 206 226
boat 0.002693742513656616 76 151 122 169
person 0.6876306533813477 350 95 405 202
