aeroplane 0.6884690523147583 118 131 398 264
car 0.0031358301639556885 208 257 235 281
car 0.0013564825057983398 464 234 492 242
car 0.0018459856510162354 494 210 500 278
pottedplant 0.004118025302886963 235 246 252 281
pottedplant 0.009089648723602295 235 230 257 281
pottedplant 0.0015189051628112793 161 237 179 259
person 0.002341538667678833 249 259 259 286
boat 0.002641737461090088 130 226 164 244
pottedplant 0.001449495553970337 6 241 26 282
pottedplant 0.0012594163417816162 4 232 28 284
pottedplant 0.0012065470218658447 152 237 179 259
person 0.0025807321071624756 494 208 500 285
chair 0.0010004639625549316 221 257 236 281
boat 0.0021912753582000732 370 213 419 260
pottedplant 0.0022873878479003906 56 195 90 249
pottedplant 0.0026110410690307617 0 176 11 271
chair 0.029760271310806274 208 257 235 281
person 0.006564319133758545 236 250 251 281
