diningtable 0.791820764541626 57 154 216 277
diningtable 0.0015853047370910645 68 136 265 268
person 0.0016102492809295654 136 126 268 250
person 0.0025115013122558594 477 106 499 298
diningtable 0.32252585887908936 299 121 434 207
pottedplant 0.0021321773529052734 454 30 498 291
diningtable 0.007402688264846802 78 125 269 241
person 0.013377547264099121 203 104 223 162
person 0.058133482933044434 205 104 244 166
chair 0.02479657530784607 237 117 280 151
chair 0.040538668632507324 255 126 281 150
chair 0.04240426421165466 261 126 284 151
chair 0.016658097505569458 272 123 290 162
diningtable 0.0010650157928466797 276 100 310 151
person 0.003147989511489868 325 108 340 155
person 0.001957029104232788 331 105 352 147
bottle 0.003063589334487915 339 116 353 147
bottle 0.003496825695037842 348 124 356 145
bottle 0.002935171127319336 357 124 365 144
bottle 0.0010241866111755371 78 156 92 178
bottle 0.019642621278762817 360 124 368 142
bottle 0.006771385669708252 85 155 95 178
bottle 0.007606714963912964 368 125 374 141
bottle 0.004718571901321411 374 123 381 140
bottle 0.0029812753200531006 92 152 103 185
bottle 0.001972287893295288 97 155 105 185
bottle 0.019793838262557983 106 155 114 175
bottle 0.013480961322784424 109 155 118 175
bottle 0.004556000232696533 148 164 157 181
bottle 0.0021573007106781006 98 164 105 186
bottle 0.0019876956939697266 148 164 158 187
pottedplant 0.47657960653305054 439 39 497 129
chair 0.00394555926322937 253 155 276 214
person 0.24149134755134583 123 106 146 141
chair 0.9092611074447632 186 164 270 292
person 0.0031115710735321045 105 119 135 148
person 0.542863130569458 236 107 269 166
pottedplant 0.0012207329273223877 438 52 477 115
chair 0.001524806022644043 195 170 266 241
chair 0.0017410516738891602 398 139 472 197
person 0.00386965274810791 218 107 268 162
bottle 0.0018245279788970947 93 163 104 188
person 0.031259775161743164 298 103 342 170
person 0.007038503885269165 336 96 357 122
chair 0.013637453317642212 233 108 281 150
chair 0.025760233402252197 251 124 286 150
chair 0.535098671913147 60 192 164 313
person 0.0022696256637573242 273 108 288 141
person 0.0011971890926361084 423 100 441 126
person 0.0011336207389831543 316 111 336 139
person 0.0030162930488586426 449 100 475 127
person 0.0010945498943328857 462 112 498 310
pottedplant 0.0017547309398651123 127 81 159 132
person 0.0014608204364776611 329 96 346 117
boat 0.0010860264301300049 1 2 499 281
person 0.002912372350692749 330 96 352 119
pottedplant 0.32167258858680725 440 37 498 190
chair 0.85584956407547 2 185 85 302
bottle 0.003185272216796875 391 116 402 135
person 0.0018676519393920898 341 96 360 120
person 0.013172894716262817 143 123 258 168
person 0.14903616905212402 358 95 371 118
person 0.07423233985900879 190 121 257 177
bottle 0.002725452184677124 408 104 428 135
person 0.0011971890926361084 419 96 433 123
person 0.007636308670043945 173 112 270 177
person 0.501953125 455 102 479 139
pottedplant 0.001455157995223999 476 29 498 150
person 0.015013545751571655 255 107 303 194
person 0.0016228556632995605 143 99 164 126
person 0.0010988116264343262 273 99 309 193
diningtable 0.0033763349056243896 67 128 218 190
person 0.6992539167404175 179 121 256 233
person 0.0016165375709533691 149 124 270 181
chair 0.036631643772125244 224 160 274 238
person 0.8519556522369385 297 103 348 204
person 0.004054129123687744 21 126 40 156
chair 0.03462067246437073 241 158 274 237
sofa 0.008062601089477539 178 120 283 183
person 0.0010733604431152344 30 119 57 165
chair 0.821043848991394 279 136 340 218
diningtable 0.027903079986572266 330 121 437 181
diningtable 0.0673007071018219 322 120 423 170
person 0.05340319871902466 47 117 70 166
chair 0.9046533107757568 343 139 399 230
diningtable 0.0011248290538787842 309 109 449 164
chair 0.0015487074851989746 0 174 4 270
chair 0.0030045807361602783 392 139 445 213
person 0.02396056056022644 453 102 483 198
person 0.0015853047370910645 125 108 158 144
chair 0.0015853047370910645 1 172 20 285
person 0.003736436367034912 3 125 63 201
bottle 0.03032785654067993 155 124 163 139
person 0.737159252166748 2 127 77 255
bottle 0.0013250410556793213 161 123 168 140
bottle 0.0010817945003509521 163 105 176 140
bottle 0.001591503620147705 172 109 187 139
chair 0.0013250410556793213 0 136 5 268
bottle 0.007204204797744751 179 124 190 138
person 0.0016548335552215576 21 127 39 167
person 0.0015130341053009033 17 126 45 170
chair 0.0099753737449646 184 162 271 250
person 0.0022519826889038086 47 127 59 169
pottedplant 0.0030995309352874756 452 97 492 198
bottle 0.0026832520961761475 179 133 187 163
person 0.2546006739139557 61 120 114 167
person 0.0022519826889038086 393 102 463 174
chair 0.007518589496612549 259 163 279 243
diningtable 0.002757549285888672 123 127 206 159
chair 0.001040339469909668 458 121 484 146
pottedplant 0.0015729963779449463 475 115 495 197
chair 0.901229977607727 400 137 477 234
chair 0.0021912753582000732 1 186 36 283
diningtable 0.17497506737709045 144 128 212 163
bottle 0.003780364990234375 160 154 167 174
bottle 0.0014159977436065674 178 146 190 178
chair 0.0022963285446166992 225 137 281 198
person 0.8031741380691528 109 120 149 165
bottle 0.0015010833740234375 153 128 164 143
chair 0.028329521417617798 277 136 301 200
bottle 0.0026212334632873535 178 126 189 157
person 0.003416001796722412 204 120 226 166
bottle 0.002424955368041992 176 140 184 163
person 0.018904060125350952 205 120 245 170
bottle 0.00593411922454834 178 143 187 163
bottle 0.0029466450214385986 183 146 192 163
person 0.0016678273677825928 185 122 237 178
chair 0.023066431283950806 254 132 280 181
chair 0.01791679859161377 253 124 280 160
person 0.8449235558509827 56 128 99 178
chair 0.20817920565605164 258 127 287 196
chair 0.020885050296783447 258 127 285 167
chair 0.09876999258995056 275 129 292 193
chair 0.018264353275299072 273 126 299 167
person 0.0030045807361602783 62 123 149 181
chair 0.006169408559799194 275 126 307 166
chair 0.0018895864486694336 276 121 322 169
diningtable 0.003765672445297241 83 142 216 195
person 0.014841258525848389 402 102 463 153
diningtable 0.00208282470703125 153 127 240 175
person 0.004166156053543091 441 101 487 142
person 0.0022607743740081787 325 121 340 158
bottle 0.0011603832244873047 330 125 354 149
bottle 0.0015010833740234375 346 128 356 146
chair 0.005021452903747559 233 126 276 224
person 0.004830062389373779 18 118 68 171
diningtable 0.0016874969005584717 394 111 440 172
person 0.006413578987121582 36 117 68 170
chair 0.006771385669708252 443 115 484 171
person 0.0012496113777160645 45 118 109 173
chair 0.003884732723236084 465 124 484 175
chair 0.0017007291316986084 475 118 495 196
chair 0.0014215409755706787 495 115 499 201
person 0.001972287893295288 408 102 432 134
person 0.0024921000003814697 434 104 462 132
chair 0.002090960741043091 430 137 477 221
chair 0.0013302266597747803 456 121 488 253
pottedplant 0.0011031031608581543 475 100 493 163
person 0.0020991265773773193 22 127 57 172
chair 0.04193025827407837 252 146 277 234
bottle 0.0026623904705047607 112 139 133 166
bottle 0.0031358301639556885 160 145 168 174
person 0.0020505785942077637 431 102 458 127
chair 0.0013406574726104736 245 135 278 167
person 0.0032602250576019287 446 102 461 126
chair 0.004718571901321411 393 128 463 211
chair 0.20817920565605164 259 141 284 197
person 0.0057077109813690186 298 132 345 198
person 0.027274370193481445 356 95 381 125
person 0.7520120739936829 357 96 396 132
diningtable 0.01994621753692627 107 129 209 168
bottle 0.001028209924697876 89 152 102 177
person 0.0028228759765625 369 96 404 130
person 0.808067798614502 402 96 429 131
chair 0.009303301572799683 249 127 280 166
person 0.003537982702255249 444 103 463 128
person 0.07863974571228027 212 114 263 175
chair 0.002935171127319336 275 130 312 182
chair 0.010735392570495605 236 115 283 196
diningtable 0.002115577459335327 314 123 358 159
chair 0.08180961012840271 267 133 290 195
chair 0.00208282470703125 350 119 428 174
person 0.002790004014968872 7 118 18 136
chair 0.02479657530784607 277 135 312 199
person 0.0012842416763305664 302 131 342 171
diningtable 0.001432657241821289 308 120 370 197
person 0.010652929544448853 49 118 69 143
chair 0.0015729963779449463 435 123 484 190
person 0.0019876956939697266 100 116 120 143
person 0.006903529167175293 102 114 140 143
diningtable 0.05203595757484436 338 120 435 203
person 0.031024068593978882 104 108 146 141
person 0.00142708420753479 10 131 41 180
person 0.737159252166748 393 101 463 209
person 0.7620676159858704 140 103 164 134
person 0.002323359251022339 444 113 481 206
person 0.004485577344894409 115 102 143 139
person 0.6279522776603699 197 105 222 129
diningtable 0.0020991265773773193 239 106 300 119
person 0.04620686173439026 278 101 309 125
person 0.0013459324836730957 370 96 413 126
person 0.7279752492904663 162 104 194 129
person 0.0018822550773620605 201 106 246 128
person 0.004982620477676392 236 107 260 133
person 0.004364967346191406 237 107 282 133
diningtable 0.007636308670043945 235 107 299 133
diningtable 0.0015010833740234375 254 104 301 127
person 0.0033112764358520508 202 104 256 150
diningtable 0.0048677921295166016 235 107 289 148
diningtable 0.012335866689682007 243 114 292 148
chair 0.003635883331298828 261 115 291 144
person 0.7154243588447571 278 101 310 141
person 0.7233090996742249 328 97 355 132
person 0.0010322332382202148 350 95 376 133
