chair 0.016403794288635254 76 220 180 374
train 0.0076958537101745605 0 68 71 288
train 0.0024724602699279785 0 76 226 291
bicycle 0.038609206676483154 76 223 180 374
boat 0.00185316801071167 9 214 499 407
train 0.005468875169754028 266 28 500 314
person 0.005021452903747559 77 219 179 374
person 0.0010650157928466797 222 183 283 230
pottedplant 0.0012742578983306885 6 185 41 234
pottedplant 0.0022170841693878174 0 167 21 265
pottedplant 0.002912372350692749 0 177 41 248
pottedplant 0.0021657347679138184 25 193 40 212
person 0.5851011872291565 271 98 299 170
car 0.0024724602699279785 0 103 70 263
person 0.001225501298904419 110 259 164 316
person 0.00185316801071167 126 258 180 371
person 0.008380681276321411 361 113 396 150
train 0.8799730539321899 0 11 499 316
person 0.8438971638679504 104 259 167 374
person 0.001264333724975586 44 54 75 87
pottedplant 0.0010733604431152344 0 121 22 217
person 0.7799931764602661 196 52 229 98
chair 0.001335442066192627 79 217 181 307
bicycle 0.001455157995223999 76 292 171 374
bicycle 0.0013564825057983398 97 266 183 374
pottedplant 0.0010567307472229004 0 177 32 270
person 0.006121635437011719 359 110 414 151
car 0.0010817945003509521 0 73 26 128
