sofa 0.009746164083480835 0 210 482 330
diningtable 0.0023968517780303955 6 4 499 321
person 0.009124904870986938 418 19 499 330
cat 0.007120847702026367 15 3 421 324
tvmonitor 0.003650069236755371 15 1 498 320
sofa 0.014955878257751465 0 40 494 330
person 0.00257071852684021 319 35 500 331
person 0.0328364372253418 456 31 499 331
chair 0.0011603832244873047 479 109 499 233
pottedplant 0.00790780782699585 415 28 499 230
pottedplant 0.0010444223880767822 481 28 499 113
pottedplant 0.010368883609771729 468 27 499 234
tvmonitor 0.0013147294521331787 134 106 231 160
bottle 0.0012943148612976074 368 66 453 171
chair 0.004944056272506714 470 201 499 328
chair 0.0013724565505981445 481 189 499 330
pottedplant 0.018976598978042603 446 26 499 233
chair 0.002867281436920166 452 170 499 332
pottedplant 0.0028897523880004883 478 0 499 48
bottle 0.0010988116264343262 493 116 500 238
chair 0.0013778507709503174 430 161 500 332
chair 0.00536385178565979 455 99 499 332
person 0.00142708420753479 467 3 499 232
person 0.0024921000003814697 473 188 499 332
bottle 0.0010241866111755371 488 227 500 334
cat 0.003272920846939087 467 10 499 307
tvmonitor 0.004982620477676392 94 1 338 219
bottle 0.04336750507354736 0 2 52 303
bottle 0.5784482359886169 25 0 122 277
pottedplant 0.0011074244976043701 477 90 499 235
pottedplant 0.0013250410556793213 464 88 499 174
chair 0.034360289573669434 298 307 346 332
tvmonitor 0.002314329147338867 172 109 213 146
tvmonitor 0.0017410516738891602 481 31 499 131
diningtable 0.001554727554321289 296 305 450 331
