chair 0.004573792219161987 280 202 424 354
person 0.0010162293910980225 442 102 475 349
chair 0.7341197729110718 18 183 103 354
chair 0.0021321773529052734 441 117 474 348
chair 0.24364396929740906 291 119 426 352
chair 0.9230389595031738 31 213 160 354
chair 0.8539129495620728 133 238 295 355
chair 0.8856285810470581 347 258 474 355
chair 0.0022519826889038086 18 323 441 431
chair 0.0060742199420928955 84 348 438 430
chair 0.007969379425048828 249 352 443 427
chair 0.0020666420459747314 290 336 475 472
chair 0.0014050006866455078 263 321 453 419
chair 0.004944056272506714 354 140 474 351
diningtable 0.9343974590301514 20 218 422 355
chair 0.0099753737449646 372 178 474 353
chair 0.009195834398269653 130 171 187 215
chair 0.035680413246154785 285 192 382 377
chair 0.004399091005325317 422 177 474 358
chair 0.0016483962535858154 407 257 474 351
chair 0.0025508105754852295 127 232 220 351
chair 0.00517958402633667 451 242 474 353
chair 0.008380681276321411 464 234 474 355
chair 0.02096518874168396 382 218 474 350
chair 0.02104562520980835 409 205 474 350
chair 0.003607630729675293 220 222 402 354
chair 0.016467034816741943 463 189 475 262
chair 0.022372186183929443 459 216 474 339
chair 0.002018868923187256 399 178 475 319
chair 0.0015130341053009033 436 170 474 346
person 0.005842477083206177 462 165 474 356
chair 0.001831650733947754 76 232 234 354
chair 0.017443329095840454 463 198 474 283
chair 0.0017547309398651123 445 220 474 310
chair 0.04418569803237915 463 195 474 318
pottedplant 0.00257071852684021 105 190 260 257
chair 0.0014382600784301758 109 174 260 257
chair 0.028653234243392944 173 181 257 227
chair 0.32252585887908936 205 183 258 227
chair 0.6297757029533386 296 191 381 246
chair 0.19314685463905334 28 181 137 345
chair 0.008188486099243164 132 171 229 216
chair 0.007489442825317383 139 158 232 218
chair 0.004231303930282593 442 229 474 354
chair 0.044351041316986084 143 178 257 226
chair 0.008000344038009644 28 182 101 240
