cat 0.7725293636322021 0 276 137 432
cat 0.8553673028945923 218 180 373 379
person 0.00803142786026001 0 68 137 491
bottle 0.0020505785942077637 172 87 184 116
chair 0.011596441268920898 101 191 231 268
chair 0.0023782849311828613 100 192 288 267
tvmonitor 0.016658097505569458 115 0 195 44
tvmonitor 0.0011971890926361084 130 0 234 42
chair 0.004718571901321411 0 71 61 335
chair 0.0011031031608581543 213 3 375 442
chair 0.0015668869018554688 202 4 444 409
pottedplant 0.001178741455078125 390 26 442 442
cat 0.0015853047370910645 219 252 355 324
chair 0.005865275859832764 0 67 66 458
chair 0.01048976182937622 0 64 137 482
chair 0.009231507778167725 0 72 59 178
chair 0.0011879205703735352 218 132 274 185
chair 0.007011294364929199 96 187 196 308
