motorbike 0.005343139171600342 0 55 202 479
train 0.001714080572128296 -141 5 -12 496
person 0.001028209924697876 1 92 159 308
bottle 0.001028209924697876 231 167 298 224
person 0.0012842416763305664 173 62 316 191
person 0.06053093075752258 82 66 122 119
person 0.0029466450214385986 2 25 297 397
person 0.08540382981300354 1 52 129 436
person 0.006027162075042725 34 277 69 353
person 0.0025310516357421875 34 280 88 351
person 0.00406983494758606 1 37 249 301
person 0.0025807321071624756 1 128 81 383
motorbike 0.7704628705978394 7 28 326 493
person 0.0012018680572509766 1 21 158 200
car 0.003285646438598633 0 297 33 377
person 0.0030516982078552246 0 47 247 219
person 0.0025807321071624756 2 9 289 236
person 0.05460202693939209 1 66 127 193
person 0.0011160969734191895 192 115 317 188
bottle 0.0023782849311828613 272 149 324 211
person 0.0018459856510162354 33 274 59 320
person 0.002314329147338867 309 102 334 176
bottle 0.001040339469909668 114 353 148 376
bottle 0.07476991415023804 221 183 334 344
person 0.0026623904705047607 66 67 122 169
