bus 0.9657691717147827 182 41 400 305
person 0.01090201735496521 230 175 247 201
person 0.04418569803237915 208 183 223 200
person 0.0017823278903961182 212 182 239 202
person 0.15203100442886353 280 176 306 203
bus 0.001335442066192627 399 172 418 212
bus 0.0013147294521331787 400 181 417 209
person 0.6076631546020508 490 196 499 234
car 0.003496825695037842 0 196 11 232
person 0.8519556522369385 6 191 36 265
person 0.0019117295742034912 219 180 244 201
car 0.005554467439651489 0 187 15 233
car 0.0015977323055267334 97 206 116 229
car 0.0012159943580627441 473 188 492 211
car 0.180683434009552 0 179 19 234
car 0.8723500967025757 33 200 108 235
car 0.001831650733947754 425 200 431 212
person 0.0016874969005584717 431 199 437 212
person 0.0023782849311828613 438 198 444 216
car 0.5273165702819824 456 199 470 212
car 0.0012943148612976074 473 196 481 212
car 0.0014438629150390625 478 188 490 212
car 0.6566590666770935 398 204 412 234
person 0.0019876956939697266 438 198 446 224
person 0.0033501386642456055 441 199 449 224
car 0.0014438629150390625 99 185 145 231
person 0.002453356981277466 427 201 434 213
car 0.002590775489807129 439 200 448 215
person 0.0021657347679138184 5 191 36 236
car 0.6020615696907043 100 185 125 231
person 0.0031115710735321045 492 191 500 273
bus 0.09138533473014832 0 177 19 232
car 0.003780364990234375 399 197 411 222
car 0.003416001796722412 402 198 412 208
person 0.007877200841903687 190 183 223 205
person 0.011596441268920898 200 183 223 204
person 0.0014608204364776611 201 183 233 207
car 0.0013459324836730957 34 201 57 225
bus 0.004503071308135986 400 190 410 208
bus 0.0031115710735321045 401 190 412 207
bus 0.0012350976467132568 410 187 427 207
bus 0.006388753652572632 474 182 492 213
