person 0.003809899091720581 170 97 360 365
dog 0.6352227926254272 44 216 186 374
person 0.005729943513870239 24 127 472 372
dog 0.5097644925117493 68 113 260 302
person 0.8572884798049927 136 23 423 365
chair 0.014336913824081421 469 60 499 371
dog 0.4804786145687103 45 113 262 374
chair 0.0016039609909057617 298 55 465 374
chair 0.0013564825057983398 333 124 465 373
person 0.005774706602096558 51 98 371 369
dog 0.005597800016403198 43 128 441 374
bottle 0.002790004014968872 0 3 8 72
bottle 0.035546332597732544 487 160 499 232
bottle 0.009267330169677734 473 161 499 252
person 0.004944056272506714 178 180 358 359
tvmonitor 0.005099952220916748 471 120 499 390
bottle 0.005576103925704956 449 306 474 373
sofa 0.8175766468048096 1 0 499 374
person 0.00321003794670105 219 24 425 279
chair 0.4814537465572357 0 0 428 371
person 0.7541905045509338 16 23 422 373
bottle 0.002314329147338867 493 201 499 238
dog 0.25312113761901855 84 113 261 235
bottle 0.008778899908065796 493 190 499 226
