bus 0.003664344549179077 441 262 499 340
bus 0.8973388671875 0 230 218 373
bus 0.0019954144954681396 441 192 499 338
car 0.43014732003211975 401 277 419 294
car 0.002560734748840332 429 276 442 291
car 0.032588839530944824 198 284 245 333
car 0.8856285810470581 247 281 308 323
car 0.003678649663925171 261 280 286 296
car 0.0051396191120147705 262 280 305 298
bus 0.42632174491882324 327 262 387 314
car 0.006589770317077637 279 281 308 301
car 0.009231507778167725 286 281 307 303
car 0.0021573007106781006 311 278 346 306
person 0.005199640989303589 495 314 500 339
car 0.04336750507354736 417 277 431 293
car 0.02405199408531189 419 276 435 291
car 0.06053093075752258 432 276 445 289
car 0.024608224630355835 424 276 434 291
car 0.0673007071018219 450 268 499 305
car 0.13386806845664978 447 265 499 319
car 0.001674354076385498 306 279 372 317
car 0.0012112557888031006 247 284 279 323
car 0.7773003578186035 215 284 246 332
car 0.8140530586242676 314 276 385 318
car 0.042245686054229736 433 275 448 289
car 0.010091900825500488 474 259 500 319
car 0.01186823844909668 489 258 500 322
car 0.001560807228088379 326 263 377 289
car 0.002560734748840332 216 285 245 307
car 0.0017823278903961182 256 281 287 300
car 0.1135827898979187 306 285 325 309
car 0.01196029782295227 306 278 353 314
car 0.010652929544448853 382 281 391 300
car 0.31912127137184143 385 277 406 298
car 0.04569396376609802 448 262 481 283
car 0.005619615316390991 451 261 499 274
car 0.005002021789550781 470 261 499 273
car 0.0038546323776245117 477 259 499 274
car 0.006339401006698608 493 257 499 280
person 0.001388639211654663 51 257 100 303
person 0.0033371448516845703 62 260 101 303
person 0.014614790678024292 79 265 102 302
person 0.016530483961105347 87 266 101 301
bus 0.003272920846939087 327 265 361 280
bus 0.014336913824081421 327 264 374 281
bus 0.0973893404006958 328 263 388 290
car 0.028437048196792603 449 262 498 290
car 0.0063148438930511475 472 259 500 299
car 0.0076660215854644775 489 258 499 302
car 0.007460415363311768 247 297 269 320
car 0.0028784871101379395 292 283 309 312
car 0.004736989736557007 381 282 390 302
car 0.1250624656677246 385 279 398 299
car 0.0026520490646362305 494 253 499 274
