car 0.9407899379730225 380 241 499 326
pottedplant 0.12252146005630493 332 263 352 283
pottedplant 0.0012792348861694336 316 227 352 283
car 0.0051396191120147705 489 223 499 306
car 0.0010241866111755371 469 245 499 294
car 0.0016678273677825928 0 255 8 328
boat 0.001957029104232788 404 5 499 317
car 0.9289232492446899 0 250 81 326
car 0.9005328416824341 112 241 191 297
car 0.0018245279788970947 113 238 160 293
car 0.006193429231643677 486 235 499 309
person 0.01422739028930664 494 207 500 314
car 0.016403794288635254 493 240 500 308
boat 0.002323359251022339 413 161 435 210
