chair 0.003795117139816284 198 309 401 425
chair 0.0018459856510162354 50 357 273 514
chair 0.002969682216644287 121 357 313 491
chair 0.0028339028358459473 154 349 368 477
chair 0.008284062147140503 182 317 402 466
chair 0.0012842416763305664 212 312 477 468
chair 0.0013096034526824951 17 265 194 374
chair 0.4234580099582672 427 234 499 373
chair 0.001020193099975586 116 331 303 454
chair 0.0033371448516845703 456 133 499 368
person 0.0018604099750518799 459 98 499 366
tvmonitor 0.8499711751937866 200 110 318 261
bottle 0.0022431910037994385 384 229 451 257
chair 0.001028209924697876 484 227 500 383
chair 0.014173001050949097 278 309 395 374
chair 0.0010988116264343262 474 223 499 375
