person 0.9633683562278748 102 76 196 335
person 0.0011603832244873047 454 61 499 328
person 0.9396899938583374 262 45 423 365
tvmonitor 0.0016483962535858154 454 69 499 182
bottle 0.0075772106647491455 419 150 428 178
chair 0.002341538667678833 196 182 219 241
chair 0.0024344027042388916 198 181 231 243
chair 0.0032476186752319336 216 181 256 236
bus 0.009485304355621338 457 68 499 187
chair 0.0030162930488586426 19 174 52 230
chair 0.0010485053062438965 489 228 499 305
chair 0.0018174350261688232 212 183 243 249
boat 0.0010004639625549316 0 79 62 221
chair 0.008711427450180054 354 208 427 294
chair 0.007120847702026367 371 210 419 281
chair 0.0022344589233398438 310 210 422 365
chair 0.043530017137527466 486 197 500 294
chair 0.002725452184677124 452 237 499 298
chair 0.0010004639625549316 369 179 450 277
bus 0.00564149022102356 457 62 499 315
chair 0.003930270671844482 199 181 247 247
chair 0.001040339469909668 266 194 307 232
train 0.004830062389373779 456 68 499 313
train 0.0018604099750518799 0 109 109 225
chair 0.0060506463050842285 269 211 425 341
chair 0.017848461866378784 263 207 423 297
train 0.001264333724975586 0 93 238 227
chair 0.0012159943580627441 463 188 499 283
chair 0.0017615854740142822 81 201 214 266
chair 0.0014159977436065674 258 215 352 270
diningtable 0.001477956771850586 266 212 360 276
chair 0.0011160969734191895 80 198 171 259
chair 0.0022170841693878174 257 197 390 270
chair 0.021452128887176514 375 209 437 293
chair 0.0019266009330749512 22 172 67 210
chair 0.2005576193332672 452 193 499 299
chair 0.038609206676483154 481 176 499 300
chair 0.01530534029006958 257 219 305 267
chair 0.011244326829910278 92 195 118 246
chair 0.0018245279788970947 260 198 302 233
person 0.0022696256637573242 484 95 499 301
chair 0.6584183573722839 22 172 73 234
chair 0.5273165702819824 76 196 118 258
diningtable 0.017443329095840454 191 181 255 253
chair 0.008644551038742065 212 182 255 252
chair 0.00118333101272583 250 175 306 268
