sofa 0.7090195417404175 0 267 399 374
person 0.0019876956939697266 0 113 241 373
person 0.001957029104232788 0 46 173 369
tvmonitor 0.013795614242553711 486 129 499 255
bottle 0.0034293532371520996 459 236 483 260
bottle 0.012053072452545166 460 235 495 259
chair 0.13799899816513062 305 251 364 335
bottle 0.0010241866111755371 493 233 499 279
chair 0.0320991575717926 303 249 402 347
tvmonitor 0.037750810384750366 211 123 315 204
chair 0.0013995170593261719 321 285 402 348
bottle 0.02333083748817444 477 235 495 259
person 0.004755467176437378 476 100 499 375
bottle 0.0021742284297943115 493 235 499 262
tvmonitor 0.6893061399459839 273 222 312 258
tvmonitor 0.008644551038742065 272 221 349 261
tvmonitor 0.11124423146247864 312 222 350 258
