person 0.0014382600784301758 68 221 215 406
diningtable 0.0021657347679138184 12 323 228 491
person 0.9312113523483276 180 72 319 498
pottedplant 0.002560734748840332 -104 6 -9 495
chair 0.0010004639625549316 38 164 119 393
person 0.00629037618637085 38 163 183 390
person 0.0017207860946655273 174 115 241 421
chair 0.0024344027042388916 37 167 163 387
person 0.002757549285888672 167 193 235 414
person 0.002074718475341797 132 214 243 430
boat 0.007816284894943237 2 384 231 499
diningtable 0.028329521417617798 1 385 234 499
person 0.6397355198860168 78 217 185 389
tvmonitor 0.007460415363311768 254 39 310 83
bottle 0.0012207329273223877 65 315 86 370
tvmonitor 0.0017615854740142822 62 217 116 319
bottle 0.09009644389152527 164 302 189 391
dog 0.0014104843139648438 85 256 159 338
diningtable 0.18476739525794983 30 322 131 381
bottle 0.0022873878479003906 160 274 193 390
bottle 0.001040339469909668 64 385 83 475
person 0.0014104843139648438 30 251 143 387
person 0.0012742578983306885 68 243 166 389
bottle 0.00185316801071167 176 235 208 330
bottle 0.003976315259933472 177 235 224 325
person 0.0011694133281707764 81 296 109 330
bottle 0.004485577344894409 172 261 196 350
person 0.002341538667678833 178 189 323 466
bottle 0.0022431910037994385 65 384 82 443
bottle 0.001466512680053711 153 266 202 389
bottle 0.001714080572128296 85 393 117 495
bottle 0.0024824440479278564 176 273 236 309
pottedplant 0.0014104843139648438 39 164 120 348
pottedplant 0.0011513829231262207 39 165 155 342
person 0.0025212466716766357 177 76 246 486
person 0.011158108711242676 100 218 210 387
person 0.0013995170593261719 173 232 254 388
diningtable 0.002631455659866333 0 388 118 500
bottle 0.029985934495925903 159 341 188 391
bottle 0.0042809247970581055 62 213 91 299
bottle 0.0024438798427581787 172 233 232 386
bottle 0.0010485053062438965 60 213 107 287
bottle 0.0033763349056243896 79 295 107 333
bottle 0.003496825695037842 88 295 108 333
diningtable 0.005619615316390991 71 383 228 499
diningtable 0.004573792219161987 0 386 120 468
diningtable 0.003650069236755371 0 386 165 489
bottle 0.003510504961013794 172 266 201 383
chair 0.001367121934890747 0 324 37 417
tvmonitor 0.001388639211654663 65 212 107 329
bottle 0.001714080572128296 175 267 206 324
bottle 0.0028784871101379395 175 258 231 318
bottle 0.0032476186752319336 175 242 236 311
bottle 0.11047384142875671 195 162 221 244
person 0.0010362863540649414 38 163 112 332
bottle 0.00185316801071167 178 152 228 319
person 0.0014837086200714111 184 137 260 338
