pottedplant 0.0030280649662017822 316 161 459 348
pottedplant 0.035546332597732544 145 104 271 318
pottedplant 0.003235042095184326 2 160 336 320
pottedplant 0.018867909908294678 53 19 279 319
pottedplant 0.0011971890926361084 159 3 256 223
pottedplant 0.004231303930282593 164 24 285 253
pottedplant 0.0011031031608581543 190 32 323 251
pottedplant 0.0012943148612976074 447 174 499 351
pottedplant 0.00257071852684021 315 229 438 347
pottedplant 0.0029812753200531006 166 246 270 317
pottedplant 0.002003192901611328 324 38 479 207
pottedplant 0.32939231395721436 163 5 371 246
pottedplant 0.21535086631774902 254 33 441 247
pottedplant 0.5851011872291565 254 40 368 246
pottedplant 0.1999320089817047 338 45 498 298
pottedplant 0.6406351923942566 121 2 273 318
pottedplant 0.21206903457641602 121 5 447 292
sofa 0.012383639812469482 66 189 142 241
pottedplant 0.09106162190437317 66 190 142 240
