pottedplant 0.008156836032867432 13 100 354 500
boat 0.1116311252117157 53 151 306 336
chair 0.005685538053512573 268 182 356 392
pottedplant 0.0013778507709503174 159 376 355 499
bird 0.0013617873191833496 106 0 167 42
bird 0.00394555926322937 243 0 349 12
pottedplant 0.004331141710281372 2 0 351 267
bird 0.0018388032913208008 174 464 341 500
bird 0.0014215409755706787 217 465 353 500
pottedplant 0.0028784871101379395 223 465 355 499
pottedplant 0.006589770317077637 375 4 429 427
bottle 0.5097644925117493 53 152 306 338
pottedplant 0.28298789262771606 0 0 355 448
bird 0.001146942377090454 226 463 274 499
bird 0.001674354076385498 158 487 259 499
bird 0.0024724602699279785 157 469 273 499
bird 0.0014104843139648438 180 488 230 499
bird 0.0015010833740234375 160 485 281 500
bird 0.0018676519393920898 92 0 169 35
