motorbike 0.0010444223880767822 0 98 182 497
motorbike 0.018229514360427856 7 8 370 499
motorbike 0.01627802848815918 0 192 110 498
bicycle 0.0013940632343292236 1 279 166 499
bicycle 0.13251429796218872 12 379 167 499
motorbike 0.07696107029914856 15 379 167 499
motorbike 0.11085847020149231 15 381 331 499
motorbike 0.09946715831756592 36 427 324 499
motorbike 0.08358895778656006 92 435 315 499
motorbike 0.22405511140823364 185 436 319 499
person 0.0012943148612976074 0 187 108 500
pottedplant 0.0011694133281707764 160 46 190 93
pottedplant 0.0013778507709503174 191 0 360 67
bicycle 0.0020666420459747314 94 469 291 499
motorbike 0.0028897523880004883 88 466 258 499
motorbike 0.0016355812549591064 72 459 280 499
chair 0.001714080572128296 148 445 301 499
aeroplane 0.0029237568378448486 186 0 372 141
pottedplant 0.014955878257751465 241 1 365 116
chair 0.005774706602096558 244 0 373 128
chair 0.0011741816997528076 237 0 373 257
motorbike 0.03384503722190857 61 376 166 499
car 0.019869893789291382 6 3 372 501
chair 0.0017342865467071533 73 433 138 502
bottle 0.0017753839492797852 187 0 281 114
chair 0.0034293532371520996 59 376 164 500
bicycle 0.003389507532119751 61 376 166 500
chair 0.12168478965759277 236 436 303 499
pottedplant 0.0030045807361602783 0 419 138 500
pottedplant 0.0013617873191833496 167 48 187 61
bird 0.002779155969619751 299 7 345 67
person 0.0020267367362976074 187 0 313 123
person 0.007288604974746704 0 410 56 499
person 0.002867281436920166 0 411 95 499
person 0.002003192901611328 0 418 137 499
bicycle 0.003075540065765381 0 421 139 499
chair 0.004264324903488159 236 484 306 499
chair 0.0026520490646362305 239 488 303 499
bottle 0.0034027397632598877 297 104 319 149
pottedplant 0.001432657241821289 154 470 260 499
chair 0.0021073520183563232 136 470 270 500
chair 0.0012159943580627441 168 482 251 499
chair 0.0017684698104858398 190 482 263 499
chair 0.0014438629150390625 180 478 291 500
person 0.001560807228088379 184 470 307 500
chair 0.011331260204315186 236 467 304 499
bird 0.1254904866218567 248 2 374 116
pottedplant 0.001069188117980957 233 0 293 18
bottle 0.0020991265773773193 95 378 163 434
person 0.0017547309398651123 190 463 266 499
pottedplant 0.001335442066192627 247 0 302 18
